/*--------------------------------*- C++ -*----------------------------------*\
| =========                 |                                                 |
| \\      /  F ield         | OpenFOAM: The Open Source CFD Toolbox           |
|  \\    /   O peration     | Version:  2.2.x                                 |
|   \\  /    A nd           | Web:      www.OpenFOAM.org                      |
|    \\/     M anipulation  |                                                 |
\*---------------------------------------------------------------------------*/
FoamFile
{
    version     2.0;
    format      ascii;
    class       vectorFieldField;
    location    "0.0002";
    object      collisionRecordsPairData;
}
// * * * * * * * * * * * * * * * * * * * * * * * * * * * * * * * * * * * * * //


2405
(
1((-5.73717e-25 -1.04766e-07 -2.61824e-13))
1((0 -2.30512e-07 -5.76282e-13))
1((0 -6.44159e-09 0))
2((0 -3.10434e-17 4.99614e-08) (0 3.1479e-07 -2.42861e-21))
2((0 3.10434e-17 -4.99614e-08) (0 1.49395e-07 6.07153e-22))
1((0 1.04846e-07 -1.73472e-22))
1((0 1.83319e-07 1.43115e-21))
1((0 0 0))
2((0 0 8.11118e-08) (0 -1.59556e-07 2.77556e-21))
2((0 0 -8.11118e-08) (0 3.16821e-08 1.73472e-22))
2((0 -4.44377e-17 7.15182e-08) (0 1.39171e-07 0))
2((0 4.44377e-17 -7.15182e-08) (0 -1.27021e-07 0))
2((0 -2.66801e-15 1.51813e-06) (0 0 0))
2((0 2.66801e-15 -1.51813e-06) (0 3.54583e-07 0))
2((-3.56478e-34 -2.10221e-16 3.3833e-07) (0 1.74066e-06 3.1225e-21))
2((3.56478e-34 2.10221e-16 -3.3833e-07) (-5.73717e-25 -2.42151e-06 0))
1((0 0 0))
1((0 1.31924e-06 0))
1((0 -6.14876e-07 4.16334e-21))
1((0 1.30013e-07 3.46945e-22))
2((0 0 1.0903e-06) (-5.73717e-25 2.22597e-06 -7.63278e-21))
2((0 0 -1.0903e-06) (0 8.60422e-06 1.49186e-19))
1((0 0 0))
1((0 -1.8089e-06 1.249e-20))
2((0 1.00939e-15 -1.62451e-06) (0 0 0))
2((0 -1.00939e-15 1.62451e-06) (0 -9.14674e-07 0))
1((0 3.34608e-07 0))
1((0 0 0))
2((0 0 -7.89691e-09) (0 -1.05655e-06 1.83013e-20))
2((0 0 7.89691e-09) (0 -1.54833e-06 0))
1((-5.73717e-25 6.43486e-07 -2.25514e-21))
1((0 0 0))
1((0 -1.03003e-06 0))
1((0 4.08026e-07 -2.77556e-21))
2((0 0 7.18659e-07) (0 2.74578e-07 1.9082e-21))
2((0 0 -7.18659e-07) (0 -2.7738e-07 1.9082e-21))
1((0 -8.50688e-07 -1.17961e-20))
2((5.73717e-25 1.04766e-07 2.61824e-13) (0 -1.29299e-13 -5.17033e-08))
3((0 2.30512e-07 5.76282e-13) (0 -1.99896e-07 8.74558e-13) (0 1.29299e-13 5.17033e-08))
1((0 6.44159e-09 0))
2((0 -3.1479e-07 2.42861e-21) (0 2.58176e-07 1.77368e-12))
2((0 -8.72726e-08 1.63538e-13) (0 -1.49395e-07 -6.07153e-22))
3((0 -1.04846e-07 1.73472e-22) (0 -5.58069e-08 -1.04575e-13) (0 6.50521e-22 -6.42487e-08))
4((0 -1.83319e-07 -1.43115e-21) (0 1.40253e-07 -9.64081e-13) (0 -6.50521e-22 6.42487e-08) (0 -2.84017e-13 4.54314e-08))
3((0 0 0) (0 0 0) (0 2.84017e-13 -4.54314e-08))
3((0 2.25514e-21 1.7303e-07) (0 -1.60428e-07 -1.10215e-12) (0 1.59556e-07 -2.77556e-21))
3((0 -2.25514e-21 -1.7303e-07) (0 2.12514e-07 -3.98381e-13) (0 -3.16821e-08 -1.73472e-22))
1((0 -1.39171e-07 0))
1((0 1.27021e-07 0))
2{(0 0 0)}
2((0 -3.54583e-07 0) (0 3.48555e-17 6.70122e-08))
3((0 -1.74066e-06 -3.1225e-21) (0 0 0) (0 -3.48555e-17 -6.70122e-08))
1((5.73717e-25 2.42151e-06 0))
1((0 0 0))
2((0 -1.31924e-06 0) (0 0 0))
3((0 6.14876e-07 -4.16334e-21) (0 -1.33016e-07 -9.1411e-13) (0 -4.85723e-21 -4.75843e-07))
3((0 -1.30013e-07 -3.46945e-22) (0 -3.33675e-07 6.25261e-13) (0 4.85723e-21 4.75843e-07))
3((0 -3.05311e-20 2.43856e-06) (0 -1.63871e-06 -3.07072e-12) (5.73717e-25 -2.22597e-06 7.63278e-21))
3((0 3.05311e-20 -2.43856e-06) (0 2.78063e-06 -1.91091e-11) (0 -8.60422e-06 -1.49186e-19))
1((0 0 0))
3((0 1.8089e-06 -1.249e-20) (0 0 0) (0 -8.32667e-21 -8.67157e-07))
3((0 0 0) (0 0 0) (0 8.32667e-21 8.67157e-07))
1((0 9.14674e-07 0))
1((0 -3.34608e-07 0))
1((0 0 0))
3((0 3.2408e-16 -1.3195e-07) (0 0 0) (0 1.05655e-06 -1.83013e-20))
2((0 -3.2408e-16 1.3195e-07) (0 1.54833e-06 0))
3((5.73717e-25 -6.43486e-07 2.25514e-21) (0 0 0) (0 2.42861e-21 -2.469e-07))
3((0 0 0) (0 1.05543e-06 -7.25311e-12) (0 -2.42861e-21 2.469e-07))
2((0 -7.75443e-07 0) (0 1.03003e-06 0))
2((0 -4.08026e-07 2.77556e-21) (0 1.79784e-07 1.23551e-12))
2((0 3.06305e-07 -5.73975e-13) (0 -2.74578e-07 -1.9082e-21))
3((0 -2.09125e-07 -3.91874e-13) (0 2.7738e-07 -1.9082e-21) (0 7.63278e-21 -5.99436e-07))
3((0 -5.47557e-07 3.76448e-12) (0 8.50688e-07 1.17961e-20) (0 -7.63278e-21 5.99436e-07))
1((1.61682e-27 4.53783e-08 -2.26779e-13))
1((0 1.99896e-07 -8.74558e-13))
1((0 0 0))
2((0 -2.58176e-07 -1.77368e-12) (0 0 0))
2((0 8.72726e-08 -1.63538e-13) (0 0 0))
2((0 0 0) (0 5.58069e-08 1.04575e-13))
2((0 -1.40253e-07 9.64081e-13) (0 -8.84771e-17 6.73025e-08))
3((0 8.84771e-17 -6.73025e-08) (0 0 0) (0 5.20417e-21 4.82904e-07))
2((0 1.60428e-07 1.10215e-12) (0 -5.20417e-21 -4.82904e-07))
2((0 -2.12514e-07 3.98381e-13) (0 -2.49228e-12 3.9892e-07))
3((0 2.49228e-12 -3.9892e-07) (0 1.73472e-21 6.23143e-07) (0 2.51376e-07 1.01448e-16))
1((0 -1.73472e-21 -6.23143e-07))
1((0 0 0))
0()
2((0 0 0) (0 -8.28867e-12 1.32643e-06))
3((0 8.28867e-12 -1.32643e-06) (0 6.245e-21 2.5223e-06) (0 2.50545e-06 1.01113e-15))
2((0 -6.245e-21 -2.5223e-06) (0 -9.44169e-11 -5.81038e-06))
3((0 -8.79138e-11 8.79065e-06) (0 9.44169e-11 5.81038e-06) (0 0 0))
2((0 1.33016e-07 9.1411e-13) (0 8.79138e-11 -8.79065e-06))
2((0 3.33675e-07 -6.25261e-13) (0 3.93007e-15 -2.98954e-06))
2((0 -3.93007e-15 2.98954e-06) (0 1.63871e-06 3.07072e-12))
2((0 -2.78063e-06 1.91091e-11) (0 1.62304e-10 -5.19737e-06))
3((0 -1.62304e-10 5.19737e-06) (0 0 0) (0 0 0))
2{(0 0 0)}
2((0 0 0) (0 1.50248e-11 -2.40441e-06))
3((0 -1.50248e-11 2.40441e-06) (0 1.73472e-21 -5.2468e-07) (0 -1.846e-06 -7.44988e-16))
3((0 -5.4225e-12 -8.67597e-07) (0 -1.73472e-21 5.2468e-07) (0 -2.94906e-06 2.56083e-15))
2((0 5.4225e-12 8.67597e-07) (0 3.88234e-15 -1.58069e-06))
2((0 -3.88234e-15 1.58069e-06) (0 0 0))
2((0 -7.22074e-12 -1.15553e-06) (0 -1.70815e-06 6.89357e-16))
2((0 7.22074e-12 1.15553e-06) (0 0 0))
2((0 -1.05543e-06 7.25311e-12) (0 3.19355e-12 -8.51725e-07))
3((0 -3.19355e-12 8.51725e-07) (0 7.75443e-07 0) (0 -4.35586e-12 -1.16172e-06))
2((0 -1.79784e-07 -1.23551e-12) (0 4.35586e-12 1.16172e-06))
2((0 -3.06305e-07 5.73975e-13) (0 0 1.65994e-06))
2((0 0 -1.65994e-06) (0 2.09125e-07 3.91874e-13))
1((0 5.47557e-07 -3.76448e-12))
1((-1.61682e-27 -4.53783e-08 2.26779e-13))
0()
0()
1((0 0 -5.31842e-07))
1((0 0 5.31842e-07))
0()
0()
0()
1((0 0 3.3163e-07))
1((0 0 -3.3163e-07))
2((0 0 7.64303e-07) (0 -2.51376e-07 -1.01448e-16))
1((0 0 -7.64303e-07))
1((0 0 4.20891e-06))
1((0 0 -4.20891e-06))
1((0 0 1.3603e-06))
2((0 0 -1.3603e-06) (0 -2.50545e-06 -1.01113e-15))
0()
2((0 -1.01889e-13 5.1855e-06) (0 1.01719e-08 0))
1((0 1.01889e-13 -5.1855e-06))
0()
1((0 0 3.60284e-07))
1((0 0 -3.60284e-07))
2((0 0 0) (0 -2.41356e-06 0))
0()
1((0 0 -2.43522e-06))
2((0 0 2.43522e-06) (0 1.846e-06 7.44988e-16))
1((0 2.94906e-06 -2.56083e-15))
0()
1((0 0 -1.10758e-06))
2((0 0 1.10758e-06) (0 1.70815e-06 -6.89357e-16))
0()
0()
0()
0()
1((0 0 2.03487e-06))
1((0 0 -2.03487e-06))
0()
1((0 0 1.00245e-07))
2((0 0 9.04838e-09) (0 0 -1.00245e-07))
1((0 0 -9.04838e-09))
1((0 0 -1.83718e-07))
1((0 0 1.83718e-07))
0()
0()
0()
1((0 0 4.57672e-07))
1((0 0 -4.57672e-07))
1((0 0 7.78714e-07))
1((0 0 -7.78714e-07))
1((0 0 3.52057e-06))
1((0 0 -3.52057e-06))
1((0 0 9.41352e-07))
1((0 0 -9.41352e-07))
0()
1((0 -1.01719e-08 0))
0()
0()
1((0 0 -1.79118e-06))
1((0 0 1.79118e-06))
1((0 2.41356e-06 0))
0()
1((0 0 -2.48227e-06))
1((0 0 2.48227e-06))
0()
0()
1((0 0 -1.27903e-06))
1((0 0 1.27903e-06))
0()
0()
0()
0()
1((0 0 1.90537e-06))
1((0 0 -1.90537e-06))
0()
0()
1((0 3.49147e-08 3.90313e-22))
0()
2((0 0 -1.65392e-07) (0 -8.42177e-08 1.43115e-21))
2((0 0 1.65392e-07) (0 -4.29977e-08 -1.73472e-22))
1((0 -4.79491e-08 2.1684e-22))
1((0 -8.6512e-08 -1.42573e-21))
0()
1((0 0 5.48752e-07))
2((0 0 -5.48752e-07) (0 2.44204e-07 1.30104e-21))
2((0 0 8.08336e-07) (0 4.74855e-07 -2.47198e-21))
1((0 0 -8.08336e-07))
2((0 0 3.32413e-06) (0 0 0))
2((0 0 -3.32413e-06) (0 1.70106e-06 -2.94903e-20))
2((0 0 1.18005e-07) (0 0 0))
2((0 0 -1.18005e-07) (0 2.08943e-06 -1.0842e-20))
1((0 0 0))
1((0 0 1.23732e-06))
2((0 0 -1.23732e-06) (0 -7.01437e-07 1.249e-20))
1((0 -8.95467e-07 -3.1225e-21))
2((0 0 -1.95085e-06) (0 -1.94564e-06 6.76542e-21))
1((0 0 1.95085e-06))
0()
1((0 0 0))
2((0 0 -3.03539e-06) (0 -2.46813e-06 -8.58688e-21))
2((0 0 3.03539e-06) (0 -2.02247e-06 7.02563e-21))
1((0 0 0))
0()
2((0 0 -1.17969e-06) (0 0 0))
2((0 0 1.17969e-06) (0 0 0))
1((0 -1.88919e-06 6.54858e-21))
1((0 0 0))
0()
1((0 -3.77416e-07 5.55112e-21))
2((0 0 5.14266e-06) (0 -4.15517e-07 -2.77556e-21))
2((0 0 -5.14266e-06) (0 -3.44638e-07 2.42861e-21))
1((0 -6.07377e-07 -8.32667e-21))
1((0 2.62563e-16 1.06903e-07))
3((0 5.8625e-09 -2.5608e-14) (0 -3.49147e-08 -3.90313e-22) (0 -2.62563e-16 -1.06903e-07))
2((0 1.65158e-07 1.85689e-12) (0 1.34404e-13 3.58386e-08))
4((0 -2.90566e-21 -2.2247e-07) (0 -7.41075e-08 -5.09492e-13) (0 8.42177e-08 -1.43115e-21) (0 -1.34404e-13 -3.58386e-08))
3((0 2.90566e-21 2.2247e-07) (0 -2.39488e-08 4.48769e-14) (0 4.29977e-08 1.73472e-22))
3((0 -2.20449e-08 -4.13093e-14) (0 4.79491e-08 -2.1684e-22) (0 1.25767e-21 -9.66655e-08))
3((0 -2.41118e-08 1.6565e-13) (0 8.6512e-08 1.42573e-21) (0 -1.25767e-21 9.66655e-08))
2((0 4.14215e-07 2.58681e-12) (0 2.72685e-12 7.27587e-07))
2((0 1.02513e-15 4.17383e-07) (0 -2.72685e-12 -7.27587e-07))
3((0 -1.02513e-15 -4.17383e-07) (0 0 0) (0 -2.44204e-07 -1.30104e-21))
3((0 -1.79014e-15 7.28857e-07) (0 0 0) (0 -4.74855e-07 2.47198e-21))
1((0 1.79014e-15 -7.28857e-07))
2{(0 0 0)}
3((0 0 0) (0 -1.70106e-06 2.94903e-20) (0 1.59595e-20 1.2276e-06))
3((0 0 0) (0 0 0) (0 -1.59595e-20 -1.2276e-06))
3((0 0 0) (0 -2.08943e-06 1.0842e-20) (0 -2.01228e-20 1.55534e-06))
4((0 0 0) (0 0 0) (0 2.01228e-20 -1.55534e-06) (0 0 0))
2((0 -1.91311e-07 1.19497e-12) (0 0 0))
3((0 1.43806e-07 9.8796e-13) (0 7.01437e-07 -1.249e-20) (0 -5.20417e-20 -4.01739e-06))
3((0 0 0) (0 8.95467e-07 3.1225e-21) (0 5.20417e-20 4.01739e-06))
3((0 4.82738e-15 -1.96547e-06) (0 0 0) (0 1.94564e-06 -6.76542e-21))
1((0 -4.82738e-15 1.96547e-06))
2((0 0 0) (0 -6.62434e-12 -2.30612e-07))
4((0 0 0) (0 0 0) (0 6.62434e-12 2.30612e-07) (0 -2.05565e-20 -1.58181e-06))
3((0 0 0) (0 2.46813e-06 8.58688e-21) (0 2.05565e-20 1.58181e-06))
3((0 0 0) (0 2.02247e-06 -7.02563e-21) (0 8.32667e-21 -6.41609e-07))
3((0 0 0) (0 0 0) (0 -8.32667e-21 6.41609e-07))
0()
3((0 -1.16226e-20 -8.90883e-07) (0 0 0) (0 0 0))
3((0 1.16226e-20 8.90883e-07) (0 0 0) (0 0 0))
3((0 0 0) (0 1.88919e-06 -6.54858e-21) (0 2.29309e-20 -1.76276e-06))
4((0 0 0) (0 0 0) (0 -2.29309e-20 1.76276e-06) (0 4.62315e-12 -1.23276e-06))
2((0 -1.41741e-06 8.85345e-12) (0 -4.62315e-12 1.23276e-06))
3((0 -1.45346e-06 -9.98538e-12) (0 3.77416e-07 -5.55112e-21) (0 1.52656e-20 1.17222e-06))
3((0 -8.22947e-08 1.5421e-13) (0 4.15517e-07 2.77556e-21) (0 -1.52656e-20 -1.17222e-06))
3((0 -1.08841e-07 -2.03955e-13) (0 3.44638e-07 -2.42861e-21) (0 -5.55112e-21 4.26462e-07))
3((0 -3.74029e-07 2.57146e-12) (0 6.07377e-07 8.32667e-21) (0 5.55112e-21 -4.26462e-07))
1((0 1.82009e-09 -4.54863e-15))
2((0 -5.8625e-09 2.5608e-14) (0 1.10589e-21 8.01401e-08))
2((0 -1.65158e-07 -1.85689e-12) (0 -1.10589e-21 -8.01401e-08))
1((0 7.41075e-08 5.09492e-13))
2((0 2.39488e-08 -4.48769e-14) (0 0 0))
2((0 0 0) (0 2.20449e-08 4.13093e-14))
2((0 2.41118e-08 -1.6565e-13) (0 0 0))
2((0 -4.14215e-07 -2.58681e-12) (0 0 0))
0()
2{(0 0 0)}
2{(0 0 0)}
1((0 2.22267e-11 8.89769e-07))
3((0 0 0) (0 0 0) (0 -2.22267e-11 -8.89769e-07))
2{(0 0 0)}
2((0 0 0) (0 0 -3.39283e-07))
2((0 0 3.39283e-07) (0 0 0))
2{(0 0 0)}
3((0 0 0) (0 1.91311e-07 -1.19497e-12) (0 0 0))
2((0 -1.43806e-07 -9.8796e-13) (0 0 0))
2{(0 0 0)}
2{(0 0 0)}
2((0 -1.23353e-11 -1.98235e-06) (0 -7.3068e-07 6.34489e-16))
3((0 0 0) (0 1.23353e-11 1.98235e-06) (0 4.88626e-15 1.95419e-07))
2((0 -4.88626e-15 -1.95419e-07) (0 0 0))
2{(0 0 0)}
2{(0 0 0)}
2{(0 0 0)}
3{(0 0 0)}
2{(0 0 0)}
2{(0 0 0)}
2{(0 0 0)}
2{(0 0 0)}
3((0 0 0) (0 1.41741e-06 -8.85345e-12) (0 0 0))
2((0 1.45346e-06 9.98538e-12) (0 0 0))
2((0 8.22947e-08 -1.5421e-13) (0 0 0))
2((0 0 0) (0 1.08841e-07 2.03955e-13))
1((0 3.74029e-07 -2.57146e-12))
2((0 -3.91053e-08 0) (0 -1.82009e-09 4.54863e-15))
1((0 -8.61328e-08 -5.35184e-17))
0()
2((0 0 -1.25613e-07) (0 3.64815e-09 0))
2((0 0 1.25613e-07) (0 -9.94381e-09 0))
1((0 7.9862e-08 0))
1((0 1.74407e-07 0))
1((0 1.12813e-07 0))
2((0 0 2.4143e-07) (0 2.55138e-07 0))
2((0 0 -2.4143e-07) (0 2.91509e-07 0))
2((0 0 4.87666e-07) (0 1.33853e-07 0))
2((0 0 -4.87666e-07) (0 3.64982e-08 0))
2((0 0 3.70351e-06) (0 5.22375e-07 0))
2((0 0 -3.70351e-06) (0 6.6653e-07 0))
2((0 0 -2.92229e-07) (0 1.01456e-06 0))
2((0 0 2.92229e-07) (0 4.90075e-07 0))
1((0 -1.00624e-07 0))
2((0 0 7.68143e-06) (0 8.78524e-07 0))
2((0 0 -7.68143e-06) (0 -9.25759e-08 0))
1((0 -9.01619e-07 0))
2((0 0 -1.9428e-06) (0 -5.41208e-07 0))
3((0 0 1.9428e-06) (0 -2.39253e-07 0) (0 7.3068e-07 -6.34489e-16))
1((0 -9.76046e-07 0))
1((0 -9.09198e-07 0))
2((0 0 -2.52807e-06) (0 -9.07529e-07 0))
2((0 0 2.52807e-06) (0 -5.37437e-07 0))
1((0 -4.14842e-07 0))
2{(0 0 0)}
2((0 0 -6.96883e-07) (0 -1.0593e-06 0))
2((0 0 6.96883e-07) (0 -1.08597e-06 0))
1((0 -1.10783e-06 0))
1((0 -1.67026e-06 0))
1((0 -1.7659e-06 0))
1((0 -1.25996e-06 0))
2((0 0 7.65929e-06) (0 -7.10218e-07 0))
2((0 0 -7.65929e-06) (0 2.34279e-07 0))
1((0 5.58442e-07 0))
2((0 3.91053e-08 0) (0 0 3.16495e-08))
3((0 8.61328e-08 5.35184e-17) (0 0 5.55568e-08) (0 0 -3.16495e-08))
1((0 0 -5.55568e-08))
2((0 -3.64815e-09 0) (0 0 -4.07605e-08))
2((0 9.94381e-09 0) (0 0 4.07605e-08))
1((0 -7.9862e-08 0))
1((0 -1.74407e-07 0))
1((0 -1.12813e-07 0))
2((0 -2.55138e-07 0) (0 0 3.45476e-07))
2((0 -2.91509e-07 0) (0 0 -3.45476e-07))
2((0 -1.33853e-07 0) (0 0 4.68625e-07))
2((0 -3.64982e-08 0) (0 0 -4.68625e-07))
2((0 -5.22375e-07 0) (0 0 2.95276e-06))
2((0 0 -2.95276e-06) (0 -6.6653e-07 0))
2((0 -1.01456e-06 0) (0 0 -2.59697e-07))
2((0 0 2.59697e-07) (0 -4.90075e-07 0))
1((0 1.00624e-07 0))
2((0 -8.78524e-07 0) (0 0 1.47346e-06))
2((0 9.25759e-08 0) (0 0 -1.47346e-06))
1((0 9.01619e-07 0))
2((0 5.41208e-07 0) (0 0 -2.02255e-06))
2((0 2.39253e-07 0) (0 0 2.02255e-06))
1((0 9.76046e-07 0))
1((0 9.09198e-07 0))
2((0 9.07529e-07 0) (0 0 -2.08355e-06))
2((0 0 2.08355e-06) (0 5.37437e-07 0))
1((0 4.14842e-07 0))
1((0 0 0))
2((0 1.0593e-06 0) (0 0 -7.37597e-07))
2((0 1.08597e-06 0) (0 0 7.37597e-07))
1((0 1.10783e-06 0))
1((0 1.67026e-06 0))
1((0 1.7659e-06 0))
1((0 1.25996e-06 0))
2((0 7.10218e-07 0) (0 0 5.91937e-06))
2((0 0 -5.91937e-06) (0 -2.34279e-07 0))
1((0 -5.58442e-07 0))
2((0 -1.86767e-07 0) (0 1.19907e-17 4.54856e-08))
2((0 -3.82538e-07 0) (0 -1.19907e-17 -4.54856e-08))
0()
2((0 0 -4.42464e-08) (0 -9.43057e-08 0))
2((0 0 4.42464e-08) (0 6.70079e-10 0))
1((0 4.66923e-07 0))
1((0 8.45957e-07 0))
1((0 3.20002e-08 0))
2((0 0 2.79651e-07) (0 2.8345e-07 0))
2((0 0 -2.79651e-07) (0 1.33495e-07 0))
2((0 0 4.7463e-07) (0 -2.13941e-08 0))
2((0 0 -4.7463e-07) (0 -1.47485e-08 0))
2((0 0 1.54907e-06) (0 -1.06124e-06 0))
2((0 0 -1.54907e-06) (0 -1.24951e-08 0))
2((0 0 -8.71477e-07) (0 -7.61383e-08 0))
2((0 0 8.71477e-07) (0 -1.94905e-08 0))
1((0 5.02205e-08 0))
2((0 0 -1.84665e-06) (0 -4.03503e-07 0))
2((0 0 1.84665e-06) (0 -1.3745e-07 2.42861e-21))
1((0 -4.5457e-07 0))
2((0 0 -1.76558e-06) (0 -2.98957e-07 0))
2((0 0 1.76558e-06) (0 -1.04206e-07 0))
1((0 -2.22544e-07 0))
1((0 -1.93561e-07 0))
2((0 0 1.12044e-06) (0 -1.10309e-07 -3.90313e-22))
2((0 0 -1.12044e-06) (0 -8.33177e-08 0))
1((0 -1.70374e-07 0))
1((0 -8.03473e-08 0))
2((0 0 -6.71609e-07) (0 -4.58912e-07 0))
2((0 0 6.71609e-07) (0 -6.63828e-07 0))
1((0 -1.05672e-06 0))
1((0 -1.84675e-06 0))
1((0 -1.47963e-06 0))
1((0 -1.49014e-06 0))
2((0 0 4.12951e-06) (0 -7.61451e-07 0))
2((0 0 -4.12951e-06) (0 4.07705e-07 0))
1((0 9.90428e-07 0))
3((0 1.86767e-07 0) (0 2.05128e-17 7.78134e-08) (0 -2.53751e-08 1.26853e-13))
2((0 3.82538e-07 0) (0 -2.05128e-17 -7.78134e-08))
1((0 3.8905e-08 -2.41742e-17))
2((0 9.43057e-08 0) (0 0 1.25683e-09))
2((0 -6.70079e-10 0) (0 0 -1.25683e-09))
1((0 -4.66923e-07 0))
1((0 -8.45957e-07 0))
1((0 -3.20002e-08 0))
2((0 -2.8345e-07 0) (0 0 2.1822e-07))
2((0 -1.33495e-07 0) (0 0 -2.1822e-07))
2((0 2.13941e-08 0) (0 0 4.28976e-07))
2((0 1.47485e-08 0) (0 0 -4.28976e-07))
2((0 1.06124e-06 0) (0 0 -1.34045e-07))
2((0 1.24951e-08 0) (0 0 1.34045e-07))
2((0 7.61383e-08 0) (0 0 -1.0825e-06))
2((0 0 1.0825e-06) (0 1.94905e-08 0))
1((0 -5.02205e-08 0))
2((0 4.03503e-07 0) (0 1.85168e-07 5.79178e-13))
3((0 1.3745e-07 -2.42861e-21) (0 -1.86412e-07 -1.28106e-12) (0 3.79495e-17 -1.54513e-08))
2((0 4.5457e-07 0) (0 -3.79495e-17 1.54513e-08))
2((0 2.98957e-07 0) (0 0 -1.73105e-06))
2((0 1.04206e-07 0) (0 0 1.73105e-06))
1((0 2.22544e-07 0))
2((0 1.93561e-07 0) (0 9.57461e-17 3.89831e-08))
3((0 1.10309e-07 3.90313e-22) (0 2.66145e-09 -4.98917e-15) (0 -9.57461e-17 -3.89831e-08))
1((0 8.33177e-08 0))
1((0 1.70374e-07 0))
1((0 8.03473e-08 0))
2((0 4.58912e-07 0) (0 0 -5.02012e-07))
2((0 6.63828e-07 0) (0 0 5.02012e-07))
1((0 1.05672e-06 0))
1((0 1.84675e-06 0))
1((0 1.47963e-06 0))
1((0 1.49014e-06 0))
2((0 7.61451e-07 0) (0 0 5.71091e-06))
2((0 0 -5.71091e-06) (0 -4.07705e-07 0))
1((0 -9.90428e-07 0))
2((0 2.53751e-08 -1.26853e-13) (0 0 1.02061e-07))
2((0 -2.13324e-14 1.08569e-06) (0 0 -1.02061e-07))
4((0 2.13324e-14 -1.08569e-06) (0 -3.8905e-08 2.41742e-17) (0 4.3419e-08 2.69783e-17) (0 -2.20589e-15 -1.12266e-07))
3((0 0 9.48449e-08) (0 1.32425e-07 0) (0 2.20589e-15 1.12266e-07))
2((0 0 -9.48449e-08) (0 9.87011e-08 0))
1((0 1.56544e-07 0))
1((0 -3.18167e-07 0))
1((0 8.01258e-07 0))
2((0 0 9.11626e-08) (0 -1.15732e-07 0))
2((0 0 -9.11626e-08) (0 -1.069e-08 0))
2((0 0 3.10152e-07) (0 -3.28778e-08 0))
2((0 0 -3.10152e-07) (0 -1.42238e-08 0))
2((0 0 -3.79044e-07) (0 3.90363e-09 0))
2((0 0 3.79044e-07) (0 -5.76682e-08 0))
2((0 0 -1.06597e-06) (0 -1.40304e-07 0))
2((0 0 1.06597e-06) (0 -1.0844e-07 0))
2((0 -3.51972e-07 0) (0 0 0))
3((0 0 0) (0 0 0) (0 -1.85168e-07 -5.79178e-13))
2((0 1.86412e-07 1.28106e-12) (0 0 0))
1((0 -7.90262e-07 0))
2((0 0 -1.68368e-06) (0 -5.04597e-07 0))
2((0 0 1.68368e-06) (0 -4.20747e-07 0))
1((0 -2.62244e-07 0))
1((0 -1.32599e-07 0))
2((0 -2.66145e-09 4.98917e-15) (0 0 0))
3((0 0 0) (0 -1.22638e-08 -4.9493e-18) (0 2.60209e-22 1.29004e-07))
2((0 1.65938e-08 0) (0 -2.60209e-22 -1.29004e-07))
1((0 -1.97169e-07 0))
2((0 0 -3.6925e-07) (0 -4.53007e-07 0))
2((0 0 3.6925e-07) (0 -1.817e-06 0))
1((0 -1.95536e-06 0))
1((0 -1.329e-06 0))
1((0 -1.52389e-06 0))
1((0 -8.38677e-07 0))
2((0 0 5.2194e-06) (0 2.65881e-08 0))
2((0 0 -5.2194e-06) (0 -2.10043e-07 0))
1((0 -7.67047e-07 0))
0()
0()
1((0 -4.3419e-08 -2.69783e-17))
2((0 -1.32425e-07 0) (0 0 1.32214e-07))
2((0 -9.87011e-08 0) (0 0 -1.32214e-07))
1((0 -1.56544e-07 0))
1((0 3.18167e-07 0))
2((0 -8.01258e-07 0) (0 5.09813e-08 0))
2((0 1.15732e-07 0) (0 0 1.08316e-08))
2((0 1.069e-08 0) (0 0 -1.08316e-08))
2((0 3.28778e-08 0) (0 0 2.21999e-07))
2((0 1.42238e-08 0) (0 0 -2.21999e-07))
2((0 -3.90363e-09 0) (0 0 -2.40561e-07))
2((0 5.76682e-08 0) (0 0 2.40561e-07))
2((0 1.40304e-07 0) (0 0 -1.04929e-06))
2((0 0 1.04929e-06) (0 1.0844e-07 0))
1((0 3.51972e-07 0))
1((0 0 -2.8146e-06))
1((0 0 2.8146e-06))
1((0 7.90262e-07 0))
2((0 5.04597e-07 0) (0 0 -1.28685e-06))
2((0 4.20747e-07 0) (0 0 1.28685e-06))
1((0 2.62244e-07 0))
1((0 1.32599e-07 0))
1((0 0 1.49581e-06))
2((0 0 -1.49581e-06) (0 1.22638e-08 4.9493e-18))
1((0 -1.65938e-08 0))
1((0 1.97169e-07 0))
2((0 4.53007e-07 0) (0 0 -3.04955e-07))
2((0 1.817e-06 0) (0 0 3.04955e-07))
1((0 1.95536e-06 0))
1((0 1.329e-06 0))
1((0 1.52389e-06 0))
1((0 8.38677e-07 0))
2((0 -2.65881e-08 0) (0 0 4.72736e-06))
2((0 0 -4.72736e-06) (0 2.10043e-07 0))
1((0 7.67047e-07 0))
1((0 1.00195e-06 0))
1((0 9.99869e-07 0))
1((0 5.94739e-07 0))
2((0 8.48484e-07 0) (0 0 1.32935e-07))
2((0 0 -1.32935e-07) (0 8.72039e-07 0))
1((0 -1.39385e-06 0))
1((0 -1.39387e-06 0))
2((0 -9.22028e-07 0) (0 -5.09813e-08 0))
2((0 -1.06513e-06 0) (0 0 1.5257e-08))
2((0 0 -1.5257e-08) (0 -1.09147e-06 0))
2((0 -1.66954e-07 0) (0 0 2.04679e-07))
2((0 0 -2.04679e-07) (0 -1.81326e-07 0))
2((0 -1.8007e-07 0) (0 0 5.09759e-08))
2((0 0 -5.09759e-08) (0 -3.8288e-07 0))
2((0 0 -1.14066e-06) (0 -3.95789e-07 0))
2((0 0 1.14066e-06) (0 -1.42017e-06 0))
1((0 -1.42885e-06 0))
2((0 -4.35088e-07 0) (0 0 -1.27905e-06))
2((0 0 1.27905e-06) (0 -2.49277e-06 0))
1((0 -2.5305e-06 0))
2((0 -6.09398e-06 0) (0 0 -1.06976e-06))
2((0 0 1.06976e-06) (0 -5.59504e-06 0))
1((0 -3.86706e-06 0))
1((0 4.4773e-07 0))
2((0 0 1.25354e-06) (0 5.67404e-07 0))
2((0 0 -1.25354e-06) (0 3.94607e-06 0))
1((0 3.66571e-06 0))
1((0 -1.01291e-06 0))
2((0 -1.08686e-06 0) (0 0 -2.16203e-07))
2((0 0 2.16203e-07) (0 -8.25262e-07 0))
1((0 -7.47336e-06 0))
1((0 -7.2945e-06 0))
1((0 -5.23983e-06 0))
1((0 -2.467e-06 0))
2((0 0 3.00765e-06) (0 -2.15459e-06 0))
2((0 0 -3.00765e-06) (0 1.32148e-06 0))
1((0 1.23272e-06 0))
1((0 -1.00195e-06 0))
2((0 -9.99869e-07 0) (0 8.75941e-08 2.18985e-13))
2((0 -5.94739e-07 0) (0 1.84972e-08 0))
3((0 -8.48484e-07 0) (0 0 1.55697e-07) (0 3.36459e-07 0))
3((0 -8.72039e-07 0) (0 0 -1.55697e-07) (0 1.81825e-07 0))
2((0 1.39385e-06 0) (0 -1.1729e-07 0))
2((0 1.39387e-06 0) (0 -2.31863e-07 0))
2((0 9.22028e-07 0) (0 -6.38921e-07 0))
3((0 1.06513e-06 0) (0 0 5.2058e-08) (0 -3.07155e-07 0))
3((0 1.09147e-06 0) (0 0 -5.2058e-08) (0 -1.76786e-07 0))
3((0 1.66954e-07 0) (0 0 2.10062e-07) (0 -8.12246e-08 0))
3((0 1.81326e-07 0) (0 0 -2.10062e-07) (0 -1.52055e-07 -2.64545e-21))
3((0 1.8007e-07 0) (0 0 2.09653e-07) (0 -6.00584e-09 0))
3((0 3.8288e-07 0) (0 0 -2.09653e-07) (0 -2.95558e-07 0))
3((0 3.95789e-07 0) (0 0 -1.17693e-06) (0 -2.49864e-07 0))
3((0 1.42017e-06 0) (0 0 1.17693e-06) (0 -4.63093e-07 0))
2((0 1.42885e-06 0) (0 -7.55547e-07 0))
3((0 4.35088e-07 0) (0 0 4.1751e-07) (0 -4.63376e-07 0))
3((0 0 -4.1751e-07) (0 2.49277e-06 0) (0 -1.14352e-06 1.97758e-20))
2((0 2.5305e-06 0) (0 -1.1185e-06 0))
3((0 6.09398e-06 0) (0 0 -1.3358e-06) (0 -2.96897e-06 0))
3((0 5.59504e-06 0) (0 0 1.3358e-06) (0 -4.50735e-06 0))
2((0 3.86706e-06 0) (0 -4.1825e-07 0))
2((0 -4.4773e-07 0) (0 3.2553e-07 0))
3((0 -5.67404e-07 0) (0 0 2.68072e-06) (0 3.52666e-07 0))
3((0 -3.94607e-06 0) (0 0 -2.68072e-06) (0 1.63962e-06 0))
2((0 -3.66571e-06 0) (0 2.53232e-06 0))
2((0 1.01291e-06 0) (0 -1.90974e-07 0))
3((0 1.08686e-06 0) (0 0 8.51413e-08) (0 -8.48935e-07 0))
3((0 8.25262e-07 0) (0 0 -8.51413e-08) (0 -1.50758e-06 0))
2((0 7.47336e-06 0) (0 -5.64809e-06 0))
2((0 7.2945e-06 0) (0 -9.06388e-06 0))
2((0 5.23983e-06 0) (0 -1.66581e-06 0))
2((0 2.467e-06 0) (0 -2.01099e-06 0))
3((0 2.15459e-06 0) (0 0 1.76793e-06) (0 -2.51912e-07 0))
3((0 -1.32148e-06 0) (0 0 -1.76793e-06) (0 1.92683e-07 0))
2((0 -1.23272e-06 0) (0 1.00767e-06 0))
1((0 1.18504e-16 4.35725e-08))
3((0 6.09954e-08 -2.66835e-13) (0 -8.75941e-08 -2.18985e-13) (0 -1.18504e-16 -4.35725e-08))
1((0 -1.84972e-08 0))
2((0 -3.36459e-07 0) (0 0 1.91156e-07))
2((0 -1.81825e-07 0) (0 0 -1.91156e-07))
1((0 1.1729e-07 0))
1((0 2.31863e-07 0))
1((0 6.38921e-07 0))
2((0 3.07155e-07 0) (0 0 1.11916e-07))
2((0 1.76786e-07 0) (0 0 -1.11916e-07))
2((0 8.12246e-08 0) (0 4.97839e-16 2.02696e-07))
3((0 1.52055e-07 2.64545e-21) (0 -4.97839e-16 -2.02696e-07) (0 -8.54873e-08 5.87487e-13))
3((0 6.00584e-09 0) (0 0 2.24794e-07) (0 -4.16679e-09 1.30331e-14))
2((0 2.95558e-07 0) (0 0 -2.24794e-07))
2((0 2.49864e-07 0) (0 0 -1.05837e-06))
2((0 0 1.05837e-06) (0 4.63093e-07 0))
1((0 7.55547e-07 0))
1((0 4.63376e-07 0))
3((0 1.14352e-06 -1.97758e-20) (0 0 0) (0 6.03657e-16 -2.45781e-07))
2((0 1.1185e-06 0) (0 -6.03657e-16 2.45781e-07))
2((0 2.96897e-06 0) (0 0 -1.07777e-06))
2((0 4.50735e-06 0) (0 0 1.07777e-06))
1((0 4.1825e-07 0))
1((0 -3.2553e-07 0))
2((0 -3.52666e-07 0) (0 0 4.19181e-06))
2((0 0 -4.19181e-06) (0 -1.63962e-06 0))
1((0 -2.53232e-06 0))
1((0 1.90974e-07 0))
2((0 8.48935e-07 0) (0 0 3.89154e-07))
2((0 1.50758e-06 0) (0 0 -3.89154e-07))
1((0 5.64809e-06 0))
1((0 9.06388e-06 0))
1((0 1.66581e-06 0))
1((0 2.01099e-06 0))
2((0 2.51912e-07 0) (0 0 1.42561e-06))
2((0 0 -1.42561e-06) (0 -1.92683e-07 0))
1((0 -1.00767e-06 0))
1((0 2.53603e-09 -6.33785e-15))
2((0 -6.09954e-08 2.66835e-13) (0 0 0))
3((0 0 0) (0 -2.67535e-07 -1.07974e-16) (0 3.46945e-22 8.46655e-08))
3((0 0 2.26302e-07) (0 -1.23404e-07 0) (0 -3.46945e-22 -8.46655e-08))
2((0 0 -2.26302e-07) (0 5.07482e-09 0))
1((0 -1.46883e-08 0))
1((0 5.50175e-08 0))
1((0 -3.94724e-08 0))
2((0 0 1.14885e-07) (0 8.19066e-08 0))
2((0 0 -1.14885e-07) (0 -2.25205e-08 0))
1((0 -3.09348e-08 0))
2((0 8.54873e-08 -5.87487e-13) (0 0 0))
3((0 0 0) (0 -1.43442e-12 2.29515e-07) (0 4.16679e-09 -1.30331e-14))
2((0 1.43442e-12 -2.29515e-07) (0 4.93611e-08 0))
2((0 0 -1.11854e-06) (0 -1.97343e-07 0))
2((0 0 1.11854e-06) (0 -2.06456e-07 0))
2((0 -2.20405e-07 0) (0 2.08167e-21 -1.21248e-07))
3((0 2.96877e-12 4.75187e-07) (0 -5.16984e-07 1.46491e-15) (0 -2.08167e-21 1.21248e-07))
2((0 -2.96877e-12 -4.75187e-07) (0 0 0))
1((0 -1.25462e-06 0))
2((0 0 -3.03002e-07) (0 -1.36852e-06 0))
2((0 0 3.03002e-07) (0 1.41971e-06 0))
1((0 -5.31054e-07 0))
1((0 -2.19444e-07 0))
2((0 0 4.82573e-06) (0 6.01138e-07 0))
2((0 0 -4.82573e-06) (0 1.04377e-06 0))
1((0 -1.12407e-06 0))
1((0 -2.21923e-07 0))
2((0 0 1.17084e-06) (0 -8.84364e-07 0))
2((0 0 -1.17084e-06) (0 -2.59541e-06 0))
1((0 -3.47615e-06 0))
1((0 3.15029e-07 0))
1((0 -3.03493e-06 0))
1((0 -9.98702e-07 0))
2((0 0 5.26601e-07) (0 -6.31407e-07 0))
2((0 0 -5.26601e-07) (0 3.32486e-07 0))
1((0 -5.42398e-07 0))
1((0 -2.53603e-09 6.33785e-15))
0()
1((0 2.67535e-07 1.07974e-16))
2((0 1.23404e-07 0) (0 0 2.34936e-07))
2((0 -5.07482e-09 0) (0 0 -2.34936e-07))
1((0 1.46883e-08 0))
1((0 -5.50175e-08 0))
1((0 3.94724e-08 0))
2((0 -8.19066e-08 0) (0 0 -2.77388e-09))
2((0 2.25205e-08 0) (0 0 2.77388e-09))
2((0 3.09348e-08 0) (0 0 2.73565e-07))
1((0 0 -2.73565e-07))
1((0 0 1.8586e-06))
2((0 0 -1.8586e-06) (0 -4.93611e-08 0))
2((0 1.97343e-07 0) (0 0 -1.17889e-06))
2((0 0 1.17889e-06) (0 2.06456e-07 0))
1((0 2.20405e-07 0))
2((0 5.16984e-07 -1.46491e-15) (0 0 8.28146e-07))
1((0 0 -8.28146e-07))
1((0 1.25462e-06 0))
2((0 1.36852e-06 0) (0 0 -5.76191e-07))
2((0 -1.41971e-06 0) (0 0 5.76191e-07))
1((0 5.31054e-07 0))
1((0 2.19444e-07 0))
2((0 -6.01138e-07 0) (0 0 5.45879e-06))
2((0 0 -5.45879e-06) (0 -1.04377e-06 0))
1((0 1.12407e-06 0))
1((0 2.21923e-07 0))
2((0 8.84364e-07 0) (0 0 1.99874e-06))
2((0 2.59541e-06 0) (0 0 -1.99874e-06))
1((0 3.47615e-06 0))
1((0 -3.15029e-07 0))
1((0 3.03493e-06 0))
1((0 9.98702e-07 0))
2((0 6.31407e-07 0) (0 0 1.75756e-07))
2((0 0 -1.75756e-07) (0 -3.32486e-07 0))
1((0 5.42398e-07 0))
0()
0()
0()
1((0 0 2.23866e-07))
1((0 0 -2.23866e-07))
0()
0()
0()
1((0 0 -1.08413e-07))
1((0 0 1.08413e-07))
1((0 0 3.14865e-07))
1((0 0 -3.14865e-07))
1((0 0 2.07404e-06))
1((0 0 -2.07404e-06))
1((0 0 -1.17182e-06))
1((0 0 1.17182e-06))
0()
1((0 0 1.55755e-06))
1((0 0 -1.55755e-06))
0()
1((0 0 -1.08198e-06))
1((0 0 1.08198e-06))
0()
0()
1((0 0 4.02216e-06))
1((0 0 -4.02216e-06))
0()
0()
1((0 0 2.4466e-06))
1((0 0 -2.4466e-06))
0()
0()
0()
0()
1((0 0 -5.10902e-07))
1((0 0 5.10902e-07))
0()
1((0 -2.5695e-07 -1.59655e-16))
1((0 -5.15766e-07 -1.28909e-12))
1((0 2.20171e-07 1.73472e-21))
2((0 0 2.47227e-07) (0 -2.91689e-07 4.85723e-21))
2((0 0 -2.47227e-07) (0 -1.80798e-07 -8.67362e-22))
1((0 3.20015e-07 -1.38778e-21))
1((0 6.81902e-07 1.12757e-20))
0()
2((0 0 -1.39785e-07) (0 2.96001e-07 0))
2((0 0 1.39785e-07) (0 1.27021e-07 0))
2((0 0 3.10858e-07) (0 3.40933e-08 -1.73472e-22))
2((0 0 -3.10858e-07) (0 1.15079e-07 1.99493e-21))
1((0 0 5.46771e-07))
2((0 0 -5.46771e-07) (0 2.65055e-07 0))
2((0 0 -2.18381e-06) (0 2.87029e-07 0))
2((0 0 2.18381e-06) (0 2.22009e-08 -1.73472e-22))
1((0 -1.54714e-07 0))
1((0 0 4.32273e-06))
2((0 0 -4.32273e-06) (0 4.45718e-07 -7.63278e-21))
1((0 3.98951e-07 1.38778e-21))
2((0 0 -1.09701e-06) (0 -1.07708e-06 3.81639e-21))
2((0 0 1.09701e-06) (0 -2.0338e-06 -3.53884e-20))
0()
1((0 1.92146e-06 -3.33067e-20))
2((0 0 0) (0 1.42968e-06 4.85723e-21))
2((0 0 0) (0 8.54491e-07 -3.1225e-21))
1((0 1.17042e-06 2.04697e-20))
0()
2((0 0 2.74209e-06) (0 -2.39333e-06 4.16334e-20))
2((0 0 -2.74209e-06) (0 -1.53244e-06 -5.55112e-21))
1((0 -4.10122e-06 0))
1((0 -9.10829e-06 0))
0()
1((0 -4.03615e-06 0))
2((0 0 -3.0389e-06) (0 -1.71353e-06 0))
2((0 0 3.0389e-06) (0 2.0589e-06 -1.38778e-20))
1((0 4.19284e-06 5.82867e-20))
2((0 2.5695e-07 1.59655e-16) (0 5.89373e-16 2.39963e-07))
3((0 -5.89373e-16 -2.39963e-07) (0 -1.81279e-07 7.92995e-13) (0 5.15766e-07 1.28909e-12))
2((0 -2.20171e-07 -1.73472e-21) (0 8.71405e-07 -2.71883e-12))
3((0 2.91689e-07 -4.85723e-21) (0 -2.08167e-21 -1.52685e-07) (0 1.34437e-08 9.23592e-14))
3((0 1.80798e-07 8.67362e-22) (0 2.08167e-21 1.52685e-07) (0 -1.01271e-07 1.89769e-13))
3((0 -3.20015e-07 1.38778e-21) (0 -5.76503e-08 -1.08029e-13) (0 3.57787e-21 -2.57647e-07))
4((0 -6.81902e-07 -1.12757e-20) (0 2.30484e-07 -1.58432e-12) (0 -3.57787e-21 2.57647e-07) (0 4.32948e-12 -1.15445e-06))
2((0 -7.04481e-07 4.40324e-12) (0 -4.32948e-12 1.15445e-06))
2((0 -2.96001e-07 0) (0 0 -7.36078e-08))
2((0 -1.27021e-07 0) (0 0 7.36078e-08))
3((0 -3.40933e-08 1.73472e-22) (0 -4.16334e-21 2.9725e-07) (0 -5.05866e-08 -9.48301e-14))
4((0 -1.15079e-07 -1.99493e-21) (0 4.16334e-21 -2.9725e-07) (0 1.35285e-07 -9.29937e-13) (0 -2.27521e-12 6.0668e-07))
2((0 -1.17369e-06 7.33595e-12) (0 2.27521e-12 -6.0668e-07))
1((0 -2.65055e-07 0))
1((0 -2.87029e-07 0))
3((0 -2.22009e-08 1.73472e-22) (0 1.92691e-07 3.6122e-13) (0 -1.36236e-15 5.54687e-07))
3((0 1.54714e-07 0) (0 1.36236e-15 -5.54687e-07) (0 0 0))
2((0 -2.07964e-06 1.29876e-11) (0 0 0))
3((0 -4.45718e-07 7.63278e-21) (0 3.6014e-07 2.47419e-12) (0 1.17961e-20 8.58769e-07))
3((0 -3.98951e-07 -1.38778e-21) (0 3.25843e-07 -6.10588e-13) (0 -1.17961e-20 -8.58769e-07))
3((0 1.07708e-06 -3.81639e-21) (0 6.93889e-21 -4.94595e-07) (0 1.60647e-07 3.01031e-13))
3((0 2.0338e-06 3.53884e-20) (0 -6.93889e-21 4.94595e-07) (0 -1.38968e-06 9.54722e-12))
2((0 0 0) (0 4.12319e-12 1.09944e-06))
4((0 -1.92146e-06 3.33067e-20) (0 1.5633e-06 1.0746e-11) (0 -4.12319e-12 -1.09944e-06) (0 4.85723e-21 3.60692e-07))
3((0 -1.42968e-06 -4.85723e-21) (0 2.9962e-07 -5.61449e-13) (0 -4.85723e-21 -3.60692e-07))
3((0 -8.54491e-07 3.1225e-21) (0 2.85469e-07 5.34931e-13) (0 6.245e-21 -4.61973e-07))
4((0 -1.17042e-06 -2.04697e-20) (0 8.14922e-07 -5.60169e-12) (0 -6.245e-21 4.61973e-07) (0 -2.06499e-12 5.50625e-07))
2((0 0 0) (0 2.06499e-12 -5.50625e-07))
3((0 2.39333e-06 -4.16334e-20) (0 3.60822e-20 2.5693e-06) (0 -1.63055e-06 -1.1202e-11))
3((0 1.53244e-06 5.55112e-21) (0 -3.60822e-20 -2.5693e-06) (0 1.86899e-07 -3.50363e-13))
1((0 4.10122e-06 0))
1((0 9.10829e-06 0))
2((0 -1.26096e-06 -7.87996e-12) (0 4.81869e-12 1.28574e-06))
2((0 4.03615e-06 0) (0 -4.81869e-12 -1.28574e-06))
1((0 1.71353e-06 0))
3((0 -2.0589e-06 1.38778e-20) (0 7.12906e-07 1.33642e-12) (0 -9.36751e-21 6.80257e-07))
3((0 -4.19284e-06 -5.82867e-20) (0 3.51667e-06 -2.41772e-11) (0 9.36751e-21 -6.80257e-07))
0()
1((0 1.81279e-07 -7.92995e-13))
2((0 -8.71405e-07 2.71883e-12) (0 0 0))
2((0 -1.34437e-08 -9.23592e-14) (0 0 0))
2((0 1.01271e-07 -1.89769e-13) (0 0 0))
2((0 0 0) (0 5.76503e-08 1.08029e-13))
2((0 -2.30484e-07 1.58432e-12) (0 0 0))
3((0 0 0) (0 7.04481e-07 -4.40324e-12) (0 3.55396e-12 -5.68855e-07))
3((0 -3.55396e-12 5.68855e-07) (0 0 5.45251e-09) (0 -3.9778e-07 -3.45413e-16))
3((0 0 -5.45251e-09) (0 2.08678e-12 3.34016e-07) (0 -2.90704e-08 1.17319e-17))
2((0 -2.08678e-12 -3.34016e-07) (0 5.05866e-08 9.48301e-14))
2((0 -1.35285e-07 9.29937e-13) (0 0 0))
3((0 0 0) (0 1.17369e-06 -7.33595e-12) (0 -2.60977e-12 4.17726e-07))
3((0 2.60977e-12 -4.17726e-07) (0 0 1.17401e-06) (0 2.73389e-07 2.37398e-16))
3((0 0 0) (0 0 -1.17401e-06) (0 3.35821e-07 -1.35528e-16))
2((0 0 0) (0 -1.92691e-07 -3.6122e-13))
0()
2((0 2.07964e-06 -1.29876e-11) (0 8.84709e-21 8.49588e-07))
2((0 -3.6014e-07 -2.47419e-12) (0 -8.84709e-21 -8.49588e-07))
2((0 -3.25843e-07 6.10588e-13) (0 0 0))
2((0 0 0) (0 -1.60647e-07 -3.01031e-13))
2((0 1.38968e-06 -9.54722e-12) (0 -8.41958e-15 -6.5972e-07))
4((0 0 0) (0 8.41958e-15 6.5972e-07) (0 -6.4231e-14 5.03288e-06) (0 3.0139e-06 -1.88258e-11))
2((0 6.4231e-14 -5.03288e-06) (0 -1.5633e-06 -1.0746e-11))
2((0 -2.9962e-07 5.61449e-13) (0 0 0))
2((0 0 0) (0 -2.85469e-07 -5.34931e-13))
2((0 -8.14922e-07 5.60169e-12) (0 1.66533e-20 -1.57873e-06))
3((0 -1.66533e-20 1.57873e-06) (0 0 0) (0 4.02456e-20 3.89474e-06))
2((0 1.63055e-06 1.1202e-11) (0 -4.02456e-20 -3.89474e-06))
2((0 -1.86899e-07 3.50363e-13) (0 -2.8674e-11 4.58964e-06))
3((0 2.8674e-11 -4.58964e-06) (0 0 5.23211e-06) (0 2.96376e-07 1.19608e-16))
3((0 -1.7793e-11 -2.84798e-06) (0 0 -5.23211e-06) (0 4.83781e-06 -4.20093e-15))
2((0 1.26096e-06 7.87996e-12) (0 1.7793e-11 2.84798e-06))
1((0 1.52656e-20 -4.5646e-06))
3((0 -2.99536e-11 -4.79445e-06) (0 -1.52656e-20 4.5646e-06) (0 -9.78916e-07 3.95065e-16))
2((0 2.99536e-11 4.79445e-06) (0 -7.12906e-07 -1.33642e-12))
1((0 -3.51667e-06 2.41772e-11))
1((0 0 0))
1((0 0 0))
0()
1((0 0 -1.8924e-07))
1((0 0 1.8924e-07))
0()
0()
0()
2((0 0 -9.4157e-08) (0 3.9778e-07 3.45413e-16))
2((0 0 9.4157e-08) (0 2.90704e-08 -1.17319e-17))
1((0 0 5.57879e-07))
1((0 0 -5.57879e-07))
1((0 0 4.40709e-06))
2((0 0 -4.40709e-06) (0 -2.73389e-07 -2.37398e-16))
2((0 0 -2.41263e-06) (0 -3.35821e-07 1.35528e-16))
1((0 0 2.41263e-06))
0()
1((0 0 1.15209e-06))
1((0 0 -1.15209e-06))
0()
1((0 0 2.00387e-06))
1((0 0 -2.00387e-06))
2((0 -3.0139e-06 1.88258e-11) (0 -4.43329e-11 1.54272e-06))
1((0 4.43329e-11 -1.54272e-06))
1((0 0 -2.82668e-06))
1((0 0 2.82668e-06))
0()
1((0 3.75683e-06 0))
1((0 0 3.65204e-06))
1((0 0 -3.65204e-06))
1((0 -2.96376e-07 -1.19608e-16))
1((0 -4.83781e-06 4.20093e-15))
0()
0()
2((0 0 -5.38748e-06) (0 9.78916e-07 -3.95065e-16))
1((0 0 5.38748e-06))
0()
2((0 2.54624e-06 -1.5821e-15) (0 0 4.30123e-07))
1((0 0 -4.30123e-07))
1((0 9.69498e-07 0))
2((0 1.88089e-06 0) (0 0 2.20867e-07))
2((0 0 -2.20867e-07) (0 1.94314e-06 0))
1((0 -3.14236e-06 0))
1((0 -3.12466e-06 0))
1((0 -1.76443e-06 0))
2((0 -2.02802e-06 0) (0 0 -2.08758e-07))
2((0 0 2.08758e-07) (0 -2.02407e-06 0))
2((0 3.1941e-07 0) (0 0 6.79081e-07))
2((0 0 -6.79081e-07) (0 3.23281e-07 0))
2((0 0 4.98601e-06) (0 9.85026e-08 0))
2((0 0 -4.98601e-06) (0 1.164e-06 0))
2((0 0 -2.55906e-06) (0 1.16676e-06 0))
2((0 0 2.55906e-06) (0 1.26097e-06 0))
1((0 1.27663e-06 0))
2((0 3.32593e-06 0) (0 0 1.79144e-06))
2((0 0 -1.79144e-06) (0 2.17781e-06 0))
1((0 2.30753e-06 0))
2((0 8.39689e-07 0) (0 0 2.43337e-06))
2((0 0 -2.43337e-06) (0 9.42471e-07 0))
1((0 2.90048e-06 0))
1((0 -2.0461e-06 0))
2((0 -1.62982e-06 0) (0 0 -2.36892e-06))
2((0 0 2.36892e-06) (0 1.70945e-06 0))
1((0 1.21361e-06 0))
2((0 -1.7839e-06 0) (0 -3.75683e-06 0))
2((0 4.04586e-06 0) (0 0 4.30265e-06))
2((0 0 -4.30265e-06) (0 4.35337e-06 0))
1((0 7.08289e-06 0))
1((0 7.27e-06 0))
1((0 5.11399e-06 0))
1((0 2.6157e-06 0))
2((0 0 -4.4954e-06) (0 3.52788e-06 0))
2((0 0 4.4954e-06) (0 -2.07879e-06 0))
1((0 -1.97482e-06 0))
1((0 -2.54624e-06 1.5821e-15))
1((0 1.17464e-06 1.27502e-20))
1((0 -9.69498e-07 0))
3((0 -1.88089e-06 0) (0 0 1.79783e-07) (0 1.31575e-06 -2.22045e-20))
3((0 -1.94314e-06 0) (0 0 -1.79783e-07) (0 0 0))
1((0 3.14236e-06 0))
1((0 3.12466e-06 0))
1((0 1.76443e-06 0))
2((0 2.02802e-06 0) (0 0 -2.09278e-07))
2((0 2.02407e-06 0) (0 0 2.09278e-07))
2((0 -3.1941e-07 0) (0 0 6.97003e-07))
2((0 -3.23281e-07 0) (0 0 -6.97003e-07))
2((0 -9.85026e-08 0) (0 0 1.88719e-06))
2((0 -1.164e-06 0) (0 0 -1.88719e-06))
2((0 -1.16676e-06 0) (0 0 -3.08103e-06))
2((0 -1.26097e-06 0) (0 0 3.08103e-06))
1((0 -1.27663e-06 0))
2((0 -3.32593e-06 0) (0 0 6.45916e-06))
3((0 0 -6.45916e-06) (0 -2.17781e-06 0) (0 7.94861e-07 -1.38778e-20))
2((0 -2.30753e-06 0) (0 1.44775e-06 4.85723e-21))
3((0 -8.39689e-07 0) (0 0 2.70668e-06) (0 1.14358e-07 -3.46945e-22))
3((0 -9.42471e-07 0) (0 0 -2.70668e-06) (0 -1.72288e-06 -2.98372e-20))
1((0 -2.90048e-06 0))
1((0 2.0461e-06 0))
2((0 1.62982e-06 0) (0 0 -4.75034e-06))
3((0 -1.70945e-06 0) (0 0 4.75034e-06) (0 1.0609e-06 -3.81639e-21))
2((0 -1.21361e-06 0) (0 2.9873e-06 5.16948e-20))
1((0 1.7839e-06 0))
2((0 -4.04586e-06 0) (0 0 4.08037e-06))
2((0 -4.35337e-06 0) (0 0 -4.08037e-06))
2((0 -7.08289e-06 0) (0 2.03848e-06 -6.93889e-21))
2((0 -7.27e-06 0) (0 3.19959e-07 4.16334e-21))
1((0 -5.11399e-06 0))
1((0 -2.6157e-06 0))
3((0 -3.52788e-06 0) (0 0 -9.0248e-06) (0 6.06526e-07 5.55112e-21))
3((0 2.07879e-06 0) (0 0 9.0248e-06) (0 2.3257e-06 -1.66533e-20))
2((0 1.97482e-06 0) (0 4.20927e-06 5.82867e-20))
1((0 1.54984e-15 6.31018e-07))
3((0 0 0) (0 -1.17464e-06 -1.27502e-20) (0 -1.54984e-15 -6.31018e-07))
2((0 -1.35258e-07 -1.52072e-12) (0 6.03602e-12 1.6095e-06))
4((0 -9.36751e-21 -6.69258e-07) (0 0 0) (0 -1.31575e-06 2.22045e-20) (0 -6.03602e-12 -1.6095e-06))
3((0 9.36751e-21 6.69258e-07) (0 -1.85423e-07 3.47596e-13) (0 0 0))
0()
0()
0()
1((0 0 -3.48894e-07))
1((0 0 3.48894e-07))
1((0 0 6.55951e-07))
2((0 0 -6.55951e-07) (0 0 0))
2((0 5.59494e-07 -3.49639e-12) (0 0 0))
0()
1((0 0 -3.56287e-06))
1((0 0 3.56287e-06))
0()
2((0 0 0) (0 1.84831e-06 1.15526e-11))
4((0 0 0) (0 1.09201e-06 7.50637e-12) (0 -7.94861e-07 1.38778e-20) (0 1.5786e-20 1.1383e-06))
3((0 0 0) (0 -1.44775e-06 -4.85723e-21) (0 -1.5786e-20 -1.1383e-06))
3((0 -5.57171e-20 4.01507e-06) (0 0 0) (0 -1.14358e-07 3.46945e-22))
3((0 5.57171e-20 -4.01507e-06) (0 -3.5664e-07 2.45014e-12) (0 1.72288e-06 2.98372e-20))
2((0 -6.06346e-07 -3.78669e-12) (0 0 0))
1((0 0 0))
0()
3((0 -1.11717e-06 -2.09425e-12) (0 -1.0609e-06 3.81639e-21) (0 4.09395e-20 -2.94886e-06))
3((0 1.59739e-06 -1.09742e-11) (0 -2.9873e-06 -5.16948e-20) (0 -4.09395e-20 2.94886e-06))
2((0 1.55384e-06 9.70388e-12) (0 0 0))
2((0 0 3.22959e-06) (0 0 0))
1((0 0 -3.22959e-06))
3((0 0 0) (0 -2.03848e-06 6.93889e-21) (0 -1.11716e-19 8.03926e-06))
3((0 2.26226e-06 -1.55419e-11) (0 -3.19959e-07 -4.16334e-21) (0 1.11716e-19 -8.03926e-06))
2{(0 0 0)}
2((0 0 0) (0 -9.00798e-15 -3.6676e-06))
3((0 2.48778e-07 -4.66178e-13) (0 -6.06526e-07 -5.55112e-21) (0 9.00798e-15 3.6676e-06))
3((0 6.30996e-07 1.18241e-12) (0 -2.3257e-06 1.66533e-20) (0 1.76942e-20 -1.2644e-06))
3((0 2.55409e-06 -1.75595e-11) (0 -4.20927e-06 -5.82867e-20) (0 -1.76942e-20 1.2644e-06))
1((0 2.98903e-08 -7.46996e-14))
2((0 0 0) (0 -1.14492e-20 -8.30782e-07))
2((0 1.35258e-07 1.52072e-12) (0 1.14492e-20 8.30782e-07))
1((0 0 0))
2((0 1.85423e-07 -3.47596e-13) (0 5.25917e-12 -8.41796e-07))
3((0 -5.25917e-12 8.41796e-07) (0 3.46945e-21 9.97953e-07) (0 -8.71006e-08 -3.51513e-17))
1((0 -3.46945e-21 -9.97953e-07))
0()
1((0 0 -3.25773e-07))
1((0 0 3.25773e-07))
1((0 0 6.72546e-07))
1((0 0 -6.72546e-07))
2((0 -5.59494e-07 3.49639e-12) (0 0 0))
3((0 0 0) (0 9.54098e-22 2.63964e-07) (0 1.05583e-06 9.16829e-16))
2((0 0 -3.69928e-06) (0 -9.54098e-22 -2.63964e-07))
2((0 0 3.69928e-06) (0 -6.76542e-21 1.95325e-06))
3((0 0 0) (0 6.76542e-21 -1.95325e-06) (0 1.17327e-06 -1.01881e-15))
3((0 -1.84831e-06 -1.15526e-11) (0 0 0) (0 0 0))
2((0 0 0) (0 -1.09201e-06 -7.50637e-12))
2((0 0 0) (0 0 -1.14665e-07))
2((0 0 1.14665e-07) (0 0 0))
2((0 3.5664e-07 -2.45014e-12) (0 -2.77556e-21 2.99222e-07))
2((0 6.06346e-07 3.78669e-12) (0 2.77556e-21 -2.99222e-07))
1((0 3.40006e-20 -9.84793e-06))
3((0 0 0) (0 -3.40006e-20 9.84793e-06) (0 -1.31553e-06 5.30909e-16))
2((0 0 0) (0 1.11717e-06 2.09425e-12))
2((0 -1.59739e-06 1.09742e-11) (0 6.93889e-21 -6.70874e-07))
2((0 -1.55384e-06 -9.70388e-12) (0 -6.93889e-21 6.70874e-07))
1((0 -8.32667e-21 2.34988e-06))
3((0 8.32667e-21 -2.34988e-06) (0 4.21364e-11 6.74446e-06) (0 3.27601e-06 -1.3221e-15))
2((0 -4.21364e-11 -6.74446e-06) (0 0 0))
2((0 -2.26226e-06 1.55419e-11) (0 0 0))
2{(0 0 0)}
0()
2((0 -2.48778e-07 4.66178e-13) (0 0 0))
2((0 0 0) (0 -6.30996e-07 -1.18241e-12))
1((0 -2.55409e-06 1.75595e-11))
2((0 -5.23219e-07 0) (0 -2.98903e-08 7.46996e-14))
1((0 -1.09299e-06 -6.79126e-16))
0()
2((0 0 -1.59793e-06) (0 -1.40223e-06 0))
2((0 0 1.59793e-06) (0 -6.98225e-07 0))
2((0 5.67455e-07 0) (0 8.71006e-08 3.51513e-17))
1((0 1.35396e-06 0))
1((0 -1.19941e-07 0))
2((0 0 2.14441e-07) (0 1.02169e-06 0))
2((0 0 -2.14441e-07) (0 6.07795e-07 0))
2((0 0 8.77119e-07) (0 4.06833e-07 0))
2((0 0 -8.77119e-07) (0 6.23225e-07 0))
2((0 0 3.31851e-06) (0 8.96297e-07 0))
3((0 0 -3.31851e-06) (0 1.15887e-06 0) (0 -1.05583e-06 -9.16829e-16))
2((0 0 -3.83635e-06) (0 1.13719e-06 0))
2((0 0 3.83635e-06) (0 1.05921e-06 0))
2((0 1.35365e-06 0) (0 -1.17327e-06 1.01881e-15))
2((0 0 5.46331e-06) (0 1.20405e-06 0))
2((0 0 -5.46331e-06) (0 2.32075e-06 0))
1((0 2.25538e-06 0))
2((0 0 5.08601e-06) (0 3.21179e-06 0))
2((0 0 -5.08601e-06) (0 4.82728e-06 0))
1((0 1.32878e-06 0))
1((0 -1.85286e-07 0))
3((0 0 -1.0219e-05) (0 -7.39108e-07 0) (0 1.31553e-06 -5.30909e-16))
2((0 0 1.0219e-05) (0 -2.97821e-06 0))
1((0 -4.56796e-06 0))
1((0 -2.80661e-07 0))
2((0 0 2.87753e-06) (0 1.04803e-06 0))
3((0 0 -2.87753e-06) (0 2.24767e-06 0) (0 -3.27601e-06 1.3221e-15))
1((0 5.2614e-06 0))
1((0 7.73479e-06 0))
1((0 4.91332e-06 0))
1((0 4.91705e-06 0))
2((0 0 -1.61575e-05) (0 2.64643e-06 0))
2((0 0 1.61575e-05) (0 -1.72012e-06 0))
1((0 -3.99297e-06 0))
2((0 5.23219e-07 0) (0 0 -4.89972e-07))
3((0 1.09299e-06 6.79126e-16) (0 0 0) (0 0 4.89972e-07))
1((0 0 0))
2((0 1.40223e-06 0) (0 0 -1.00829e-06))
2((0 6.98225e-07 0) (0 0 1.00829e-06))
1((0 -5.67455e-07 0))
1((0 -1.35396e-06 0))
1((0 1.19941e-07 0))
2((0 -1.02169e-06 0) (0 0 5.83306e-07))
2((0 -6.07795e-07 0) (0 0 -5.83306e-07))
2((0 -4.06833e-07 0) (0 0 1.05679e-06))
2((0 -6.23225e-07 0) (0 0 -1.05679e-06))
2((0 -8.96297e-07 0) (0 0 2.14733e-06))
2((0 -1.15887e-06 0) (0 0 -2.14733e-06))
2((0 -1.13719e-06 0) (0 0 -3.46657e-06))
2((0 0 3.46657e-06) (0 -1.05921e-06 0))
1((0 -1.35365e-06 0))
2((0 -1.20405e-06 0) (0 0 3.38798e-06))
2((0 -2.32075e-06 0) (0 0 -3.38798e-06))
1((0 -2.25538e-06 0))
2((0 -3.21179e-06 0) (0 0 4.41299e-06))
2((0 -4.82728e-06 0) (0 0 -4.41299e-06))
1((0 -1.32878e-06 0))
1((0 1.85286e-07 0))
2((0 7.39108e-07 0) (0 0 -4.92582e-06))
2((0 0 4.92582e-06) (0 2.97821e-06 0))
1((0 4.56796e-06 0))
1((0 2.80661e-07 0))
2((0 -1.04803e-06 0) (0 0 3.60095e-06))
2((0 -2.24767e-06 0) (0 0 -3.60095e-06))
1((0 -5.2614e-06 0))
1((0 -7.73479e-06 0))
1((0 -4.91332e-06 0))
1((0 -4.91705e-06 0))
2((0 -2.64643e-06 0) (0 0 -1.05042e-05))
2((0 0 1.05042e-05) (0 1.72012e-06 0))
1((0 3.99297e-06 0))
1((0 0 -5.95595e-07))
2((0 0 5.95595e-07) (0 -4.38095e-07 -2.7221e-16))
1((0 -7.68901e-07 0))
2((0 0 -7.9794e-07) (0 -3.39991e-07 0))
2((0 0 7.9794e-07) (0 -2.01876e-07 0))
1((0 7.39491e-08 0))
1((0 3.35045e-07 0))
1((0 6.11834e-07 0))
2((0 0 7.09851e-07) (0 3.87712e-07 0))
2((0 0 -7.09851e-07) (0 5.72459e-07 0))
2((0 0 1.12528e-06) (0 9.75356e-07 0))
2((0 0 -1.12528e-06) (0 1.38958e-06 0))
1((0 0 4.84663e-06))
2((0 0 -4.84663e-06) (0 1.47769e-06 -2.56739e-20))
2((0 0 -1.59228e-06) (0 0 0))
2((0 0 1.59228e-06) (0 7.50441e-07 -3.90313e-21))
1((0 9.32572e-07 1.62197e-20))
2((0 0 2.92451e-06) (0 8.50727e-07 0))
2((0 0 -2.92451e-06) (0 1.9646e-06 0))
1((0 1.7008e-06 0))
2((0 0 4.41129e-06) (0 2.782e-06 0))
2((0 0 -4.41129e-06) (0 4.76285e-06 0))
0()
1((0 1.33512e-06 -2.31586e-20))
2((0 0 -1.54201e-06) (0 8.74315e-07 3.1225e-21))
2((0 0 1.54201e-06) (0 -2.45405e-06 0))
1((0 -5.70774e-06 0))
0()
2((0 0 3.6547e-06) (0 5.79902e-07 0))
2((0 0 -3.6547e-06) (0 2.16945e-06 0))
1((0 0 0))
1((0 0 0))
0()
1((0 4.9578e-06 -6.93889e-20))
2((0 0 -1.61072e-05) (0 2.59677e-06 1.80411e-20))
2((0 0 1.61072e-05) (0 -1.45554e-06 0))
1((0 -3.15249e-06 0))
1((0 -9.8441e-17 -3.73426e-07))
2((0 4.38095e-07 2.7221e-16) (0 9.8441e-17 3.73426e-07))
1((0 7.68901e-07 0))
2((0 0 5.12645e-08) (0 3.39991e-07 0))
2((0 0 -5.12645e-08) (0 2.01876e-07 0))
1((0 -7.39491e-08 0))
1((0 -3.35045e-07 0))
1((0 -6.11834e-07 0))
2((0 0 6.42792e-07) (0 -3.87712e-07 0))
2((0 0 -6.42792e-07) (0 -5.72459e-07 0))
2((0 0 8.35836e-07) (0 -9.75356e-07 0))
2((0 0 -8.35836e-07) (0 -1.38958e-06 0))
2((0 0 0) (0 3.2311e-07 2.01955e-12))
4((0 0 0) (0 0 0) (0 -1.47769e-06 2.56739e-20) (0 1.06685e-20 7.68729e-07))
3((0 0 0) (0 0 0) (0 -1.06685e-20 -7.68729e-07))
3((0 5.9248e-07 1.11023e-12) (0 -7.50441e-07 3.90313e-21) (0 -2.05565e-20 1.48174e-06))
3((0 7.85273e-07 -5.39656e-12) (0 -9.32572e-07 -1.62197e-20) (0 2.05565e-20 -1.48174e-06))
2((0 0 4.04243e-06) (0 -8.50727e-07 0))
2((0 0 -4.04243e-06) (0 -1.9646e-06 0))
1((0 -1.7008e-06 0))
2((0 0 4.67012e-06) (0 -2.782e-06 0))
2((0 0 -4.67012e-06) (0 -4.76285e-06 0))
2((0 2.43345e-06 1.52099e-11) (0 0 0))
4((0 1.39425e-06 9.58392e-12) (0 -1.33512e-06 2.31586e-20) (0 0 0) (0 -2.22045e-20 -1.60461e-06))
3((0 3.83488e-07 -7.1889e-13) (0 -8.74315e-07 -3.1225e-21) (0 2.22045e-20 1.60461e-06))
1((0 2.45405e-06 0))
2((0 5.70774e-06 0) (0 1.60866e-11 -4.29228e-06))
2((0 3.21485e-06 -2.00902e-11) (0 -1.60866e-11 4.29228e-06))
2((0 0 3.19179e-06) (0 -5.79902e-07 0))
2((0 0 -3.19179e-06) (0 -2.16945e-06 0))
3((0 0 0) (0 0 0) (0 -1.81105e-19 1.30258e-05))
4((0 0 0) (0 0 0) (0 1.81105e-19 -1.30258e-05) (0 0 0))
2((0 4.99195e-06 -3.11809e-11) (0 0 0))
3((0 0 0) (0 -4.9578e-06 6.93889e-20) (0 -1.85615e-20 -1.34141e-06))
3((0 1.46701e-07 -2.75006e-13) (0 -2.59677e-06 -1.80411e-20) (0 1.85615e-20 1.34141e-06))
1((0 1.45554e-06 0))
1((0 3.15249e-06 0))
2((0 -1.83389e-17 -2.45955e-08) (0 -2.37117e-10 1.185e-15))
1((0 1.83389e-17 2.45955e-08))
0()
1((0 0 8.81081e-07))
1((0 0 -8.81081e-07))
0()
0()
0()
1((0 0 6.29299e-07))
1((0 0 -6.29299e-07))
1((0 -2.42861e-21 3.56231e-07))
3((0 2.42861e-21 -3.56231e-07) (0 0 0) (0 2.64855e-07 -2.29988e-16))
3((0 -3.2311e-07 -2.01955e-12) (0 0 0) (0 0 0))
2{(0 0 0)}
2{(0 0 0)}
2((0 0 0) (0 -5.9248e-07 -1.11023e-12))
2((0 -7.85273e-07 5.39656e-12) (0 0 0))
3((0 0 0) (0 9.57567e-20 4.60137e-06) (0 7.65738e-07 2.16976e-15))
1((0 -9.57567e-20 -4.60137e-06))
0()
1((0 -2.98372e-20 4.339e-06))
3((0 2.98372e-20 -4.339e-06) (0 -2.8794e-12 -4.60884e-07) (0 -1.01854e-06 8.84452e-16))
3((0 -2.43345e-06 -1.52099e-11) (0 2.8794e-12 4.60884e-07) (0 0 0))
2((0 0 0) (0 -1.39425e-06 -9.58392e-12))
2((0 -3.83488e-07 7.1889e-13) (0 1.11215e-11 -1.78014e-06))
3((0 -1.11215e-11 1.78014e-06) (0 2.77556e-20 3.95082e-06) (0 7.16537e-07 2.89172e-16))
1((0 -2.77556e-20 -3.95082e-06))
2((0 -3.21485e-06 2.00902e-11) (0 0 0))
3((0 0 0) (0 0 3.06733e-06) (0 2.29555e-06 1.99335e-15))
3((0 0 -3.06733e-06) (0 5.63542e-11 9.02021e-06) (0 3.68847e-06 -1.48855e-15))
2((0 -5.63542e-11 -9.02021e-06) (0 0 0))
2{(0 0 0)}
3((0 0 0) (0 -4.99195e-06 3.11809e-11) (0 0 0))
2{(0 0 0)}
2((0 -1.46701e-07 2.75006e-13) (0 0 0))
3((0 0 0) (0 0 7.19833e-09) (0 3.17846e-07 1.28274e-16))
1((0 0 -7.19833e-09))
1((0 2.37117e-10 -1.185e-15))
0()
0()
1((0 0 1.95591e-07))
1((0 0 -1.95591e-07))
0()
0()
0()
1((0 0 8.7865e-07))
1((0 0 -8.7865e-07))
1((0 0 2.5542e-07))
2((0 0 -2.5542e-07) (0 -2.64855e-07 2.29988e-16))
1((0 0 2.30283e-06))
1((0 0 -2.30283e-06))
1((0 0 -2.25007e-06))
1((0 0 2.25007e-06))
0()
2((0 0 3.6901e-06) (0 -7.65738e-07 -2.16976e-15))
1((0 0 -3.6901e-06))
0()
1((0 0 2.28909e-06))
2((0 0 -2.28909e-06) (0 1.01854e-06 -8.84452e-16))
0()
0()
1((0 0 -1.77445e-06))
2((0 0 1.77445e-06) (0 -7.16537e-07 -2.89172e-16))
0()
0()
2((0 0 4.20182e-06) (0 -2.29555e-06 -1.99335e-15))
2((0 0 -4.20182e-06) (0 -3.68847e-06 1.48855e-15))
0()
0()
0()
0()
1((0 0 -2.08529e-05))
2((0 0 2.08529e-05) (0 -3.17846e-07 -1.28274e-16))
0()
2((-5.71628e-28 -1.76504e-06 4.41104e-12) (1.5069e-37 -4.25729e-17 -1.61496e-07))
1((-1.5069e-37 4.25729e-17 1.61496e-07))
1((0 -1.30592e-06 0))
2((0 -3.73703e-06 0) (0 0 -6.5624e-07))
2((0 0 6.5624e-07) (0 -3.49339e-06 0))
1((0 1.28187e-06 0))
1((0 1.78839e-06 0))
1((0 1.69567e-06 0))
2((0 2.01752e-06 0) (0 0 1.07424e-06))
2((0 0 -1.07424e-06) (0 1.9767e-06 0))
2((0 7.03655e-07 0) (0 0 3.50747e-07))
2((0 0 -3.50747e-07) (0 8.02156e-07 0))
2((0 -2.5016e-07 0) (0 0 7.96291e-07))
2((0 0 -7.96291e-07) (0 -2.21963e-07 0))
2((0 0 -2.04049e-06) (0 -1.43263e-07 0))
2((0 0 2.04049e-06) (0 -2.17301e-08 0))
1((0 -1.23559e-08 0))
2((0 0 5.08011e-06) (0 1.75645e-06 0))
2((0 0 -5.08011e-06) (0 5.02247e-07 0))
1((0 5.74387e-07 0))
2((0 -2.69376e-06 0) (0 0 1.0037e-06))
2((0 0 -1.0037e-06) (0 -2.73584e-06 0))
1((0 1.54292e-06 0))
1((0 1.79089e-06 0))
2((0 2.09395e-06 0) (0 0 -1.73447e-07))
2((0 0 1.73447e-07) (0 7.09952e-06 0))
1((0 7.3482e-06 0))
1((0 4.35728e-06 0))
2((0 6.45311e-06 0) (0 0 5.21054e-06))
2((0 0 -5.21054e-06) (0 7.93042e-06 0))
1((0 7.94504e-06 0))
1((0 8.27892e-06 0))
1((0 4.02032e-06 0))
1((0 6.76539e-07 0))
2((0 0 -1.46696e-05) (0 2.07576e-06 0))
2((0 0 1.46696e-05) (0 -2.17217e-06 0))
1((0 -2.10694e-06 0))
1((5.71628e-28 1.76504e-06 -4.41104e-12))
1((0 -1.04837e-06 -1.13624e-20))
1((0 1.30592e-06 0))
3((0 3.73703e-06 0) (0 0 -8.51949e-07) (0 -2.79394e-06 4.71845e-20))
3((0 3.49339e-06 0) (0 0 8.51949e-07) (0 -1.33497e-06 -5.89806e-21))
1((0 -1.28187e-06 0))
1((0 -1.78839e-06 0))
1((0 -1.69567e-06 0))
3((0 -2.01752e-06 0) (0 0 1.05012e-06) (0 9.46815e-07 -1.64799e-20))
3((0 -1.9767e-06 0) (0 0 -1.05012e-06) (0 4.53766e-07 2.34188e-21))
3((0 -7.03655e-07 0) (0 0 3.78985e-07) (0 1.24994e-07 -6.07153e-22))
3((0 -8.02156e-07 0) (0 0 -3.78985e-07) (0 4.00736e-07 6.93889e-21))
2((0 2.5016e-07 0) (0 0 -3.70792e-07))
3((0 2.21963e-07 0) (0 0 3.70792e-07) (0 3.25135e-07 -5.72459e-21))
3((0 1.43263e-07 0) (0 0 3.94048e-07) (0 3.37814e-09 0))
3((0 2.17301e-08 0) (0 0 -3.94048e-07) (0 -3.69243e-07 1.9082e-21))
2((0 1.23559e-08 0) (0 -4.34602e-07 -7.45931e-21))
2((0 -1.75645e-06 0) (0 0 4.10476e-07))
3((0 -5.02247e-07 0) (0 0 -4.10476e-07) (0 -4.41335e-07 7.63278e-21))
2((0 -5.74387e-07 0) (0 -4.36666e-07 -1.38778e-21))
3((0 2.69376e-06 0) (0 0 9.22646e-07) (0 -5.71396e-07 2.08167e-21))
3((0 2.73584e-06 0) (0 0 -9.22646e-07) (0 -8.17213e-07 -1.42247e-20))
2((0 -1.54292e-06 0) (0 -2.80045e-07 2.08167e-21))
1((0 -1.79089e-06 0))
2((0 -2.09395e-06 0) (0 0 1.48306e-06))
3((0 -7.09952e-06 0) (0 0 -1.48306e-06) (0 1.33188e-06 -4.51028e-21))
2((0 -7.3482e-06 0) (0 1.47523e-06 2.56739e-20))
1((0 -4.35728e-06 0))
3((0 -6.45311e-06 0) (0 0 5.91765e-06) (0 1.95238e-06 -3.38271e-20))
3((0 -7.93042e-06 0) (0 0 -5.91765e-06) (0 1.90457e-06 6.59195e-21))
1((0 -7.94504e-06 0))
1((0 -8.27892e-06 0))
1((0 -4.02032e-06 0))
2((0 -6.76539e-07 0) (0 1.08045e-06 -1.52656e-20))
3((0 -2.07576e-06 0) (0 0 -4.59906e-06) (0 5.01722e-07 4.16334e-21))
3((0 2.17217e-06 0) (0 0 4.59906e-06) (0 -2.32155e-06 1.66533e-20))
2((0 2.10694e-06 0) (0 -4.83194e-06 -6.66134e-20))
1((0 8.92202e-16 3.63262e-07))
3((0 0 0) (0 1.04837e-06 1.13624e-20) (0 -8.92202e-16 -3.63262e-07))
2((0 1.50162e-06 1.68829e-11) (0 1.56235e-11 4.16597e-06))
4((0 -3.01842e-20 -2.1669e-06) (0 -1.2998e-06 -8.9362e-12) (0 2.79394e-06 -4.71845e-20) (0 -1.56235e-11 -4.16597e-06))
3((0 3.01842e-20 2.1669e-06) (0 -2.06937e-07 3.87927e-13) (0 1.33497e-06 5.89806e-21))
0()
0()
2((0 -2.74109e-07 -1.71327e-12) (0 4.46868e-12 1.19157e-06))
4((0 1.01481e-20 7.32596e-07) (0 4.69892e-07 3.22999e-12) (0 -9.46815e-07 1.64799e-20) (0 -4.46868e-12 -1.19157e-06))
3((0 -1.01481e-20 -7.32596e-07) (0 -9.78277e-08 1.83316e-13) (0 -4.53766e-07 -2.34188e-21))
3((0 -1.38778e-20 9.97332e-07) (0 -1.21299e-07 -2.27298e-13) (0 -1.24994e-07 6.07153e-22))
4((0 1.38778e-20 -9.97332e-07) (0 -7.94173e-08 5.45906e-13) (0 -4.00736e-07 -6.93889e-21) (0 0 0))
2((0 -8.43565e-07 5.2691e-12) (0 0 0))
3((0 -8.26435e-08 -5.67767e-13) (0 -3.25135e-07 5.72459e-21) (0 2.86229e-21 2.08834e-07))
3((0 -3.20447e-07 6.00476e-13) (0 -3.37814e-09 0) (0 -2.86229e-21 -2.08834e-07))
3((0 -2.80539e-07 -5.25694e-13) (0 3.69243e-07 -1.9082e-21) (0 -3.72966e-21 2.69929e-07))
4((0 -2.03332e-07 1.39768e-12) (0 4.34602e-07 7.45931e-21) (0 3.72966e-21 -2.69929e-07) (0 0 0))
2((0 1.45478e-06 -9.0869e-12) (0 0 0))
3((0 -2.09179e-07 -1.43708e-12) (0 4.41335e-07 -7.63278e-21) (0 2.65413e-20 1.91595e-06))
3((0 -3.49486e-07 6.54891e-13) (0 4.36666e-07 1.38778e-21) (0 -2.65413e-20 -1.91595e-06))
3((0 -2.89482e-21 2.08786e-07) (0 -3.27023e-07 -6.12799e-13) (0 5.71396e-07 -2.08167e-21))
3((0 2.89482e-21 -2.08786e-07) (0 -5.05925e-07 3.47574e-12) (0 8.17213e-07 1.42247e-20))
3((0 -1.80054e-06 -5.61776e-12) (0 2.80045e-07 -2.08167e-21) (0 1.39552e-14 -5.68186e-06))
1((0 -1.39552e-14 5.68186e-06))
0()
3((0 1.15873e-06 2.17217e-12) (0 -1.33188e-06 4.51028e-21) (0 -2.0589e-20 1.48361e-06))
4((0 1.50693e-06 -1.03585e-11) (0 -1.47523e-06 -2.56739e-20) (0 2.0589e-20 -1.48361e-06) (0 0 0))
2{(0 0 0)}
3((0 6.38378e-20 4.56427e-06) (0 0 0) (0 -1.95238e-06 3.38271e-20))
3((0 -6.38378e-20 -4.56427e-06) (0 1.59327e-06 -2.98675e-12) (0 -1.90457e-06 -6.59195e-21))
0()
0()
2((0 1.32413e-06 8.27623e-12) (0 1.19307e-11 3.1813e-06))
4((0 4.2473e-07 2.91955e-12) (0 -1.08045e-06 1.52656e-20) (0 -1.19307e-11 -3.1813e-06) (0 -2.77556e-21 -2.23738e-07))
3((0 -5.79115e-07 1.08519e-12) (0 -5.01722e-07 -4.16334e-21) (0 2.77556e-21 2.23738e-07))
3((0 5.2753e-07 9.88524e-13) (0 2.32155e-06 -1.66533e-20) (0 2.18575e-20 -1.58564e-06))
3((0 -1.70247e-06 1.17046e-11) (0 4.83194e-06 6.66134e-20) (0 -2.18575e-20 1.58564e-06))
1((0 3.62395e-08 -9.05443e-14))
2((0 0 0) (0 -6.245e-21 -4.52704e-07))
2((0 -1.50162e-06 -1.68829e-11) (0 6.245e-21 4.52704e-07))
1((0 1.2998e-06 8.9362e-12))
2((0 2.06937e-07 -3.87927e-13) (0 -1.2718e-12 2.03567e-07))
3((0 1.2718e-12 -2.03567e-07) (0 0 1.38804e-06) (0 -6.11837e-08 -2.46919e-17))
3((0 0 0) (0 0 -1.38804e-06) (0 -9.12398e-07 7.92283e-16))
3((0 2.74109e-07 1.71327e-12) (0 0 0) (0 -2.11636e-20 -3.03743e-06))
2((0 2.11636e-20 3.03743e-06) (0 -4.69892e-07 -3.22999e-12))
2((0 9.78277e-08 -1.83316e-13) (0 0 0))
2((0 0 0) (0 1.21299e-07 2.27298e-13))
2((0 7.94173e-08 -5.45906e-13) (0 0 0))
3((0 0 0) (0 8.43565e-07 -5.2691e-12) (0 0 0))
2((0 8.26435e-08 5.67767e-13) (0 0 0))
2((0 3.20447e-07 -6.00476e-13) (0 0 3.49663e-07))
2((0 0 -3.49663e-07) (0 2.80539e-07 5.25694e-13))
2((0 2.03332e-07 -1.39768e-12) (0 0 0))
3((0 0 0) (0 -1.45478e-06 9.0869e-12) (0 0 0))
2((0 2.09179e-07 1.43708e-12) (0 0 0))
2((0 3.49486e-07 -6.54891e-13) (0 0 0))
2((0 0 0) (0 3.27023e-07 6.12799e-13))
2((0 5.05925e-07 -3.47574e-12) (0 0 0))
2((0 0 0) (0 1.80054e-06 5.61776e-12))
1((0 -2.39392e-20 3.46049e-06))
3((0 1.51814e-11 2.42998e-06) (0 2.39392e-20 -3.46049e-06) (0 1.20594e-06 -4.86682e-16))
2((0 -1.51814e-11 -2.42998e-06) (0 -1.15873e-06 -2.17217e-12))
2((0 -1.50693e-06 1.03585e-11) (0 0 0))
3{(0 0 0)}
2{(0 0 0)}
2((0 -1.59327e-06 2.98675e-12) (0 1.01083e-12 -1.61795e-07))
3((0 -1.01083e-12 1.61795e-07) (0 0 7.65544e-06) (0 1.60063e-06 6.45966e-16))
3((0 -3.15344e-11 -5.04747e-06) (0 0 -7.65544e-06) (0 -5.76596e-06 5.00689e-15))
3((0 -1.32413e-06 -8.27623e-12) (0 3.15344e-11 5.04747e-06) (0 5.55112e-20 7.94308e-06))
2((0 -5.55112e-20 -7.94308e-06) (0 -4.2473e-07 -2.91955e-12))
2((0 5.79115e-07 -1.08519e-12) (0 0 -4.8091e-06))
2((0 0 4.8091e-06) (0 -5.2753e-07 -9.88524e-13))
1((0 1.70247e-06 -1.17046e-11))
2((0 0 1.08872e-06) (0 -3.62395e-08 9.05443e-14))
1((0 0 -1.08872e-06))
0()
1((0 0 -3.33048e-07))
1((0 0 3.33048e-07))
1((0 6.11837e-08 2.46919e-17))
1((0 9.12398e-07 -7.92283e-16))
0()
1((0 0 -6.45531e-08))
1((0 0 6.45531e-08))
1((0 0 1.76736e-07))
1((0 0 -1.76736e-07))
1((0 0 -1.33666e-06))
1((0 0 1.33666e-06))
1((0 0 3.50715e-07))
1((0 0 -3.50715e-07))
0()
1((0 0 -1.29534e-06))
1((0 0 1.29534e-06))
0()
1((0 0 -4.86942e-08))
1((0 0 4.86942e-08))
0()
0()
2((0 0 2.27361e-06) (0 -1.20594e-06 4.86682e-16))
1((0 0 -2.27361e-06))
0()
0()
1((0 0 3.05727e-06))
1((0 0 -3.05727e-06))
1((0 -1.60063e-06 -6.45966e-16))
1((0 5.76596e-06 -5.00689e-15))
0()
0()
1((0 0 -4.35182e-06))
1((0 0 4.35182e-06))
0()
0()
0()
0()
1((0 0 1.4279e-06))
1((0 0 -1.4279e-06))
0()
0()
0()
1((0 0 -2.25253e-08))
1((0 0 2.25253e-08))
1((0 0 -6.66497e-07))
1((0 0 6.66497e-07))
1((0 0 -9.55717e-07))
1((0 0 9.55717e-07))
1((0 0 1.77621e-07))
1((0 0 -1.77621e-07))
0()
1((0 0 -6.10023e-08))
1((0 0 6.10023e-08))
0()
1((0 0 4.61843e-07))
1((0 0 -4.61843e-07))
0()
0()
1((0 0 1.09219e-06))
1((0 0 -1.09219e-06))
0()
0()
1((0 0 3.71801e-06))
1((0 0 -3.71801e-06))
0()
0()
0()
0()
1((0 0 -3.34387e-06))
1((0 0 3.34387e-06))
0()
1((0 0 8.75325e-07))
2((0 0 6.45971e-07) (0 0 -8.75325e-07))
1((0 0 -6.45971e-07))
1((0 0 1.32476e-06))
1((0 0 -1.32476e-06))
0()
0()
0()
1((0 0 -6.65338e-08))
1((0 0 6.65338e-08))
1((0 0 -6.49237e-07))
1((0 0 6.49237e-07))
1((0 0 -8.91228e-07))
1((0 0 8.91228e-07))
1((0 0 3.16774e-07))
1((0 0 -3.16774e-07))
0()
1((0 0 8.33818e-07))
1((0 0 -8.33818e-07))
0()
1((0 0 4.63313e-07))
1((0 0 -4.63313e-07))
0()
0()
1((0 0 -5.2955e-06))
2((0 0 5.2955e-06) (0 1.81253e-08 0))
1((0 1.40669e-06 2.42861e-20))
0()
2((0 0 3.47146e-06) (0 5.11899e-08 -1.04083e-21))
2((0 0 -3.47146e-06) (0 -9.46784e-07 -3.46945e-21))
0()
0()
0()
0()
1((0 0 -1.80334e-06))
1((0 0 1.80334e-06))
0()
0()
0()
0()
1((0 0 6.05112e-07))
1((0 0 -6.05112e-07))
0()
0()
0()
1((0 0 -9.16191e-09))
1((0 0 9.16191e-09))
1((0 0 -2.32133e-07))
1((0 0 2.32133e-07))
1((0 0 -1.10092e-06))
1((0 0 1.10092e-06))
1((0 0 6.25766e-07))
1((0 0 -6.25766e-07))
0()
1((0 0 1.46983e-06))
1((0 0 -1.46983e-06))
0()
1((0 0 7.45918e-07))
1((0 0 -7.45918e-07))
0()
0()
0()
3((0 -1.15794e-06 -2.17068e-12) (0 -1.81253e-08 0) (0 -1.8735e-20 1.35719e-06))
3((0 1.98181e-07 -1.36194e-12) (0 -1.40669e-06 -2.42861e-20) (0 1.8735e-20 -1.35719e-06))
0()
3((0 3.05311e-20 2.17994e-06) (0 -6.43278e-07 -4.42074e-12) (0 -5.11899e-08 1.04083e-21))
3((0 -3.05311e-20 -2.17994e-06) (0 -1.86696e-06 3.49982e-12) (0 9.46784e-07 3.46945e-21))
0()
0()
0()
0()
1((0 0 -1.28728e-06))
1((0 0 1.28728e-06))
0()
2((0 6.15761e-16 8.25839e-07) (0 -1.04651e-07 5.22995e-13))
1((0 -6.15761e-16 -8.25839e-07))
1((0 4.81864e-07 0))
2((0 0 3.96537e-08) (0 -1.0779e-07 0))
2((0 0 -3.96537e-08) (0 3.72763e-07 0))
1((0 6.22204e-07 0))
1((0 1.40507e-06 0))
1((0 -1.44e-07 0))
2((0 0 -8.05542e-08) (0 -7.65139e-08 0))
2((0 0 8.05542e-08) (0 -2.88381e-07 0))
2((0 0 1.76054e-07) (0 -3.50834e-07 0))
2((0 0 -1.76054e-07) (0 -2.61291e-07 0))
2((0 4.8664e-07 0) (0 0 -1.11466e-06))
2((0 0 1.11466e-06) (0 2.40928e-07 0))
2((0 0 6.15803e-07) (0 -4.66371e-08 0))
2((0 0 -6.15803e-07) (0 -7.34174e-08 0))
1((0 1.7986e-07 0))
2((0 0 3.88329e-06) (0 1.94258e-07 0))
2((0 0 -3.88329e-06) (0 3.11471e-07 0))
1((0 5.18e-07 0))
2((0 0 9.086e-07) (0 4.36867e-07 0))
2((0 0 -9.086e-07) (0 1.44236e-07 0))
1((0 -8.09176e-08 0))
2((0 -7.19777e-07 0) (0 3.27863e-20 -4.7181e-06))
3((0 0 0) (0 -1.05188e-06 4.24506e-16) (0 -3.27863e-20 4.7181e-06))
2((0 0 0) (0 1.15794e-06 2.17068e-12))
2((0 -1.98181e-07 1.36194e-12) (0 -2.89111e-12 4.62757e-07))
3((0 2.89111e-12 -4.62757e-07) (0 4.32305e-11 6.91955e-06) (0 -9.6167e-07 0))
2((0 -4.32305e-11 -6.91955e-06) (0 6.43278e-07 4.42074e-12))
2((0 1.86696e-06 -3.49982e-12) (0 1.8391e-11 -2.94371e-06))
3((0 -1.8391e-11 2.94371e-06) (0 -1.72859e-06 -6.97606e-16) (0 -4.85723e-21 -7.16519e-07))
2((0 -4.056e-06 0) (0 4.85723e-21 7.16519e-07))
1((0 -2.14265e-06 0))
1((0 -1.67779e-06 0))
2((0 0 -1.01644e-06) (0 -6.74232e-07 0))
2((0 0 1.01644e-06) (0 3.1239e-07 0))
1((0 1.55025e-06 0))
1((0 1.04651e-07 -5.22995e-13))
0()
1((0 -4.81864e-07 0))
2((0 1.0779e-07 0) (0 0 8.758e-07))
2((0 -3.72763e-07 0) (0 0 -8.758e-07))
1((0 -6.22204e-07 0))
1((0 -1.40507e-06 0))
1((0 1.44e-07 0))
2((0 7.65139e-08 0) (0 0 -4.05694e-07))
2((0 2.88381e-07 0) (0 0 4.05694e-07))
2((0 3.50834e-07 0) (0 0 -2.41617e-07))
2((0 2.61291e-07 0) (0 0 2.41617e-07))
2((0 -4.8664e-07 0) (0 0 -3.3479e-06))
2((0 0 3.3479e-06) (0 -2.40928e-07 0))
2((0 4.66371e-08 0) (0 0 6.05837e-07))
2((0 0 -6.05837e-07) (0 7.34174e-08 0))
1((0 -1.7986e-07 0))
2((0 -1.94258e-07 0) (0 0 3.44614e-06))
2((0 0 -3.44614e-06) (0 -3.11471e-07 0))
1((0 -5.18e-07 0))
2((0 -4.36867e-07 0) (0 0 4.14294e-07))
2((0 -1.44236e-07 0) (0 0 -4.14294e-07))
1((0 8.09176e-08 0))
1((0 7.19777e-07 0))
2((0 1.05188e-06 -4.24506e-16) (0 0 -6.98843e-06))
1((0 0 6.98843e-06))
0()
1((0 9.6167e-07 0))
1((0 0 2.19269e-07))
1((0 0 -2.19269e-07))
1((0 1.72859e-06 6.97606e-16))
1((0 4.056e-06 0))
1((0 2.14265e-06 0))
1((0 1.67779e-06 0))
2((0 6.74232e-07 0) (0 0 -7.3969e-07))
2((0 0 7.3969e-07) (0 -3.1239e-07 0))
1((0 -1.55025e-06 0))
0()
0()
0()
1((0 0 1.40279e-06))
1((0 0 -1.40279e-06))
0()
0()
0()
1((0 0 -5.91598e-07))
1((0 0 5.91598e-07))
1((0 0 -6.14812e-07))
1((0 0 6.14812e-07))
1((0 0 -2.85815e-06))
1((0 0 2.85815e-06))
1((0 0 4.02057e-07))
1((0 0 -4.02057e-07))
0()
1((0 0 2.70051e-06))
1((0 0 -2.70051e-06))
0()
1((0 0 3.73798e-08))
1((0 0 -3.73798e-08))
0()
0()
1((0 0 -5.42893e-06))
1((0 0 5.42893e-06))
0()
0()
1((0 0 5.01369e-07))
1((0 0 -5.01369e-07))
0()
0()
0()
0()
1((0 0 -5.85824e-07))
1((0 0 5.85824e-07))
0()
1((0 0 -3.4121e-07))
2((0 0 3.4121e-07) (0 -1.70901e-07 -1.82146e-21))
0()
2((0 0 8.36772e-07) (0 -4.22074e-07 7.28584e-21))
2((0 0 -8.36772e-07) (0 2.2648e-07 1.04083e-21))
0()
0()
1((0 7.94444e-07 6.245e-21))
2((0 0 -6.91308e-07) (0 5.89185e-07 -1.02349e-20))
2((0 0 6.91308e-07) (0 3.27194e-08 1.73472e-22))
2((0 0 -5.2259e-07) (0 -1.70319e-07 8.67362e-22))
2((0 0 5.2259e-07) (0 6.24672e-09 1.73472e-22))
2((0 0 -1.08558e-07) (0 -1.77753e-07 1.21431e-21))
2((0 0 1.08558e-07) (0 1.29131e-08 -2.60209e-22))
2((0 0 -1.75763e-06) (0 -6.78436e-08 -3.46945e-22))
2((0 0 1.75763e-06) (0 1.55754e-07 -7.80626e-22))
1((0 5.25858e-07 9.1073e-21))
1((0 0 2.02149e-06))
2((0 0 -2.02149e-06) (0 1.25587e-07 -2.25514e-21))
1((0 -3.10438e-07 -1.04083e-21))
2((0 0 -7.69049e-09) (0 8.21932e-07 -2.77556e-21))
2((0 0 7.69049e-09) (0 2.46645e-06 4.27609e-20))
0()
1((0 -1.89978e-06 3.29597e-20))
2((0 0 -9.34424e-07) (0 -1.21762e-06 -4.16334e-21))
2((0 0 9.34424e-07) (0 -1.69599e-06 5.89806e-21))
1((0 -2.91204e-06 -5.06539e-20))
0()
2((0 0 4.53373e-07) (0 -1.35879e-06 2.35922e-20))
2((0 0 -4.53373e-07) (0 -2.11417e-06 -7.28584e-21))
1((0 -8.7828e-07 3.1225e-21))
1((0 1.35608e-06 1.8735e-20))
0()
1((0 1.62814e-07 -2.42861e-21))
2((0 0 6.01738e-07) (0 7.90858e-08 5.20417e-22))
2((0 0 -6.01738e-07) (0 -2.15032e-07 1.47451e-21))
1((0 -6.87909e-07 -9.54098e-21))
1((0 -1.47218e-15 -5.99399e-07))
3((0 1.47218e-15 5.99399e-07) (0 -1.1389e-07 4.98163e-13) (0 1.70901e-07 1.82146e-21))
1((0 1.73664e-08 5.43126e-14))
3((0 1.85615e-20 1.33652e-06) (0 -1.40191e-07 -9.63422e-13) (0 4.22074e-07 -7.28584e-21))
3((0 -1.85615e-20 -1.33652e-06) (0 0 0) (0 -2.2648e-07 -1.04083e-21))
0()
1((0 3.51845e-16 1.43254e-07))
3((0 1.46239e-06 -4.56272e-12) (0 -7.94444e-07 -6.245e-21) (0 -3.51845e-16 -1.43254e-07))
3((0 -1.35498e-20 -9.76443e-07) (0 0 0) (0 -5.89185e-07 1.02349e-20))
3((0 1.35498e-20 9.76443e-07) (0 -4.88534e-07 9.1545e-13) (0 -3.27194e-08 -1.73472e-22))
3((0 9.56266e-21 -6.89137e-07) (0 -3.20468e-07 -6.00515e-13) (0 1.70319e-07 -8.67362e-22))
3((0 -9.56266e-21 6.89137e-07) (0 -7.89063e-08 5.42092e-13) (0 -6.24672e-09 -1.73472e-22))
2((0 -3.61392e-07 -1.12797e-12) (0 1.77753e-07 -1.21431e-21))
3((0 -9.54627e-08 -6.56201e-13) (0 -1.29131e-08 2.60209e-22) (0 -4.51028e-21 -3.22497e-07))
3((0 -1.33632e-07 2.50409e-13) (0 6.78436e-08 3.46945e-22) (0 4.51028e-21 3.22497e-07))
3((0 -1.70068e-07 -3.18686e-13) (0 -1.55754e-07 7.80626e-22) (0 -7.28584e-21 5.28967e-07))
3((0 6.80034e-08 -4.67334e-13) (0 -5.25858e-07 -9.1073e-21) (0 7.28584e-21 -5.28967e-07))
0()
3((0 -1.79572e-07 -1.23406e-12) (0 -1.25587e-07 2.25514e-21) (0 1.82146e-21 1.29265e-07))
3((0 -7.21606e-07 1.3522e-12) (0 3.10438e-07 1.04083e-21) (0 -1.82146e-21 -1.29265e-07))
3((0 -5.55112e-21 3.97223e-07) (0 -7.92342e-07 -1.48475e-12) (0 -8.21932e-07 2.77556e-21))
3((0 5.55112e-21 -3.97223e-07) (0 8.42056e-07 -5.78499e-12) (0 -2.46645e-06 -4.27609e-20))
2((0 1.58151e-06 9.87848e-12) (0 -7.16011e-12 -1.90923e-06))
4((0 -9.6235e-07 -6.6151e-12) (0 1.89978e-06 -3.29597e-20) (0 7.16011e-12 1.90923e-06) (0 -6.37511e-21 -4.58252e-07))
3((0 -5.57423e-07 1.04454e-12) (0 1.21762e-06 4.16334e-21) (0 6.37511e-21 4.58252e-07))
3((0 -4.32272e-07 -8.10022e-13) (0 1.69599e-06 -5.89806e-21) (0 1.22298e-20 -8.81108e-07))
4((0 0 0) (0 2.91204e-06 5.06539e-20) (0 -1.22298e-20 8.81108e-07) (0 -3.3763e-12 9.00285e-07))
2((0 1.14867e-06 -7.17488e-12) (0 3.3763e-12 -9.00285e-07))
3((0 7.28584e-21 5.18013e-07) (0 0 0) (0 1.35879e-06 -2.35922e-20))
3((0 -7.28584e-21 -5.18013e-07) (0 0 0) (0 2.11417e-06 7.28584e-21))
3((0 0 0) (0 8.7828e-07 -3.1225e-21) (0 2.10118e-20 -1.51409e-06))
4((0 -5.34534e-07 3.67433e-12) (0 -1.35608e-06 -1.8735e-20) (0 -2.10118e-20 1.51409e-06) (0 5.9771e-12 -1.59378e-06))
2((0 -1.31127e-06 8.19049e-12) (0 -5.9771e-12 1.59378e-06))
3((0 -2.03815e-07 -1.40022e-12) (0 -1.62814e-07 2.42861e-21) (0 1.17961e-20 8.35641e-07))
3((0 2.3301e-07 -4.36631e-13) (0 -7.90858e-08 -5.20417e-22) (0 -1.17961e-20 -8.35641e-07))
3((0 -1.99791e-07 -3.74382e-13) (0 2.15032e-07 -1.47451e-21) (0 8.67362e-23 -8.07681e-09))
3((0 0 0) (0 6.87909e-07 9.54098e-21) (0 -8.67362e-23 8.07681e-09))
0()
2((0 1.1389e-07 -4.98163e-13) (0 1.66655e-15 7.53775e-07))
3((0 -1.66655e-15 -7.53775e-07) (0 0 0) (0 -1.73664e-08 -5.43126e-14))
2((0 1.40191e-07 9.63422e-13) (0 0 0))
2{(0 0 0)}
3((0 0 0) (0 1.5786e-20 2.27297e-06) (0 1.49836e-06 6.04696e-16))
1((0 -1.5786e-20 -2.27297e-06))
2((0 -1.46239e-06 4.56272e-12) (0 0 0))
2{(0 0 0)}
2((0 4.88534e-07 -9.1545e-13) (0 0 0))
2((0 0 0) (0 3.20468e-07 6.00515e-13))
2((0 7.89063e-08 -5.42092e-13) (0 -5.0307e-21 3.63406e-07))
3((0 5.0307e-21 -3.63406e-07) (0 3.61392e-07 1.12797e-12) (0 0 0))
2((0 0 0) (0 9.54627e-08 6.56201e-13))
2((0 1.33632e-07 -2.50409e-13) (0 0 -1.62231e-06))
2((0 0 1.62231e-06) (0 1.70068e-07 3.18686e-13))
2((0 -6.80034e-08 4.67334e-13) (0 0 0))
3((0 0 0) (0 4.41281e-12 7.06322e-07) (0 -3.78745e-07 0))
2((0 1.79572e-07 1.23406e-12) (0 -4.41281e-12 -7.06322e-07))
2((0 7.21606e-07 -1.3522e-12) (0 0 -1.19869e-06))
2((0 0 1.19869e-06) (0 7.92342e-07 1.48475e-12))
2((0 -8.42056e-07 5.78499e-12) (0 3.33067e-20 -2.3724e-06))
3((0 -1.58151e-06 -9.87848e-12) (0 -3.33067e-20 2.3724e-06) (0 -1.249e-20 -9.22357e-07))
2((0 1.249e-20 9.22357e-07) (0 9.6235e-07 6.6151e-12))
2((0 5.57423e-07 -1.04454e-12) (0 0 -6.04974e-07))
2((0 0 6.04974e-07) (0 4.32272e-07 8.10022e-13))
2((0 0 0) (0 1.38778e-20 -1.04467e-06))
3((0 -1.38778e-20 1.04467e-06) (0 -1.14867e-06 7.17488e-12) (0 -1.35308e-20 -9.73213e-07))
2((0 0 0) (0 1.35308e-20 9.73213e-07))
2((0 0 0) (0 0 -6.73255e-07))
2((0 0 6.73255e-07) (0 0 0))
2((0 5.34534e-07 -3.67433e-12) (0 4.30211e-20 -3.09449e-06))
3((0 -4.30211e-20 3.09449e-06) (0 1.31127e-06 -8.19049e-12) (0 0 0))
2((0 2.03815e-07 1.40022e-12) (0 0 0))
2((0 -2.3301e-07 4.36631e-13) (0 0 2.63633e-06))
2((0 0 -2.63633e-06) (0 1.99791e-07 3.74382e-13))
1((0 0 0))
1((0 0 -6.48354e-07))
1((0 0 6.48354e-07))
0()
1((0 0 1.59464e-06))
1((0 0 -1.59464e-06))
1((0 -1.49836e-06 -6.04696e-16))
0()
0()
1((0 0 -9.3181e-07))
1((0 0 9.3181e-07))
1((0 0 -5.98103e-07))
1((0 0 5.98103e-07))
1((0 0 1.76625e-06))
1((0 0 -1.76625e-06))
1((0 0 -1.54408e-06))
1((0 0 1.54408e-06))
0()
2((0 0 4.41107e-07) (0 3.78745e-07 0))
1((0 0 -4.41107e-07))
0()
1((0 0 -3.10152e-07))
1((0 0 3.10152e-07))
0()
0()
1((0 0 -5.11442e-07))
1((0 0 5.11442e-07))
0()
0()
1((0 0 -9.52044e-08))
1((0 0 9.52044e-08))
0()
0()
0()
0()
1((0 0 3.51654e-06))
1((0 0 -3.51654e-06))
0()
0()
0()
0()
1((0 0 1.21253e-06))
1((0 0 -1.21253e-06))
0()
0()
0()
1((0 0 -6.12688e-07))
1((0 0 6.12688e-07))
1((0 0 -3.9985e-07))
1((0 0 3.9985e-07))
1((0 0 1.46284e-06))
1((0 0 -1.46284e-06))
1((0 0 -1.56761e-06))
1((0 0 1.56761e-06))
0()
1((0 0 1.35708e-09))
1((0 0 -1.35708e-09))
0()
1((0 0 -7.49427e-07))
1((0 0 7.49427e-07))
0()
0()
1((0 0 -4.56489e-07))
1((0 0 4.56489e-07))
0()
0()
1((0 0 -2.88119e-07))
1((0 0 2.88119e-07))
0()
0()
0()
0()
1((0 0 3.36909e-06))
1((0 0 -3.36909e-06))
0()
2((0 0 -5.08477e-07) (0 -1.15327e-06 0))
2((0 0 5.08477e-07) (0 -2.08533e-06 -2.22045e-20))
0()
2((0 0 1.8778e-06) (0 5.96386e-06 -1.00614e-19))
2((0 0 -1.8778e-06) (0 3.16737e-06 1.38778e-20))
1((0 4.78228e-06 -2.08167e-20))
1((0 9.86518e-06 1.62717e-19))
1((0 -4.12344e-07 3.29597e-21))
2((0 0 -3.3559e-07) (0 -1.5108e-06 2.61943e-20))
2((0 0 3.3559e-07) (0 -7.53107e-07 -3.90313e-21))
2((0 0 -5.06641e-07) (0 -4.02152e-07 0))
2((0 0 5.06641e-07) (0 -7.0269e-07 0))
1((0 0 -3.33183e-06))
2((0 0 3.33183e-06) (0 -3.59481e-07 6.245e-21))
2((0 0 -3.65066e-07) (0 -3.21933e-07 -1.64799e-21))
2((0 0 3.65066e-07) (0 -3.5975e-07 1.9082e-21))
1((0 -4.84528e-07 -8.41341e-21))
1((0 0 -6.34088e-07))
2((0 0 6.34088e-07) (0 -1.07463e-06 1.85615e-20))
1((0 -8.82976e-07 -3.1225e-21))
2((0 0 -6.07452e-07) (0 -7.56319e-07 2.60209e-21))
2((0 0 6.07452e-07) (0 -8.85899e-07 -1.53523e-20))
1((0 -3.02362e-07 2.08167e-21))
1((0 -3.37245e-07 5.89806e-21))
2((0 0 4.58606e-07) (0 -1.16719e-07 -4.33681e-22))
2((0 0 -4.58606e-07) (0 1.35994e-07 -4.77049e-22))
1((0 3.80858e-07 6.61363e-21))
1((0 0 0))
2((0 0 -3.86104e-07) (0 -6.23677e-07 1.07987e-20))
2((0 0 3.86104e-07) (0 0 0))
1((0 0 0))
1((0 -1.16167e-06 -1.61329e-20))
1((0 -1.13185e-06 -7.89299e-21))
1((0 -8.06689e-07 1.11022e-20))
2((0 0 0) (0 -6.47528e-07 -4.51028e-21))
2((0 0 0) (0 3.43647e-08 0))
1((0 1.60864e-07 0))
2((0 1.15327e-06 0) (0 -7.40562e-16 -3.01521e-07))
4((0 2.08533e-06 2.22045e-20) (0 7.40562e-16 3.01521e-07) (0 0 0) (0 1.27172e-12 -3.39103e-07))
2((0 0 0) (0 -1.27172e-12 3.39103e-07))
3((0 -5.96386e-06 1.00614e-19) (0 1.73472e-21 1.19604e-07) (0 0 0))
3((0 -3.16737e-06 -1.38778e-20) (0 -1.73472e-21 -1.19604e-07) (0 0 0))
3((0 -4.78228e-06 2.08167e-20) (0 0 0) (0 -2.32453e-20 1.67598e-06))
3((0 -9.86518e-06 -1.62717e-19) (0 0 0) (0 2.32453e-20 -1.67598e-06))
2((0 0 0) (0 4.12344e-07 -3.29597e-21))
3((0 1.5108e-06 -2.61943e-20) (0 0 1.399e-09) (0 0 0))
3((0 7.53107e-07 3.90313e-21) (0 0 -1.399e-09) (0 -3.08281e-08 5.77906e-14))
2((0 4.02152e-07 0) (0 0 -4.9633e-07))
2((0 7.0269e-07 0) (0 0 4.9633e-07))
2((0 0 0) (0 -8.48598e-07 -5.30402e-12))
4((0 0 0) (0 3.59481e-07 -6.245e-21) (0 -2.30607e-07 -1.58517e-12) (0 -1.82146e-21 -1.31312e-07))
3((0 3.21933e-07 1.64799e-21) (0 -2.13545e-07 4.00156e-13) (0 1.82146e-21 1.31312e-07))
3((0 3.5975e-07 -1.9082e-21) (0 -2.4329e-07 -4.55894e-13) (0 3.33934e-21 -2.39437e-07))
4((0 4.84528e-07 8.41341e-21) (0 -3.31587e-07 2.2793e-12) (0 -3.33934e-21 2.39437e-07) (0 -1.00228e-12 2.67257e-07))
2((0 1.02347e-06 -6.39284e-12) (0 1.00228e-12 -2.67257e-07))
3((0 1.07463e-06 -1.85615e-20) (0 -6.71364e-07 -4.61232e-12) (0 2.51535e-21 1.83659e-07))
3((0 8.82976e-07 3.1225e-21) (0 0 0) (0 -2.51535e-21 -1.83659e-07))
3((0 7.56319e-07 -2.60209e-21) (0 1.00614e-20 -7.24394e-07) (0 0 0))
3((0 8.85899e-07 1.53523e-20) (0 -1.00614e-20 7.24394e-07) (0 0 0))
2((0 0 0) (0 3.02362e-07 -2.08167e-21))
3((0 3.37245e-07 -5.89806e-21) (0 -2.35066e-07 -1.61582e-12) (0 8.67362e-22 6.0287e-08))
3((0 1.16719e-07 4.33681e-22) (0 2.82766e-09 -5.29867e-15) (0 -8.67362e-22 -6.0287e-08))
3((0 -1.35994e-07 4.77049e-22) (0 -2.22752e-08 -4.17409e-14) (0 -2.68882e-21 1.93412e-07))
3((0 -3.80858e-07 -6.61363e-21) (0 0 0) (0 2.68882e-21 -1.93412e-07))
2{(0 0 0)}
3((0 6.23677e-07 -1.07987e-20) (0 -2.60209e-21 -1.89013e-07) (0 0 0))
3((0 0 0) (0 2.60209e-21 1.89013e-07) (0 0 0))
3((0 0 0) (0 0 0) (0 6.02816e-21 -4.33386e-07))
3((0 1.16167e-06 1.61329e-20) (0 0 0) (0 -6.02816e-21 4.33386e-07))
2((0 1.13185e-06 7.89299e-21) (0 -8.67894e-07 2.70886e-12))
3((0 8.06689e-07 -1.11022e-20) (0 -1.92674e-06 -1.32368e-11) (0 1.50921e-20 1.09058e-06))
3((0 6.47528e-07 4.51028e-21) (0 -1.57957e-07 2.96108e-13) (0 -1.50921e-20 -1.09058e-06))
1((0 -3.43647e-08 0))
1((0 -1.60864e-07 0))
0()
1((0 0 0))
2((0 0 0) (0 9.15934e-20 6.54349e-06))
2((0 0 0) (0 -9.15934e-20 -6.54349e-06))
2((0 0 0) (0 0 -1.6974e-06))
2((0 0 1.6974e-06) (0 0 0))
2((0 0 0) (0 6.93889e-20 -5.04808e-06))
3((0 -6.93889e-20 5.04808e-06) (0 0 0) (0 -4.02456e-20 -2.85512e-06))
2((0 4.02456e-20 2.85512e-06) (0 0 0))
2((0 3.08281e-08 -5.77906e-14) (0 0 0))
3((0 0 0) (0 0 -4.67541e-07) (0 -7.26111e-08 -2.93037e-17))
3((0 0 4.67541e-07) (0 -3.3805e-12 -5.41091e-07) (0 5.73546e-08 -4.9804e-17))
3((0 8.48598e-07 5.30402e-12) (0 3.3805e-12 5.41091e-07) (0 0 0))
2((0 0 0) (0 2.30607e-07 1.58517e-12))
2((0 2.13545e-07 -4.00156e-13) (0 0 -3.96702e-07))
2((0 0 3.96702e-07) (0 2.4329e-07 4.55894e-13))
2((0 3.31587e-07 -2.2793e-12) (0 -2.74086e-20 1.98132e-06))
3((0 2.74086e-20 -1.98132e-06) (0 -1.02347e-06 6.39284e-12) (0 0 0))
2((0 6.71364e-07 4.61232e-12) (0 0 0))
2((0 0 0) (0 0 -2.03589e-06))
2((0 0 2.03589e-06) (0 0 0))
2((0 0 0) (0 -3.38271e-21 2.45389e-07))
3((0 3.38271e-21 -2.45389e-07) (0 0 0) (0 0 0))
2((0 0 0) (0 2.35066e-07 1.61582e-12))
2((0 -2.82766e-09 5.29867e-15) (0 0 0))
2((0 0 0) (0 2.22752e-08 4.17409e-14))
2((0 0 0) (0 4.42354e-21 -3.1692e-07))
3((0 -4.42354e-21 3.1692e-07) (0 0 0) (0 0 0))
2{(0 0 0)}
2((0 0 0) (0 0 -1.68432e-06))
2((0 0 1.68432e-06) (0 0 0))
2{(0 0 0)}
3((0 8.67894e-07 -2.70886e-12) (0 0 0) (0 0 0))
2((0 1.92674e-06 1.32368e-11) (0 0 0))
2((0 1.57957e-07 -2.96108e-13) (0 0 0))
3((0 0 0) (0 -1.21431e-21 -1.74562e-07) (0 -9.09172e-08 -3.66917e-17))
1((0 1.21431e-21 1.74562e-07))
1((0 0 1.75919e-07))
1((0 0 -1.75919e-07))
0()
1((0 0 -2.57161e-06))
1((0 0 2.57161e-06))
0()
0()
0()
1((0 0 6.68687e-07))
1((0 0 -6.68687e-07))
2((0 0 -4.77848e-07) (0 7.26111e-08 2.93037e-17))
2((0 0 4.77848e-07) (0 -5.73546e-08 4.9804e-17))
1((0 0 -6.1745e-07))
1((0 0 6.1745e-07))
1((0 0 -4.0151e-07))
1((0 0 4.0151e-07))
0()
1((0 0 3.48641e-07))
1((0 0 -3.48641e-07))
0()
1((0 0 -6.07311e-07))
1((0 0 6.07311e-07))
0()
0()
1((0 0 9.91345e-07))
1((0 0 -9.91345e-07))
0()
0()
1((0 0 1.60921e-07))
1((0 0 -1.60921e-07))
0()
0()
0()
0()
1((0 0 6.70767e-06))
2((0 0 -6.70767e-06) (0 9.09172e-08 3.66917e-17))
0()
0()
0()
0()
1((0 0 -1.27233e-06))
1((0 0 1.27233e-06))
0()
0()
0()
1((0 0 6.38705e-07))
1((0 0 -6.38705e-07))
1((0 0 -4.88278e-07))
1((0 0 4.88278e-07))
1((0 0 -5.55075e-07))
1((0 0 5.55075e-07))
1((0 0 -4.06925e-07))
1((0 0 4.06925e-07))
0()
1((0 0 9.60594e-07))
1((0 0 -9.60594e-07))
0()
1((0 0 -4.44396e-07))
1((0 0 4.44396e-07))
0()
0()
1((0 0 6.92045e-07))
1((0 0 -6.92045e-07))
0()
0()
1((0 0 3.70071e-07))
1((0 0 -3.70071e-07))
0()
0()
0()
0()
1((0 0 4.30135e-06))
1((0 0 -4.30135e-06))
0()
2((0 1.11156e-16 4.21658e-07) (0 6.0982e-07 -1.52401e-12))
1((0 -1.11156e-16 -4.21658e-07))
0()
1((0 0 -1.31273e-06))
1((0 0 1.31273e-06))
0()
0()
0()
2((0 0 4.46588e-07) (0 2.82468e-07 -4.90059e-21))
2((0 0 -4.46588e-07) (0 1.96342e-07 1.01915e-21))
1((0 0 -3.65475e-07))
1((0 0 3.65475e-07))
1((0 0 7.70342e-09))
2((0 0 -7.70342e-09) (0 -2.4369e-07 4.2067e-21))
2((0 0 -1.62234e-06) (0 -1.52462e-07 -7.80626e-22))
1((0 0 1.62234e-06))
0()
1((0 0 2.06174e-06))
1((0 0 -2.06174e-06))
0()
2((0 0 -4.7013e-07) (0 2.42469e-07 -8.45678e-22))
2((0 0 4.7013e-07) (0 6.48419e-07 1.12323e-20))
0()
0()
1((0 0 -1.22433e-06))
1((0 0 1.22433e-06))
0()
0()
2((0 0 4.71218e-07) (0 2.07205e-07 -3.46945e-21))
2((0 0 -4.71218e-07) (0 -8.15616e-08 -3.46945e-22))
0()
0()
0()
0()
1((0 0 8.60409e-07))
1((0 0 -8.60409e-07))
0()
1((0 -6.0982e-07 1.52401e-12))
0()
0()
1((0 0 -3.10837e-06))
1((0 0 3.10837e-06))
0()
0()
0()
3((0 -1.73472e-22 -1.23216e-08) (0 0 0) (0 -2.82468e-07 4.90059e-21))
3((0 1.73472e-22 1.23216e-08) (0 1.43343e-07 -2.68711e-13) (0 -1.96342e-07 -1.01915e-21))
1((0 0 -7.82242e-08))
1((0 0 7.82242e-08))
0()
3((0 -2.56432e-07 -1.76225e-12) (0 2.4369e-07 -4.2067e-21) (0 -7.45931e-21 -5.37916e-07))
3((0 -6.51475e-08 1.22126e-13) (0 1.52462e-07 7.80626e-22) (0 7.45931e-21 5.37916e-07))
0()
0()
1((0 0 2.93142e-06))
1((0 0 -2.93142e-06))
0()
3((0 3.31766e-21 -2.38376e-07) (0 -1.89618e-07 -3.5546e-13) (0 -2.42469e-07 8.45678e-22))
3((0 -3.31766e-21 2.38376e-07) (0 0 0) (0 -6.48419e-07 -1.12323e-20))
1((0 0 0))
0()
1((0 0 -1.54744e-06))
1((0 0 1.54744e-06))
0()
0()
3((0 -6.07153e-21 -4.40115e-07) (0 5.55601e-07 3.81821e-12) (0 -2.07205e-07 3.46945e-21))
3((0 6.07153e-21 4.40115e-07) (0 0 0) (0 8.15616e-08 3.46945e-22))
0()
0()
0()
0()
1((0 0 9.91064e-07))
1((0 0 -9.91064e-07))
0()
2((0 6.85326e-16 2.59972e-06) (0 -6.74437e-08 1.6855e-13))
2((0 0 0) (0 -6.85326e-16 -2.59972e-06))
1((0 0 0))
1((0 0 -4.7372e-06))
1((0 0 4.7372e-06))
0()
1((0 -4.89192e-20 2.34516e-06))
3((0 0 0) (0 4.89192e-20 -2.34516e-06) (0 6.1212e-07 -1.73448e-15))
2{(0 0 0)}
2((0 -1.43343e-07 2.68711e-13) (0 1.38419e-12 -2.21557e-07))
3((0 -1.38419e-12 2.21557e-07) (0 1.9082e-21 2.73597e-07) (0 1.72623e-07 6.96658e-17))
2((0 -1.9082e-21 -2.73597e-07) (0 1.85615e-20 -8.91284e-07))
3((0 -5.8844e-14 -9.41867e-09) (0 -1.85615e-20 8.91284e-07) (0 -9.61687e-07 2.725e-15))
2((0 5.8844e-14 9.41867e-09) (0 2.56432e-07 1.76225e-12))
2((0 6.51475e-08 -1.22126e-13) (0 9.90262e-12 -1.58504e-06))
3((0 -9.90262e-12 1.58504e-06) (0 -7.37257e-22 -1.03202e-07) (0 -4.89087e-08 -1.97382e-17))
1((0 7.37257e-22 1.03202e-07))
1((0 0 1.72872e-06))
2((0 0 -1.72872e-06) (0 7.71952e-21 -1.10796e-06))
3((0 0 0) (0 -7.71952e-21 1.10796e-06) (0 -1.99568e-07 8.05396e-17))
2((0 0 0) (0 1.89618e-07 3.5546e-13))
2((0 0 0) (0 -1.81208e-15 -8.19607e-07))
3((0 1.81208e-15 8.19607e-07) (0 0 0) (0 0 0))
1((0 0 0))
1((0 0 -1.51406e-06))
1((0 0 1.51406e-06))
1((0 -3.92048e-20 1.88638e-06))
3((0 0 0) (0 3.92048e-20 -1.88638e-06) (0 4.84561e-07 -1.37303e-15))
2((0 0 0) (0 -5.55601e-07 -3.81821e-12))
2((0 0 0) (0 -1.0782e-11 1.7258e-06))
3((0 1.0782e-11 -1.7258e-06) (0 2.77556e-20 4.03256e-06) (0 -2.58189e-07 -1.04197e-16))
1((0 -2.77556e-20 -4.03256e-06))
0()
0()
1((0 0 5.9193e-07))
1((0 0 -5.9193e-07))
0()
1((0 6.74437e-08 -1.6855e-13))
0()
1((0 -8.52554e-07 0))
2((0 0 -3.08276e-06) (0 -5.65445e-07 0))
2((0 0 3.08276e-06) (0 -8.99755e-07 0))
1((0 4.27675e-08 0))
1((0 7.58556e-07 0))
2((0 -5.97396e-08 0) (0 -6.1212e-07 1.73448e-15))
2((0 0 -1.35727e-07) (0 -2.4094e-07 0))
2((0 0 1.35727e-07) (0 -8.86421e-09 0))
3((0 0 1.71588e-07) (0 3.91089e-08 0) (0 -1.72623e-07 -6.96658e-17))
2((0 0 -1.71588e-07) (0 2.60235e-08 0))
3((0 0 -4.43532e-07) (0 -3.20643e-07 0) (0 9.61687e-07 -2.725e-15))
2((0 0 4.43532e-07) (0 -8.99908e-08 0))
2((0 0 -1.5205e-06) (0 -7.17463e-08 0))
3((0 0 1.5205e-06) (0 -2.10708e-08 0) (0 4.89087e-08 1.97382e-17))
1((0 6.491e-09 0))
2((0 0 1.16517e-06) (0 9.63135e-08 0))
2((0 0 -1.16517e-06) (0 -4.01093e-07 0))
2((0 -2.65264e-07 0) (0 1.99568e-07 -8.05396e-17))
2((0 0 -3.14833e-07) (0 -5.80721e-07 0))
2((0 0 3.14833e-07) (0 -7.79825e-07 0))
1((0 -1.14727e-07 0))
1((0 4.97468e-09 0))
2((0 0 -1.48138e-06) (0 -4.07841e-09 0))
2((0 0 1.48138e-06) (0 5.25278e-07 0))
1((0 1.72196e-06 0))
2((0 1.39463e-06 0) (0 -4.84561e-07 1.37303e-15))
2((0 0 -1.88682e-07) (0 3.15465e-08 0))
2((0 0 1.88682e-07) (0 3.18945e-07 0))
2((0 1.9322e-06 0) (0 2.58189e-07 1.04197e-16))
1((0 6.32192e-06 0))
1((0 -4.44843e-06 0))
1((0 -1.33794e-06 0))
2((0 0 -1.75861e-07) (0 -9.57687e-07 0))
2((0 0 1.75861e-07) (0 -5.32074e-07 0))
1((0 -9.11682e-07 0))
2((-5.71628e-28 -5.63443e-06 1.40811e-11) (1.5069e-37 -1.18726e-16 -4.50377e-07))
1((-1.5069e-37 1.18726e-16 4.50377e-07))
1((0 8.52554e-07 0))
2((0 5.65445e-07 0) (0 0 -1.47029e-06))
2((0 8.99755e-07 0) (0 0 1.47029e-06))
1((0 -4.27675e-08 0))
1((0 -7.58556e-07 0))
1((0 5.97396e-08 0))
2((0 2.4094e-07 0) (0 0 1.27717e-07))
2((0 8.86421e-09 0) (0 0 -1.27717e-07))
2((0 -3.91089e-08 0) (0 0 4.25832e-08))
2((0 -2.60235e-08 0) (0 0 -4.25832e-08))
2((0 3.20643e-07 0) (0 0 -4.73527e-07))
2((0 8.99908e-08 0) (0 0 4.73527e-07))
2((0 7.17463e-08 0) (0 0 -1.32399e-06))
2((0 0 1.32399e-06) (0 2.10708e-08 0))
1((0 -6.491e-09 0))
2((0 -9.63135e-08 0) (0 0 2.28993e-07))
2((0 4.01093e-07 0) (0 0 -2.28993e-07))
1((0 2.65264e-07 0))
2((0 5.80721e-07 0) (0 0 -4.21805e-07))
2((0 7.79825e-07 0) (0 0 4.21805e-07))
1((0 1.14727e-07 0))
1((0 -4.97468e-09 0))
2((0 4.07841e-09 0) (0 0 0))
2((0 0 0) (0 -5.25278e-07 0))
1((0 -1.72196e-06 0))
1((0 -1.39463e-06 0))
2((0 -3.15465e-08 0) (0 0 5.15188e-07))
2((0 -3.18945e-07 0) (0 0 -5.15188e-07))
1((0 -1.9322e-06 0))
1((0 -6.32192e-06 0))
1((0 4.44843e-06 0))
1((0 1.33794e-06 0))
2((0 9.57687e-07 0) (0 0 -8.62949e-07))
2((0 0 8.62949e-07) (0 5.32074e-07 0))
1((0 9.11682e-07 0))
1((5.71628e-28 5.63443e-06 -1.40811e-11))
0()
0()
1((0 0 -1.00694e-06))
1((0 0 1.00694e-06))
0()
0()
0()
1((0 0 8.08876e-08))
1((0 0 -8.08876e-08))
1((0 0 1.81019e-07))
1((0 0 -1.81019e-07))
2((0 0 -1.66132e-07) (0 2.37138e-07 -1.64799e-21))
1((0 0 1.66132e-07))
1((0 0 -8.67788e-07))
1((0 0 8.67788e-07))
0()
1((0 0 -9.9732e-08))
1((0 0 9.9732e-08))
0()
1((0 0 -1.94955e-07))
1((0 0 1.94955e-07))
0()
1((0 0 0))
2((0 0 1.07384e-06) (0 -2.85066e-07 -9.97466e-22))
1((0 0 -1.07384e-06))
0()
0()
1((0 0 -5.14548e-07))
1((0 0 5.14548e-07))
0()
0()
0()
0()
1((0 0 -4.09916e-06))
1((0 0 4.09916e-06))
0()
1((0 0 2.95251e-07))
1((0 0 -2.95251e-07))
0()
1((0 0 -7.47018e-07))
1((0 0 7.47018e-07))
0()
0()
2((0 -1.49079e-07 -9.31621e-13) (0 1.73941e-12 4.64116e-07))
2((0 0 -3.04225e-07) (0 -1.73941e-12 -4.64116e-07))
1((0 0 3.04225e-07))
1((0 0 4.47738e-07))
1((0 0 -4.47738e-07))
3((0 9.90668e-07 3.095e-12) (0 -1.18232e-15 4.81381e-07) (0 -2.37138e-07 1.64799e-21))
1((0 1.18232e-15 -4.81381e-07))
1((0 0 -8.86085e-07))
1((0 0 8.86085e-07))
0()
1((0 0 3.25519e-08))
1((0 0 -3.25519e-08))
0()
1((0 0 5.37303e-08))
1((0 0 -5.37303e-08))
2((0 0 0) (0 -9.78215e-13 -2.60839e-07))
4((0 0 0) (0 0 0) (0 9.78215e-13 2.60839e-07) (0 -2.25514e-21 -1.61977e-07))
3((0 0 0) (0 2.85066e-07 9.97466e-22) (0 2.25514e-21 1.61977e-07))
0()
1((0 1.54413e-12 -4.1201e-07))
2((0 -2.04362e-07 1.2771e-12) (0 -1.54413e-12 4.1201e-07))
1((0 0 -8.16055e-07))
1((0 0 8.16055e-07))
0()
1((0 -4.72203e-13 1.25995e-07))
2((0 -1.19624e-06 7.47553e-12) (0 4.72203e-13 -1.25995e-07))
0()
1((0 0 -5.66911e-06))
1((0 0 5.66911e-06))
0()
2((0 5.64934e-16 7.57669e-07) (0 2.79612e-07 -1.39754e-12))
1((0 -5.64934e-16 -7.57669e-07))
0()
1((0 0 -3.23833e-07))
1((0 0 3.23833e-07))
1((0 -6.245e-21 9.28998e-07))
2((0 -7.88255e-12 -1.2617e-06) (0 6.245e-21 -9.28998e-07))
2((0 1.49079e-07 9.31621e-13) (0 7.88255e-12 1.2617e-06))
1((0 0 -6.99079e-07))
1((0 0 6.99079e-07))
1((0 -4.16334e-21 5.89312e-07))
2((0 4.16334e-21 -5.89312e-07) (0 -1.57137e-12 -2.51518e-07))
2((0 1.57137e-12 2.51518e-07) (0 -9.90668e-07 -3.095e-12))
0()
1((0 0 -8.09199e-07))
1((0 0 8.09199e-07))
0()
1((0 0 8.66832e-08))
1((0 0 -8.66832e-08))
0()
1((0 -1.38778e-21 2.06689e-07))
2((0 1.38778e-21 -2.06689e-07) (0 -1.83758e-12 -2.94128e-07))
3((0 0 0) (0 1.83758e-12 2.94128e-07) (0 -4.16334e-21 -5.84293e-07))
2((0 4.16334e-21 5.84293e-07) (0 0 0))
2((0 0 0) (0 -7.9705e-12 1.27578e-06))
2((0 7.9705e-12 -1.27578e-06) (0 5.55112e-21 7.44303e-07))
1((0 -5.55112e-21 -7.44303e-07))
2((0 2.04362e-07 -1.2771e-12) (0 -1.98379e-12 3.1753e-07))
2((0 1.98379e-12 -3.1753e-07) (0 -5.55112e-21 -6.8843e-07))
1((0 5.55112e-21 6.8843e-07))
0()
0()
2((0 1.19624e-06 -7.47553e-12) (0 -5.24911e-11 8.40185e-06))
2((0 5.24911e-11 -8.40185e-06) (0 -4.16334e-20 -5.80605e-06))
2((0 0 -5.84155e-06) (0 4.16334e-20 5.80605e-06))
1((0 0 5.84155e-06))
0()
1((0 -2.79612e-07 1.39754e-12))
0()
0()
1((0 0 -9.43641e-08))
1((0 0 9.43641e-08))
0()
0()
0()
1((0 0 -5.64515e-07))
1((0 0 5.64515e-07))
1((0 0 3.76472e-07))
1((0 0 -3.76472e-07))
1((0 0 1.03237e-06))
1((0 0 -1.03237e-06))
1((0 0 -7.30498e-07))
1((0 0 7.30498e-07))
0()
1((0 0 -1.89151e-08))
1((0 0 1.89151e-08))
0()
1((0 0 1.31588e-07))
1((0 0 -1.31588e-07))
0()
0()
1((0 0 1.2659e-06))
1((0 0 -1.2659e-06))
0()
0()
1((0 0 -3.68938e-07))
1((0 0 3.68938e-07))
0()
0()
0()
0()
1((0 0 -6.01018e-06))
1((0 0 6.01018e-06))
0()
1((0 6.54627e-17 2.4832e-07))
1((0 -6.54627e-17 -2.4832e-07))
0()
1((0 0 -1.00273e-07))
1((0 0 1.00273e-07))
0()
0()
0()
1((0 0 -3.0137e-07))
1((0 0 3.0137e-07))
1((0 0 1.58203e-07))
1((0 0 -1.58203e-07))
1((0 0 6.18133e-07))
1((0 0 -6.18133e-07))
1((0 0 -5.30543e-07))
1((0 0 5.30543e-07))
0()
1((0 0 -1.52652e-07))
1((0 0 1.52652e-07))
0()
1((0 0 4.939e-08))
1((0 0 -4.939e-08))
0()
0()
1((0 0 9.0884e-07))
1((0 0 -9.0884e-07))
0()
0()
1((0 0 -9.25946e-08))
1((0 0 9.25946e-08))
0()
0()
0()
0()
1((0 0 -3.98851e-06))
1((0 0 3.98851e-06))
0()
)


// ************************************************************************* //
