/*--------------------------------*- C++ -*----------------------------------*\
| =========                 |                                                 |
| \\      /  F ield         | OpenFOAM: The Open Source CFD Toolbox           |
|  \\    /   O peration     | Version:  2.2.x                                 |
|   \\  /    A nd           | Web:      www.OpenFOAM.org                      |
|    \\/     M anipulation  |                                                 |
\*---------------------------------------------------------------------------*/
FoamFile
{
    version     2.0;
    format      ascii;
    class       vectorField;
    location    "0.01";
    object      angularMomentum;
}
// * * * * * * * * * * * * * * * * * * * * * * * * * * * * * * * * * * * * * //


2405
(
(-4.70945e-15 -1.9509e-30 -9.57975e-31)
(-1.2813e-13 -4.13315e-30 -3.76892e-30)
(-1.23471e-13 4.10731e-31 2.41509e-30)
(1.01875e-13 1.57398e-29 -4.6227e-30)
(5.8664e-14 1.98804e-30 3.03617e-30)
(1.26101e-14 4.18673e-30 3.41137e-30)
(-8.81502e-14 -3.33479e-31 -4.42227e-31)
(-1.6153e-13 -5.0229e-30 5.81575e-30)
(-2.20695e-14 7.24824e-30 -2.18876e-30)
(-6.23747e-15 -1.59553e-32 7.1252e-32)
(-1.9012e-14 -8.95903e-30 -7.57661e-31)
(-2.95147e-14 1.74241e-33 -3.9735e-31)
(-4.45288e-14 6.4259e-30 -1.08591e-30)
(-7.91148e-14 3.75039e-30 -3.06033e-31)
(6.1057e-14 -1.7971e-30 -5.80675e-31)
(-4.08024e-14 -1.30509e-32 8.02371e-32)
(-9.65238e-14 1.314e-30 7.13064e-31)
(7.40775e-14 -2.82428e-29 1.75532e-30)
(8.45096e-14 -1.07481e-29 -1.83854e-30)
(2.50909e-14 1.56185e-39 1.02963e-33)
(-2.8285e-14 3.24125e-32 -1.00522e-32)
(2.8524e-14 -2.42514e-29 -5.89065e-31)
(1.62585e-13 -3.07914e-29 2.62747e-30)
(6.53549e-14 2.62956e-30 -2.63654e-30)
(-1.02704e-13 1.28482e-30 -2.55413e-30)
(-2.39565e-14 6.08517e-36 -5.78549e-31)
(-1.81459e-14 1.78775e-31 3.86061e-31)
(-1.30057e-13 2.0317e-30 1.25718e-29)
(1.19348e-13 -1.93686e-30 -8.07612e-30)
(3.65417e-14 -9.40255e-35 6.54485e-31)
(-3.40392e-14 7.88074e-30 -1.47392e-30)
(-1.06941e-13 -6.3576e-30 8.6233e-30)
(3.22077e-14 -4.89712e-32 -2.4434e-30)
(5.92954e-14 5.58369e-37 6.46087e-31)
(-4.35734e-16 -3.21397e-38 -1.3613e-32)
(2.59259e-15 -1.27251e-29 1.28194e-31)
(-7.78698e-16 7.95282e-43 -2.54405e-49)
(-2.26182e-14 -4.86233e-31 -1.35646e-30)
(1.65912e-13 2.40356e-30 -2.77838e-31)
(-1.90413e-13 2.61804e-29 -4.12619e-35)
(-1.04089e-13 -5.68748e-30 2.21204e-36)
(1.26828e-13 1.07779e-37 2.55531e-35)
(8.54991e-14 2.35889e-30 1.42071e-35)
(1.47489e-13 1.2238e-29 -6.44047e-36)
(1.53907e-13 4.32396e-30 2.22131e-36)
(6.725e-14 2.0422e-30 -1.52529e-35)
(8.21136e-14 2.65384e-34 -5.32679e-36)
(-4.08644e-14 1.68866e-29 -1.38926e-35)
(-2.00045e-13 -1.19651e-35 3.06116e-35)
(3.87814e-14 -1.48779e-29 -3.89491e-35)
(1.72512e-13 9.92297e-31 -3.60442e-38)
(-1.26454e-15 1.51023e-30 4.75578e-36)
(-6.32251e-14 1.74508e-33 -1.49243e-35)
(7.54688e-14 6.69312e-31 -1.28799e-35)
(-6.77835e-14 5.59783e-30 1.07632e-35)
(-5.283e-15 3.66332e-30 2.06656e-35)
(3.13698e-14 -4.87035e-39 1.86911e-36)
(-5.26897e-14 3.70018e-34 8.78689e-36)
(-1.24993e-14 -3.35918e-29 -2.77921e-35)
(-1.5834e-13 2.64886e-29 5.24807e-36)
(-1.21536e-13 -9.94982e-31 -8.21962e-37)
(-7.85352e-14 -5.27731e-30 2.20805e-38)
(-1.08435e-13 -2.89947e-39 -2.30806e-36)
(6.37935e-15 -1.27402e-32 7.8181e-37)
(5.02811e-14 -6.53317e-30 -6.01098e-36)
(5.18571e-14 -1.03553e-29 9.31719e-36)
(8.88607e-14 1.82922e-35 2.37038e-35)
(-5.14143e-14 6.94978e-30 -1.59843e-35)
(1.14155e-14 -2.83085e-29 -8.77081e-35)
(-1.04348e-13 9.70664e-33 4.09842e-39)
(-5.3406e-14 3.66463e-37 3.44452e-38)
(4.82353e-14 1.37889e-39 -1.94111e-36)
(-2.65602e-14 -9.50434e-30 1.91465e-35)
(-4.55934e-15 -4.63736e-41 1.01789e-35)
(-2.63391e-13 7.47262e-30 -1.50304e-29)
(4.58156e-13 -5.36929e-35 -5.01405e-30)
(-9.55579e-15 1.56453e-39 2.06989e-41)
(-3.23219e-13 -6.83273e-36 -8.03622e-41)
(5.17349e-14 7.973e-47 5.06586e-41)
(3.4133e-14 -2.2077e-35 -4.87261e-41)
(-1.25998e-13 7.93189e-46 1.03712e-40)
(9.72867e-14 -4.22125e-44 5.54464e-38)
(5.83447e-14 4.33802e-35 -1.2138e-36)
(-1.44054e-13 -2.48041e-41 8.87916e-36)
(2.04066e-13 -1.60836e-40 -3.90999e-35)
(-1.26092e-13 1.00807e-39 2.75974e-35)
(-4.01151e-13 -2.20319e-30 4.49797e-35)
(-1.69312e-13 -6.16583e-35 -1.3812e-40)
(2.27682e-14 -1.43367e-45 2.944e-39)
(3.27367e-13 -8.47497e-45 -3.70118e-39)
(1.6493e-13 5.31006e-36 -2.7353e-40)
(1.24558e-13 2.47185e-33 -2.50333e-39)
(-5.62205e-14 -1.81969e-35 6.15998e-41)
(4.67654e-14 1.70818e-45 -3.0779e-41)
(1.95676e-13 1.0899e-45 2.47461e-40)
(-1.83444e-13 2.35782e-46 -1.97837e-40)
(-2.1803e-14 7.48851e-44 -6.29934e-43)
(-1.68871e-13 5.40929e-45 -6.00476e-40)
(-9.69539e-14 -9.7037e-35 7.33418e-40)
(4.78261e-14 3.52776e-41 -1.00721e-40)
(1.29677e-13 8.7047e-35 7.19439e-40)
(8.75761e-14 -5.31877e-47 4.37344e-40)
(-1.28178e-13 -8.39271e-35 -3.21187e-41)
(1.40204e-13 -8.70082e-38 3.9455e-40)
(8.74624e-14 -3.99766e-34 -1.61233e-39)
(6.28309e-14 2.28551e-36 2.54247e-39)
(2.04479e-13 -6.26787e-34 2.18132e-39)
(-9.96587e-14 7.43757e-46 -1.97669e-40)
(-1.15362e-13 -5.62084e-45 9.75914e-40)
(1.69262e-13 -6.01439e-35 -6.41406e-40)
(1.46351e-13 5.16153e-44 4.52303e-40)
(7.94368e-15 -2.66102e-30 -2.49845e-36)
(-1.60336e-14 1.61503e-34 3.77961e-37)
(1.0421e-13 -5.33057e-38 -5.90745e-40)
(-1.97953e-13 4.32777e-36 2.82758e-41)
(6.99925e-14 7.44677e-48 3.89957e-42)
(4.68601e-14 3.13512e-36 -4.95599e-42)
(1.01754e-13 -3.27121e-47 5.63167e-42)
(-5.83576e-14 1.08083e-42 8.09762e-40)
(-2.44951e-14 -1.30734e-34 -4.52276e-40)
(-4.67662e-14 1.18791e-43 2.29937e-40)
(4.14661e-14 5.94927e-42 -2.09264e-41)
(2.16111e-14 -2.68762e-43 1.29202e-42)
(2.49046e-13 5.83659e-49 -4.00006e-44)
(9.99243e-14 3.01891e-34 1.80131e-39)
(-4.58302e-14 8.24636e-45 -5.04226e-41)
(-1.71126e-15 -8.43061e-46 7.19484e-42)
(-5.03068e-14 1.75858e-35 -4.94242e-40)
(-2.90826e-13 6.1568e-43 -6.16331e-42)
(-1.32532e-13 1.18299e-35 9.11352e-40)
(-3.51786e-14 -2.45158e-46 -4.08826e-44)
(7.3303e-14 -1.68184e-46 2.01173e-44)
(5.12613e-14 1.20922e-48 -4.44754e-45)
(-5.46405e-14 -2.07091e-43 3.75379e-46)
(-1.16385e-13 -2.21914e-45 -2.32301e-40)
(-2.10071e-13 8.77226e-35 -2.57415e-40)
(4.83128e-14 -1.61576e-42 -1.07153e-40)
(1.36407e-13 -5.01073e-36 -1.67692e-42)
(1.29818e-13 -3.4714e-46 2.99339e-42)
(-4.33998e-14 1.02924e-34 2.22607e-39)
(-2.29449e-13 -1.17111e-45 1.6354e-40)
(-8.16861e-14 1.06719e-34 -1.82462e-39)
(1.44202e-13 -1.20559e-36 -1.0144e-39)
(-1.79198e-14 -8.69907e-47 3.71756e-45)
(-6.4536e-14 3.59093e-46 -2.0418e-44)
(2.31456e-13 -2.19614e-45 1.05084e-40)
(1.23989e-13 2.30266e-34 -3.9751e-40)
(5.14722e-15 1.19303e-46 8.79303e-41)
(1.82339e-15 9.17178e-30 1.86535e-33)
(-1.09967e-13 -1.65886e-35 1.50999e-36)
(-1.67815e-13 -1.43257e-36 -3.55309e-38)
(7.07399e-15 -9.40518e-36 1.8566e-41)
(-1.0801e-13 1.01537e-46 -3.07483e-41)
(2.6956e-14 -1.91104e-35 4.5402e-41)
(-1.01419e-13 -2.38203e-45 7.22935e-42)
(-6.29122e-14 -6.3613e-43 -1.52041e-45)
(1.02081e-13 1.32978e-34 1.6685e-41)
(5.27963e-15 5.95325e-44 -1.02991e-40)
(-5.07729e-14 -7.67004e-43 5.76175e-42)
(-9.36617e-14 3.53105e-43 -3.32728e-43)
(-3.36317e-14 2.11463e-46 1.42098e-44)
(-2.32401e-14 -5.97051e-34 6.01401e-41)
(1.09456e-13 -2.32036e-45 -4.73174e-40)
(-7.52349e-14 1.89248e-46 1.18318e-40)
(-2.77534e-14 -4.0408e-35 -7.70965e-41)
(1.47867e-13 4.16993e-40 -3.09774e-41)
(3.76397e-14 -5.32067e-35 -1.23619e-40)
(7.63026e-16 -6.60656e-47 -5.84489e-41)
(-3.07517e-14 9.34649e-49 -1.61885e-52)
(-1.22699e-13 1.76147e-47 5.25908e-51)
(1.1707e-13 7.15028e-44 -3.93011e-49)
(4.72671e-14 1.02174e-44 4.17544e-40)
(1.33532e-13 -1.77348e-34 -5.63352e-40)
(5.22867e-14 4.53653e-44 -1.99384e-45)
(7.72458e-14 1.20997e-37 5.30786e-44)
(-2.71904e-14 2.40978e-46 2.07174e-45)
(-6.25081e-14 -4.62295e-35 1.15614e-39)
(9.01918e-14 3.99858e-45 -9.3208e-40)
(3.41656e-14 -2.84249e-34 6.01386e-40)
(-1.07956e-13 -5.75597e-35 5.34112e-40)
(-7.09137e-14 -1.89311e-47 -5.68202e-41)
(4.59905e-14 -4.05513e-46 -2.21466e-52)
(-3.06524e-14 6.11816e-46 9.29074e-52)
(-5.91268e-14 -1.86434e-34 3.80935e-41)
(-3.1518e-16 9.11324e-47 -3.41051e-41)
(-2.54803e-14 -9.9416e-30 -1.029e-35)
(3.37563e-14 1.85172e-36 2.5316e-37)
(8.00176e-15 -8.40145e-37 -2.2577e-40)
(8.58256e-14 1.11636e-37 1.69591e-43)
(3.41741e-14 -9.85013e-47 1.9192e-42)
(-2.02124e-14 5.47008e-36 -6.84867e-43)
(1.71386e-13 9.0533e-46 -1.88195e-42)
(9.93446e-14 9.67247e-44 1.03304e-43)
(4.90873e-14 -9.86782e-35 1.46391e-40)
(-3.067e-14 -3.77136e-45 -1.48373e-42)
(-2.0452e-14 6.35481e-44 2.77692e-42)
(-1.12426e-14 -4.94999e-44 -1.36899e-42)
(1.58984e-14 -1.65904e-49 5.99504e-44)
(6.39155e-14 2.0122e-34 6.60702e-41)
(-3.04616e-14 7.66397e-46 1.20188e-41)
(-2.96046e-14 -5.11033e-47 -7.95983e-42)
(-5.23952e-14 3.35805e-35 -2.56832e-42)
(-3.78359e-13 -4.87066e-47 -9.59313e-42)
(-1.73054e-13 6.50478e-35 -3.77663e-41)
(3.0427e-14 -1.54951e-48 2.66448e-42)
(-2.23992e-14 7.55095e-48 -9.57071e-44)
(1.61096e-13 1.62961e-48 2.96217e-45)
(3.24815e-13 -2.24368e-43 -7.47445e-47)
(4.03326e-14 -6.08936e-45 -2.03735e-40)
(1.11048e-14 2.70204e-34 -1.63652e-40)
(-2.64931e-14 -6.48473e-46 1.44486e-40)
(-6.83833e-14 -1.202e-39 -1.32063e-40)
(-3.48004e-14 -3.79396e-45 -3.75695e-40)
(-3.68599e-14 4.07464e-34 1.7044e-40)
(-3.67657e-14 -2.08732e-45 3.82393e-41)
(7.14289e-15 2.1838e-34 1.18977e-40)
(3.00715e-14 6.46504e-35 -1.11973e-40)
(-9.13129e-14 -2.15903e-46 4.44532e-52)
(3.53224e-14 8.38331e-47 3.90254e-53)
(-1.50685e-15 -9.44417e-47 2.45093e-41)
(2.06376e-14 4.82118e-34 2.55279e-40)
(-1.06575e-14 -1.54423e-46 3.40549e-41)
(2.44564e-14 1.08544e-31 5.97297e-33)
(-1.16611e-14 8.8872e-38 -4.50226e-34)
(-7.4541e-14 -5.7924e-36 8.18073e-36)
(-1.31515e-13 -5.74809e-42 1.64388e-48)
(4.88461e-14 9.43838e-48 -1.12189e-44)
(-2.18933e-14 -3.75758e-38 -3.93134e-44)
(2.45007e-14 -9.44537e-47 1.39451e-44)
(-2.05691e-13 -6.32308e-43 -2.6369e-46)
(-9.4323e-14 6.78597e-35 2.33858e-41)
(8.51469e-14 1.0139e-46 4.36459e-44)
(-5.71868e-14 4.67093e-49 -5.37284e-44)
(5.84428e-14 1.79226e-45 3.05926e-44)
(7.50829e-14 2.77801e-49 -2.24418e-45)
(2.30094e-14 -6.01882e-38 2.14682e-44)
(2.18765e-14 -7.57584e-47 -8.6375e-44)
(-4.90014e-14 3.33337e-48 8.86159e-43)
(1.26237e-13 -1.41413e-36 1.59854e-42)
(2.03499e-13 1.45057e-47 1.40448e-43)
(-6.74152e-14 -8.7468e-37 -2.39634e-43)
(3.25738e-14 3.9386e-49 -2.27189e-47)
(-4.89618e-14 -6.52939e-51 2.3871e-47)
(1.48096e-13 -4.10433e-51 -4.74844e-48)
(-2.90648e-13 -7.41594e-54 7.05293e-49)
(-5.68612e-14 1.94206e-45 -4.72246e-44)
(6.76728e-14 -1.27925e-35 2.90421e-42)
(-1.1767e-13 3.44627e-47 9.00145e-43)
(9.91415e-14 6.24379e-42 -4.81784e-43)
(3.40477e-13 1.10418e-45 2.45795e-41)
(-4.60947e-14 -3.50118e-35 1.3671e-41)
(2.48868e-14 2.18868e-47 -3.37694e-42)
(-7.61948e-14 -1.64704e-35 -3.58587e-41)
(1.38517e-13 -2.19713e-39 1.03026e-41)
(1.87636e-14 9.53604e-47 -7.29148e-53)
(-7.5278e-14 -7.51174e-51 1.08154e-53)
(9.49698e-14 7.15499e-48 -9.35104e-42)
(-4.3224e-14 -1.64731e-34 6.8737e-41)
(2.61979e-14 6.74915e-47 -1.41724e-41)
(-5.44683e-14 -1.28863e-29 -9.33097e-30)
(8.63999e-14 7.1297e-36 1.92391e-31)
(-5.76346e-14 -8.05194e-37 7.17631e-31)
(5.37548e-15 -4.82584e-52 3.6422e-56)
(5.6467e-14 9.48873e-50 -1.25639e-54)
(1.85837e-13 1.36412e-56 2.30817e-53)
(-1.59898e-13 -2.63732e-57 -4.64919e-52)
(-1.67601e-13 5.3225e-45 1.95214e-50)
(-2.33355e-13 5.58377e-64 -4.43027e-58)
(-2.62018e-14 9.28889e-62 2.33595e-56)
(-7.01406e-14 -1.00986e-50 -9.23294e-55)
(1.43152e-13 5.28652e-59 2.25474e-54)
(-3.79844e-14 -2.94856e-49 2.77237e-54)
(1.05052e-14 4.77355e-79 6.17716e-73)
(-3.77287e-14 -1.96012e-78 1.29013e-74)
(7.42229e-14 -4.55351e-78 -9.80911e-74)
(1.7095e-13 2.88668e-68 6.26857e-73)
(-4.98494e-14 -1.98621e-49 -1.00987e-55)
(-2.41351e-13 -1.07936e-66 1.15656e-67)
(4.4023e-14 4.14085e-68 2.41293e-64)
(-1.71994e-13 -7.03121e-68 -6.09616e-62)
(2.53244e-13 -6.34653e-66 8.19449e-61)
(1.33666e-13 1.26179e-54 3.43442e-60)
(-6.5114e-14 -2.17324e-66 -2.88134e-61)
(1.03758e-13 -1.02405e-68 4.08478e-63)
(-1.65981e-13 -1.12448e-71 -1.02309e-65)
(8.93965e-14 -3.60753e-72 -2.67085e-74)
(1.25556e-13 -2.46941e-54 3.13272e-59)
(1.84397e-13 -1.77068e-63 -7.75349e-59)
(-6.64183e-14 -1.27023e-63 -2.43679e-58)
(7.61159e-14 -1.16144e-61 5.378e-56)
(1.07665e-13 -2.59848e-59 -1.81421e-54)
(1.20004e-13 -6.88677e-48 -6.76936e-53)
(-2.16951e-13 3.14415e-63 3.94319e-69)
(1.22009e-13 -2.85223e-65 1.19263e-70)
(-1.41288e-13 4.78936e-69 -8.34025e-70)
(-1.07512e-13 -1.03511e-69 5.18284e-71)
(1.15282e-14 -3.82064e-31 9.12423e-31)
(9.07131e-15 -1.20246e-37 -2.23262e-32)
(5.13563e-14 1.33983e-37 -1.30177e-37)
(1.10951e-13 9.91592e-46 -1.60422e-51)
(9.48391e-14 -2.07272e-47 1.78881e-53)
(-6.58384e-14 -1.36183e-53 6.68121e-55)
(1.52759e-13 -5.60313e-55 -2.01125e-56)
(2.15672e-13 -2.93464e-63 2.36428e-58)
(-6.90181e-14 1.04319e-64 3.16599e-70)
(-3.63748e-14 -2.51585e-62 -2.57476e-68)
(-6.57819e-14 -7.37656e-70 -4.77388e-70)
(7.14019e-14 -5.04791e-61 -2.12459e-67)
(1.92396e-13 6.81446e-74 -2.01769e-68)
(2.19418e-13 1.25314e-79 1.13142e-73)
(-6.72334e-14 -4.61018e-79 -1.70652e-73)
(7.49158e-14 -1.19904e-80 1.35101e-73)
(-7.32532e-14 2.70129e-68 -1.86904e-73)
(-1.44762e-13 4.11107e-51 2.68844e-57)
(-3.84805e-14 -6.65425e-64 2.07687e-58)
(-1.62397e-13 -9.7855e-67 -3.46737e-61)
(2.16877e-13 8.94594e-69 1.30456e-65)
(4.21797e-14 2.21789e-67 -8.40927e-64)
(1.60442e-13 -1.66357e-55 5.47832e-61)
(1.90866e-15 9.61065e-68 1.20953e-62)
(3.70034e-14 1.013e-69 -3.03821e-64)
(-4.27406e-14 -3.55998e-72 5.01199e-66)
(7.28729e-14 -3.12384e-71 1.87518e-76)
(1.14992e-13 1.28759e-53 1.65839e-59)
(-2.40651e-14 -5.69873e-65 -1.7708e-59)
(2.00926e-13 -6.40703e-65 1.92447e-59)
(-5.21201e-14 -1.28974e-65 -7.0555e-60)
(-6.84473e-14 7.1796e-63 4.56243e-62)
(-2.50845e-13 -3.30074e-50 3.30486e-56)
(-3.17262e-14 1.2713e-62 -9.68822e-57)
(2.34504e-13 -3.70664e-65 2.2503e-59)
(7.09001e-14 -4.86957e-67 -8.43241e-61)
(-6.55146e-15 1.60792e-67 4.21494e-62)
(5.4458e-14 -1.15186e-30 2.54762e-31)
(-1.25197e-14 3.99301e-37 -3.15177e-32)
(-1.49628e-13 -2.5541e-40 3.57037e-34)
(-5.86823e-14 -1.51e-44 -3.11008e-50)
(3.78842e-14 3.68023e-46 1.11018e-51)
(-4.13422e-14 1.72352e-51 -1.53135e-53)
(-9.24348e-14 6.99289e-53 6.63497e-55)
(-1.02054e-14 1.53141e-62 -7.30995e-57)
(1.66841e-14 -8.09851e-66 -1.31762e-70)
(-3.00157e-15 2.7911e-63 4.19643e-69)
(-1.48189e-14 2.0542e-70 -2.28355e-69)
(-6.49201e-14 3.78427e-62 1.55557e-68)
(-3.91184e-14 -1.71941e-73 1.52258e-68)
(-9.10028e-14 4.79866e-82 -3.44106e-75)
(2.04276e-14 3.0801e-79 3.21333e-74)
(-1.20833e-13 1.61317e-79 -9.76124e-74)
(9.28702e-14 -1.25781e-67 1.80384e-73)
(1.51673e-13 -2.39718e-52 -7.17318e-59)
(5.26976e-16 6.9004e-65 -7.53056e-60)
(9.59794e-14 6.69597e-68 1.14615e-62)
(-1.15772e-13 -2.8629e-70 -3.81263e-66)
(-6.92937e-15 -1.29102e-68 4.9856e-65)
(8.49187e-15 1.56941e-56 5.92395e-63)
(-1.6534e-13 -9.87002e-69 -1.44294e-64)
(-1.73514e-14 -3.2168e-71 4.13605e-66)
(-1.56806e-14 1.8165e-73 -2.60328e-79)
(-3.89056e-14 4.262e-71 -1.02286e-76)
(-1.12876e-13 -1.08441e-53 -3.25844e-59)
(1.11416e-13 3.26685e-65 2.25161e-60)
(2.00022e-15 9.83494e-66 -1.56898e-60)
(-3.5302e-14 5.14762e-66 2.15708e-61)
(1.42746e-14 -2.88014e-65 -6.15421e-64)
(5.05079e-14 2.04485e-72 1.92595e-67)
(-1.13211e-14 -3.9733e-62 1.76374e-67)
(-1.9918e-14 2.31021e-66 -1.34936e-68)
(-1.34489e-14 1.78474e-67 1.40085e-72)
(1.56372e-14 -5.41674e-69 -2.73339e-75)
(-1.63059e-14 -3.98094e-31 2.84506e-30)
(-1.23081e-13 -1.68452e-36 -9.14663e-31)
(-1.79524e-13 7.5061e-43 -1.73874e-37)
(8.41746e-15 1.93344e-43 1.05555e-39)
(-1.30121e-14 -5.07648e-45 -3.36124e-41)
(8.18325e-14 -2.48733e-48 6.55146e-43)
(-6.94172e-14 -3.87658e-51 -4.11663e-45)
(4.79741e-14 -4.15632e-68 8.0526e-75)
(-1.74255e-14 2.67945e-67 5.40879e-73)
(7.9483e-14 -1.27793e-64 -1.61617e-70)
(5.22247e-14 -1.85128e-71 -3.86765e-72)
(-7.89516e-14 -3.31842e-63 2.57306e-69)
(-1.53942e-13 2.12528e-74 -1.35874e-70)
(1.08047e-13 1.1698e-80 -9.5163e-76)
(-8.88753e-14 -3.66995e-79 2.86047e-75)
(1.20464e-13 -4.07492e-80 -7.68772e-75)
(-7.23717e-14 1.63834e-67 -1.21032e-74)
(7.96084e-14 2.07459e-56 1.94053e-62)
(-3.45049e-14 -1.37854e-66 -1.00764e-63)
(-4.76584e-14 -3.07749e-70 1.06562e-68)
(1.67443e-14 -5.39895e-72 -5.55105e-67)
(4.98132e-15 7.89555e-70 9.85214e-65)
(-2.74199e-14 -1.7607e-57 1.75493e-64)
(1.0983e-13 2.33749e-68 -5.01501e-65)
(5.98576e-14 1.12903e-72 5.31829e-67)
(-2.57326e-14 1.67913e-74 -4.54332e-69)
(-4.42961e-14 -1.24534e-71 -3.11907e-72)
(-8.80732e-14 2.87097e-54 -9.81082e-60)
(-1.26896e-13 -1.2065e-64 -2.46538e-60)
(-1.16314e-13 -5.82514e-66 5.67398e-63)
(-4.52654e-15 -1.85053e-67 -5.10394e-66)
(-3.00348e-14 -5.07159e-70 -6.26837e-69)
(-8.61439e-14 -2.78231e-74 -3.01302e-69)
(8.1074e-15 5.37477e-63 -2.42193e-69)
(3.60063e-14 -2.34385e-65 3.28241e-71)
(-4.62901e-15 -1.59178e-68 7.51816e-74)
(-1.28981e-15 4.62325e-71 9.85911e-79)
(5.60272e-14 -3.02197e-31 -6.11484e-33)
(6.59076e-14 5.99375e-37 -5.0145e-32)
(1.73202e-13 1.23764e-37 2.94093e-36)
(-3.30142e-14 -2.28737e-42 -1.7853e-37)
(-5.59579e-14 4.94636e-44 1.05214e-38)
(-4.92569e-15 -9.759e-64 -3.95657e-69)
(-3.4943e-16 8.42086e-61 8.61341e-67)
(2.72099e-13 3.07415e-69 9.48986e-74)
(-3.50464e-14 -9.61018e-69 -4.80948e-73)
(4.36674e-14 2.72992e-66 5.33211e-72)
(-1.08573e-13 5.76488e-73 -3.34588e-71)
(2.38562e-13 5.82132e-65 1.88129e-70)
(-2.42689e-13 -3.8264e-75 -3.83051e-82)
(-1.53621e-13 -3.31599e-81 3.04264e-77)
(1.01659e-13 -8.1957e-82 -1.85672e-76)
(-6.25403e-14 2.10865e-80 8.5646e-76)
(1.2612e-13 -8.93572e-68 5.6118e-74)
(8.68986e-14 -1.71057e-56 2.27632e-62)
(-3.68853e-14 2.10855e-68 -4.47737e-64)
(2.75674e-14 8.18697e-72 8.5991e-66)
(-5.16345e-14 4.50943e-72 1.7709e-66)
(2.08948e-14 -1.42687e-70 -1.65798e-65)
(-2.05827e-14 3.19505e-58 3.0065e-65)
(-1.62582e-13 -1.58732e-69 2.07319e-75)
(-8.67874e-14 -6.69769e-74 -4.43419e-79)
(-9.28303e-15 5.0226e-77 9.8069e-79)
(-1.124e-14 8.13931e-73 -1.90385e-78)
(3.21413e-13 -1.22753e-53 -7.20314e-60)
(1.60702e-14 4.57493e-65 -3.67818e-71)
(1.16769e-13 1.42665e-66 3.52044e-72)
(-1.18604e-13 1.4164e-69 3.94849e-73)
(2.62898e-14 2.82414e-70 -2.55821e-74)
(3.49185e-14 1.41743e-74 5.11738e-80)
(-4.98965e-14 -2.52451e-64 -5.61779e-71)
(-4.99676e-15 6.98638e-66 2.43594e-73)
(-5.52695e-14 5.84318e-70 -1.99186e-76)
(9.77986e-15 -4.01173e-73 1.18126e-77)
(-1.17271e-13 3.60238e-31 2.22133e-31)
(1.71898e-13 2.87963e-38 -9.85854e-32)
(1.6669e-14 -1.04048e-37 3.47351e-32)
(4.00985e-14 -6.80678e-45 -1.75945e-50)
(6.51285e-14 -2.92098e-45 -3.40975e-51)
(-1.47789e-13 -3.58006e-48 1.11436e-51)
(-9.71392e-14 -4.29351e-60 -2.44387e-54)
(2.3514e-13 2.07236e-60 2.17092e-61)
(1.72049e-14 4.75548e-71 2.49554e-77)
(-3.68123e-13 3.22292e-83 7.69468e-79)
(-5.27157e-14 3.48985e-83 -4.4109e-81)
(1.03698e-13 -1.34543e-83 1.09515e-83)
(2.89889e-13 6.99833e-78 -1.79115e-83)
(-1.6102e-13 1.40715e-92 6.05035e-92)
(-3.08566e-14 5.17989e-97 -6.75008e-92)
(2.00075e-13 3.0254e-86 1.34042e-91)
(1.10274e-13 3.76027e-97 6.04665e-92)
(-7.97783e-14 2.47192e-83 4.32677e-90)
(-2.49704e-14 9.56048e-75 -4.24718e-69)
(2.11108e-13 1.19513e-73 3.37377e-68)
(3.69269e-14 -2.30714e-72 -7.68657e-67)
(-4.07928e-14 9.85493e-71 1.00758e-65)
(-8.42523e-14 -3.38011e-59 -1.02909e-64)
(1.11403e-13 1.36286e-83 8.99262e-78)
(5.34069e-14 -1.86037e-82 -1.55523e-76)
(-8.23511e-14 1.76811e-81 8.36306e-76)
(8.89256e-14 -2.04863e-74 -2.5114e-75)
(-8.38926e-15 4.23775e-80 6.34591e-76)
(6.66937e-15 -6.33815e-69 -3.3778e-74)
(-8.56515e-14 -1.42213e-72 3.81898e-78)
(-8.41434e-14 4.28001e-85 -1.2617e-79)
(-2.9535e-13 -8.79118e-75 -1.15338e-77)
(9.48537e-14 -5.81436e-75 4.8294e-72)
(1.14744e-13 1.54013e-65 -2.4688e-71)
(5.0542e-14 -6.98314e-78 3.80438e-72)
(1.13973e-13 1.06076e-79 -6.47443e-74)
(5.09238e-16 5.86373e-75 -3.99178e-80)
(2.9395e-14 -1.576e-30 2.54795e-36)
(-2.09348e-14 -9.70263e-38 -1.14329e-36)
(-1.07662e-13 6.57764e-38 1.38554e-37)
(-2.52466e-14 1.75528e-43 -5.12478e-41)
(3.61046e-15 1.17282e-44 5.50426e-42)
(4.23033e-15 1.46269e-46 2.41947e-50)
(1.02649e-14 7.93229e-48 -1.07231e-52)
(3.80905e-14 -1.68515e-59 -3.20967e-65)
(-1.39082e-14 -3.62405e-73 3.91606e-78)
(-1.86228e-13 -3.42529e-83 -1.30708e-77)
(-6.82435e-14 -2.85987e-83 6.0222e-77)
(-1.26002e-14 -7.54564e-84 -1.18486e-77)
(-1.22871e-13 -8.88827e-79 -3.49923e-85)
(1.28516e-13 -1.04188e-92 1.31371e-87)
(3.7703e-14 8.81716e-97 -3.2284e-90)
(-1.93899e-13 -1.38302e-86 1.23934e-91)
(-6.56892e-14 3.252e-98 -4.18894e-94)
(-2.9099e-13 8.36517e-86 -4.13288e-79)
(-1.27358e-13 9.08421e-76 7.69003e-74)
(1.2217e-13 -7.75084e-75 -4.36367e-73)
(-1.1438e-13 1.20091e-76 9.09758e-73)
(8.12477e-14 3.05061e-78 -8.56267e-73)
(4.52223e-14 4.47396e-66 -1.79279e-71)
(7.62838e-14 -2.77163e-84 -1.41638e-89)
(6.45916e-14 7.91918e-83 2.63279e-88)
(2.2841e-13 -2.74843e-82 -2.06858e-88)
(-1.26852e-13 1.27609e-98 7.86654e-104)
(-3.33593e-13 -1.94371e-81 5.95242e-86)
(6.34853e-14 4.97615e-70 -1.12374e-75)
(-4.06464e-14 9.54198e-73 4.45403e-77)
(1.41339e-14 7.99236e-86 -9.28952e-80)
(-4.04841e-14 4.05783e-76 8.12292e-82)
(2.16302e-13 4.04065e-76 1.62236e-81)
(-9.27591e-15 -1.10594e-95 1.37999e-89)
(1.30033e-14 1.08871e-79 4.16271e-86)
(4.64541e-14 -2.98489e-81 3.15001e-88)
(6.01515e-17 7.76714e-97 -1.01559e-90)
(-2.6828e-14 3.14224e-30 3.30124e-32)
(-1.28645e-14 1.28406e-38 -2.43685e-33)
(-9.38152e-15 -1.9743e-38 1.79374e-44)
(-2.03212e-14 -2.18943e-42 1.05672e-46)
(2.00095e-14 -2.08502e-44 3.39561e-51)
(-4.71231e-15 -3.42206e-45 -8.96208e-53)
(4.24006e-14 -1.87364e-47 3.97665e-53)
(-1.68818e-13 1.25381e-58 -3.00929e-53)
(3.29594e-14 2.94907e-75 3.70915e-81)
(2.27852e-14 3.81227e-84 9.57432e-84)
(-5.58035e-14 -2.28229e-83 -1.77942e-86)
(4.78068e-14 8.50274e-84 2.62706e-89)
(1.95393e-14 5.1524e-80 1.15064e-85)
(2.47176e-14 2.87527e-93 -7.12054e-95)
(1.16993e-13 -2.18968e-97 8.46886e-94)
(1.09516e-13 5.96027e-87 1.25008e-92)
(5.27764e-14 -4.39044e-97 -2.28624e-96)
(1.68625e-13 -3.57072e-85 5.24627e-83)
(-2.82178e-14 -3.49283e-76 -1.29594e-82)
(-3.78145e-14 1.72501e-75 9.6791e-82)
(-1.88582e-14 1.27922e-76 -9.85067e-83)
(-3.69866e-14 1.20247e-77 -2.20096e-83)
(-1.3116e-13 -5.9627e-89 9.31197e-84)
(-1.18912e-13 2.5162e-85 -8.99257e-92)
(7.74674e-14 -8.19848e-84 4.58592e-90)
(-1.25496e-13 2.26765e-83 6.96705e-90)
(-4.2223e-14 4.31588e-98 -1.61973e-91)
(4.94961e-14 2.08422e-81 5.83637e-79)
(6.65854e-14 -2.9128e-71 -2.00494e-77)
(3.41833e-14 -1.09139e-73 1.55318e-79)
(-3.4677e-15 8.47804e-88 1.18627e-87)
(-3.85965e-15 -6.31369e-78 2.75882e-85)
(-5.85857e-16 3.38767e-91 -4.11367e-94)
(-1.54944e-13 1.4827e-94 -6.41946e-89)
(1.5885e-13 -7.80005e-82 7.19102e-88)
(-3.63881e-14 5.05165e-83 2.3993e-89)
(4.40026e-15 -1.23073e-97 3.3791e-92)
(-1.30858e-14 1.37054e-31 1.0794e-30)
(-3.0388e-14 1.07725e-38 6.36138e-45)
(1.01618e-14 3.16451e-39 7.22563e-45)
(-1.01831e-14 1.8904e-41 -1.08816e-46)
(-1.16034e-14 1.30273e-44 5.4375e-50)
(4.57558e-14 6.40641e-44 2.1552e-49)
(-4.92593e-14 1.2948e-47 1.39005e-52)
(-6.43258e-14 -3.12509e-59 -1.94546e-53)
(1.46959e-13 -7.93527e-78 3.18481e-84)
(-9.42188e-14 -6.98423e-86 -6.56853e-86)
(2.68169e-14 1.66542e-83 -3.09519e-89)
(-5.4891e-14 -1.47936e-84 2.91549e-90)
(-2.98436e-13 -1.19276e-84 4.56406e-90)
(-1.79459e-13 -1.81355e-94 -7.09193e-92)
(-1.90268e-13 1.36913e-99 6.42355e-94)
(2.15339e-14 9.52962e-103 -1.90703e-97)
(-2.49058e-14 8.37975e-98 4.76764e-100)
(-7.93116e-15 2.64295e-86 -5.69861e-85)
(1.55034e-14 3.23234e-77 2.077e-83)
(-7.38613e-15 -2.68819e-76 4.42388e-83)
(2.08433e-14 -1.4449e-77 -4.62147e-83)
(3.68333e-14 -1.10156e-77 4.43894e-85)
(4.9661e-14 1.11846e-88 -8.25573e-84)
(1.15261e-13 -1.39003e-86 -3.21468e-92)
(-2.00203e-13 4.71001e-85 8.52857e-92)
(1.51463e-13 -1.28277e-84 -3.05053e-91)
(-5.05591e-14 2.83028e-99 -1.27951e-92)
(-1.25365e-13 -8.23144e-85 -2.02287e-80)
(-9.78371e-14 5.94836e-73 2.41401e-79)
(-4.6702e-14 4.69275e-75 -1.94389e-81)
(2.45497e-14 -1.75169e-87 3.48003e-82)
(-4.66535e-14 2.54734e-80 -1.5686e-86)
(5.37172e-14 -1.67885e-88 -3.00174e-95)
(9.44064e-14 -2.37779e-96 -4.58825e-94)
(-2.56158e-14 1.22065e-97 2.42755e-92)
(7.8597e-15 -5.68567e-85 -7.65884e-92)
(-2.30675e-14 5.64345e-100 -1.86578e-107)
(-4.38266e-14 9.46902e-31 -1.23593e-30)
(1.34295e-13 7.16004e-37 1.96401e-31)
(-9.90898e-14 -3.87825e-40 -3.68907e-35)
(3.34768e-14 -1.27339e-40 1.94245e-35)
(6.06123e-14 -4.24408e-41 -7.57726e-36)
(-1.13524e-13 -6.45238e-42 1.60992e-36)
(2.27178e-13 -5.83897e-44 -1.83576e-38)
(-1.24588e-14 5.35461e-60 2.3037e-67)
(-1.24763e-13 1.12428e-80 5.93076e-87)
(1.02013e-13 4.4464e-95 -3.50157e-90)
(4.26579e-15 -1.75248e-84 2.25451e-90)
(4.86622e-14 7.60891e-86 -2.40705e-91)
(1.16917e-13 3.44324e-85 3.49354e-91)
(-8.76136e-14 -4.84768e-98 6.88701e-93)
(4.63155e-14 1.3572e-101 -1.6786e-101)
(-5.08304e-14 -4.39191e-105 -4.22699e-99)
(6.43501e-15 -8.11588e-99 7.01284e-97)
(-9.60436e-14 -9.05149e-88 -6.6776e-94)
(-1.79753e-13 -2.60091e-80 2.95335e-86)
(1.47544e-15 2.592e-78 5.29335e-86)
(-4.38768e-14 6.92835e-79 7.15303e-85)
(5.54991e-14 1.40093e-79 -4.71567e-85)
(-2.52108e-13 -2.03465e-89 7.52599e-86)
(-1.06341e-13 3.35997e-88 2.31198e-94)
(1.41763e-13 -9.07286e-90 4.86449e-96)
(-1.20037e-13 2.37197e-87 1.48793e-94)
(9.70603e-14 -1.94837e-100 -4.02753e-96)
(1.26959e-13 4.60181e-86 -2.54361e-88)
(-2.52536e-14 2.49722e-92 1.00864e-85)
(4.33466e-14 -1.07754e-77 -2.71949e-84)
(-8.11645e-14 9.13217e-90 -1.20177e-84)
(1.14929e-13 3.23979e-92 7.25787e-87)
(-9.11801e-14 -3.76619e-96 2.41489e-100)
(-7.4668e-14 4.8828e-100 -2.65389e-99)
(6.61023e-14 -3.7254e-100 6.17578e-98)
(-4.28666e-14 -8.45531e-92 1.08884e-97)
(-1.52942e-14 -3.61212e-102 -2.14525e-99)
(2.33e-13 1.87219e-30 -6.2203e-30)
(1.856e-13 7.30332e-36 1.93301e-30)
(-1.41597e-13 -6.17822e-40 1.46467e-45)
(5.21323e-14 2.17996e-41 -7.38375e-46)
(6.58343e-14 -3.78101e-51 1.70288e-46)
(1.67186e-13 -4.53189e-51 -1.45302e-45)
(1.52587e-13 8.30303e-52 7.18309e-46)
(6.8601e-14 2.4604e-75 -1.28696e-76)
(-1.75504e-13 -2.03143e-68 -9.51427e-74)
(-6.27939e-16 -9.41031e-71 5.23643e-76)
(-1.38462e-13 -1.47333e-72 -9.23968e-78)
(5.60905e-14 6.16147e-77 -7.104e-79)
(1.73751e-13 6.71603e-98 1.35483e-103)
(-2.21682e-13 -1.28787e-107 -5.06762e-102)
(-3.0659e-14 4.891e-106 1.95795e-100)
(1.48084e-13 -1.66786e-105 -6.80879e-100)
(1.6965e-13 1.78893e-100 -4.57367e-97)
(-1.03645e-13 2.36635e-89 7.27593e-95)
(1.30471e-13 6.86374e-112 2.21452e-104)
(-1.36854e-13 -4.58929e-108 -1.92794e-102)
(-2.20127e-13 2.17538e-107 5.20029e-101)
(1.74328e-13 7.76408e-106 -1.0683e-99)
(-3.50672e-14 3.58346e-92 1.2693e-97)
(-2.51852e-13 -1.00054e-131 -3.38001e-137)
(3.74967e-14 1.8245e-136 1.79109e-138)
(-4.68025e-14 6.55567e-136 -2.607e-139)
(2.25011e-13 -2.96966e-135 4.88784e-140)
(1.07829e-13 1.69921e-117 1.0927e-121)
(-5.35396e-14 4.01486e-118 1.6485e-117)
(3.10814e-14 -9.62676e-114 -2.8353e-117)
(1.62941e-13 -3.96886e-113 1.34904e-117)
(1.01948e-13 2.31917e-110 -9.02902e-116)
(2.96921e-15 1.1347e-95 1.51339e-101)
(-9.32962e-14 -3.22049e-110 -1.51646e-115)
(-1.82784e-13 4.05877e-114 -2.31834e-118)
(3.35232e-14 -6.98014e-123 6.04974e-117)
(1.00359e-14 -1.95942e-106 1.31615e-111)
(2.12199e-14 1.06559e-31 -1.48971e-36)
(-1.50725e-14 8.72019e-36 5.004e-37)
(1.19712e-14 -2.86719e-41 -6.076e-39)
(-2.04882e-13 -2.25818e-42 -9.56952e-48)
(6.04415e-14 1.75658e-51 9.21795e-53)
(-2.28286e-14 -3.01975e-52 -7.43819e-53)
(1.21504e-14 1.25167e-51 1.335e-53)
(-2.79806e-13 -1.34635e-54 6.73676e-61)
(9.87329e-15 7.54053e-67 -1.25515e-74)
(6.44378e-14 6.08551e-69 1.05441e-74)
(-1.07742e-13 1.06884e-70 -4.75881e-76)
(2.0882e-13 -9.53574e-75 4.20102e-78)
(3.11997e-13 -7.19093e-80 -7.42861e-86)
(5.47677e-14 6.82171e-110 3.48712e-115)
(5.29763e-14 -1.48155e-107 -5.63586e-113)
(1.00886e-13 4.80149e-106 3.49945e-112)
(7.04146e-14 -2.01264e-119 1.39721e-113)
(5.0997e-14 -1.45591e-91 4.14549e-97)
(-7.76701e-14 -8.94716e-112 1.93652e-110)
(8.36837e-14 1.67677e-109 -3.44397e-106)
(-1.426e-13 5.29807e-109 3.03689e-105)
(4.65341e-15 -6.79392e-106 -9.25958e-101)
(-2.82386e-13 -1.26574e-93 4.32801e-99)
(-1.38001e-13 1.52221e-131 -7.13954e-139)
(-4.15379e-14 -5.3858e-135 -4.41435e-140)
(3.953e-14 -5.69671e-136 1.24515e-139)
(1.42499e-13 -8.62795e-135 8.03432e-140)
(2.89188e-13 4.57763e-116 1.13579e-113)
(-8.73292e-15 3.37209e-117 -1.4042e-111)
(2.79195e-13 2.30783e-112 5.01403e-110)
(-1.08095e-13 2.36169e-111 -1.21773e-108)
(-5.27769e-14 -2.16691e-109 4.31799e-107)
(-3.25239e-15 4.11354e-95 -4.34428e-103)
(3.26279e-14 -4.50912e-110 1.96611e-104)
(5.00713e-14 3.87383e-112 -1.69267e-106)
(6.21845e-14 1.51778e-123 8.96398e-130)
(-3.97617e-15 -1.10819e-128 1.44777e-131)
(-4.31381e-14 4.84733e-26 -1.92955e-32)
(7.93687e-14 -4.83807e-36 -2.51815e-32)
(-1.09734e-13 -3.97313e-40 3.22156e-35)
(4.92182e-14 5.98834e-44 1.09729e-49)
(2.25144e-14 -2.66167e-51 -3.50489e-51)
(-6.11848e-14 3.14171e-53 2.22513e-52)
(1.04216e-13 -3.28987e-52 -1.03212e-53)
(1.25828e-13 2.11231e-54 -5.07336e-60)
(-6.55698e-14 -1.87247e-65 -9.62193e-62)
(4.20533e-15 -4.27969e-67 1.92175e-63)
(-1.12181e-14 -6.75552e-69 -7.01288e-67)
(-4.02226e-14 1.95112e-72 4.25833e-69)
(-9.749e-14 3.6238e-77 -3.09335e-71)
(-3.79438e-14 -6.04822e-111 9.31415e-117)
(-7.59481e-14 4.06012e-109 -6.11933e-116)
(-1.13544e-13 -1.4055e-107 1.87899e-113)
(-1.28331e-13 3.39164e-120 -1.06905e-114)
(-2.34028e-13 3.67877e-122 1.07367e-116)
(1.52999e-16 2.08302e-114 1.15589e-119)
(-9.58455e-15 -9.91845e-112 -4.89411e-117)
(-4.04959e-15 -6.676e-111 3.83139e-115)
(-5.2913e-14 -1.1372e-107 -1.06433e-113)
(1.17329e-13 1.66311e-120 1.32313e-124)
(2.00298e-14 7.74083e-133 2.00501e-137)
(-1.29605e-13 7.77779e-134 1.14312e-137)
(2.21066e-13 -2.64673e-135 -5.21924e-140)
(3.51652e-14 1.00817e-134 -4.87537e-141)
(5.51594e-14 -5.35899e-116 -1.06055e-121)
(1.79245e-14 -1.12988e-118 -3.18518e-119)
(-7.81552e-14 -4.89444e-111 3.72792e-117)
(-5.71747e-15 -1.03076e-109 -1.0308e-115)
(1.05677e-13 2.00154e-108 7.97307e-115)
(-2.22827e-14 -4.5959e-95 4.74686e-102)
(-9.61758e-14 2.19087e-110 -8.02514e-117)
(-4.47143e-14 -2.26653e-113 3.6994e-119)
(-4.22733e-14 -2.3974e-124 6.09396e-120)
(-6.21632e-16 8.14223e-127 -1.8504e-121)
(9.90825e-15 -1.67403e-25 1.5795e-33)
(-8.22008e-14 4.26209e-37 -1.98262e-43)
(2.29415e-13 -3.04975e-41 8.74273e-44)
(1.23129e-14 -2.26859e-45 4.74459e-48)
(-5.21662e-14 1.70941e-51 -2.20008e-48)
(5.4509e-14 1.43885e-53 3.53835e-49)
(-1.15331e-13 2.58601e-53 -7.69314e-51)
(-2.74886e-13 -4.96597e-52 -1.70187e-58)
(-1.10576e-13 1.11854e-63 1.50574e-58)
(1.43078e-14 3.00035e-65 -6.30858e-60)
(4.85721e-14 4.5498e-67 9.58334e-62)
(3.52162e-14 2.21693e-71 -3.47953e-64)
(4.72298e-14 -4.82332e-105 1.31663e-108)
(3.0291e-14 1.13589e-112 2.76608e-118)
(-3.41027e-14 -2.74828e-111 -1.2022e-116)
(1.25267e-13 1.9685e-109 2.57801e-115)
(3.17754e-14 -2.22501e-122 8.35114e-118)
(-1.0932e-13 2.20218e-122 2.20707e-126)
(2.30965e-14 -8.83578e-118 -1.18678e-122)
(-6.74902e-14 1.10888e-125 2.30965e-120)
(1.06961e-13 9.12229e-115 -9.36176e-121)
(-1.66353e-13 -3.04338e-113 3.27474e-119)
(-8.78889e-14 4.00518e-120 9.83564e-125)
(-3.83087e-14 -2.93628e-131 9.19334e-127)
(-1.0679e-14 -9.00967e-133 -9.93074e-127)
(2.01461e-14 -8.72633e-134 2.22592e-127)
(-9.24136e-14 -2.32004e-135 -4.17265e-129)
(-1.64179e-13 -2.01507e-114 -7.29586e-109)
(-1.71015e-13 5.34128e-113 1.92512e-106)
(-2.34534e-14 1.04084e-109 -2.16522e-104)
(2.21768e-14 3.17791e-108 6.44878e-103)
(-8.27512e-16 -5.507e-107 -1.00357e-101)
(1.20001e-13 5.52273e-96 -1.06976e-102)
(1.05529e-13 -7.69238e-112 1.32891e-117)
(5.8723e-14 4.25363e-115 2.95551e-120)
(-2.9198e-14 8.82444e-127 -1.3004e-120)
(3.94592e-14 -1.22563e-126 2.55421e-121)
(-2.16079e-14 8.2287e-25 1.04017e-30)
(9.44934e-14 -1.19585e-36 -2.06714e-31)
(-1.00851e-13 -7.46633e-42 6.26126e-48)
(-4.09671e-15 1.07859e-46 2.4e-48)
(4.84473e-14 -7.41751e-53 -5.62656e-48)
(-9.22216e-14 -1.04424e-52 4.83773e-48)
(1.6093e-13 -3.86316e-53 -1.31092e-47)
(1.41845e-13 1.91884e-52 6.51873e-58)
(-7.05983e-14 -7.38308e-65 -5.47525e-59)
(4.48226e-14 -3.53382e-65 8.18134e-60)
(2.87524e-15 -2.21005e-66 -5.01948e-61)
(-1.07973e-14 3.45094e-70 1.47687e-62)
(-2.14795e-14 -7.04057e-103 1.66609e-108)
(-1.35641e-13 2.51977e-114 -7.35266e-109)
(1.46312e-14 9.9721e-114 2.44796e-109)
(6.52061e-14 -1.06423e-115 -2.69917e-110)
(-9.06352e-14 -9.21853e-128 4.08306e-122)
(-2.32554e-14 -7.32846e-121 -4.7234e-126)
(-1.57172e-13 5.47488e-120 2.64986e-125)
(7.78739e-14 -9.80434e-128 -3.4431e-123)
(-5.09157e-14 4.20218e-116 -1.39197e-122)
(7.02002e-14 1.52088e-115 1.6586e-123)
(7.58278e-14 8.45867e-120 -6.1388e-123)
(-1.38081e-13 -2.25153e-136 3.27134e-142)
(1.17529e-13 -2.55716e-149 -1.428e-143)
(-1.32182e-13 4.2186e-135 -2.32913e-141)
(8.87555e-14 1.99012e-136 -1.28658e-142)
(1.26782e-13 1.47646e-116 -1.49294e-120)
(-4.87953e-15 6.19615e-117 5.87887e-118)
(3.31453e-14 8.77263e-122 -1.80236e-116)
(-6.41733e-14 -1.06051e-109 -1.03001e-115)
(1.24124e-13 6.94243e-122 1.74274e-116)
(-2.65076e-13 1.22881e-123 -9.65898e-119)
(-6.80008e-14 -8.09582e-116 4.46452e-122)
(1.14368e-13 -1.54226e-118 8.80954e-125)
(-3.50332e-14 2.97358e-130 5.0408e-125)
(3.294e-15 2.88209e-130 -1.3514e-125)
(-2.59447e-14 -6.3732e-24 -1.30294e-23)
(2.06309e-13 7.97005e-29 1.36298e-23)
(-1.42658e-13 -1.77458e-41 2.2438e-46)
(-1.05659e-13 4.24578e-42 -7.81727e-47)
(2.55653e-14 -1.84246e-42 7.61998e-48)
(2.20911e-13 6.60822e-43 -4.33106e-48)
(1.25111e-13 -2.83021e-43 1.77175e-48)
(1.72636e-13 -7.79986e-51 1.51615e-57)
(-1.46926e-13 -3.40681e-65 -3.44171e-71)
(-9.14598e-14 -1.28591e-70 -5.00652e-76)
(-6.10209e-14 -1.16869e-71 -2.95146e-77)
(-4.72697e-14 2.48563e-85 1.15668e-79)
(1.63473e-13 1.16878e-102 5.97816e-109)
(-1.23848e-13 -9.17128e-106 8.59209e-109)
(1.31835e-13 -1.13481e-115 -1.11561e-109)
(-1.30293e-13 6.19154e-111 3.28298e-111)
(1.7008e-13 -2.55e-118 -1.12071e-112)
(1.27681e-13 1.53691e-119 1.39546e-114)
(-1.64613e-13 -2.76779e-133 -8.87695e-128)
(-3.80015e-14 -2.95102e-132 6.66427e-127)
(1.11272e-15 -2.03826e-131 -1.67537e-125)
(2.72239e-14 1.29273e-129 1.06447e-124)
(1.15974e-14 -2.05015e-119 -9.51648e-126)
(-2.34948e-13 -5.22167e-152 -2.79567e-158)
(-7.2129e-14 6.6816e-165 -5.77768e-160)
(1.54815e-14 3.86059e-169 5.01309e-175)
(2.3031e-13 3.21148e-170 -2.60315e-176)
(2.91911e-13 5.22719e-149 1.75636e-154)
(4.06096e-13 -2.23789e-159 3.61003e-154)
(-1.58996e-13 3.10905e-160 -1.00732e-154)
(-2.92485e-14 3.08122e-161 5.45163e-156)
(2.60356e-13 1.91916e-162 -4.3313e-157)
(7.05868e-14 -9.50403e-182 4.92768e-188)
(-1.66384e-13 0 0)
(-6.79565e-14 0 0)
(-3.68676e-15 0 0)
(-1.40413e-14 0 0)
(1.58279e-13 3.11415e-24 1.47749e-29)
(2.23532e-14 4.66212e-29 9.09667e-30)
(5.83953e-14 -4.09093e-41 -1.00129e-35)
(-1.77065e-13 -5.10544e-41 6.72838e-36)
(6.92241e-14 1.09367e-41 -5.15453e-36)
(-1.54739e-14 1.80757e-42 3.7731e-36)
(1.20873e-13 -9.61676e-43 -4.85651e-37)
(2.26691e-13 -1.67769e-43 2.51139e-38)
(2.06017e-14 2.54365e-63 1.6693e-69)
(2.80175e-14 4.65214e-68 1.72858e-72)
(-5.15022e-14 3.264e-69 -2.79704e-75)
(-2.79113e-16 -2.27841e-83 -6.23553e-78)
(1.072e-13 2.77726e-85 1.47276e-79)
(9.86947e-15 8.63833e-104 5.84478e-110)
(-5.57511e-14 -7.18354e-118 1.23253e-112)
(5.74552e-14 -9.99304e-109 -2.18174e-114)
(-5.04454e-15 -1.39913e-111 4.18605e-117)
(-3.08118e-13 -2.32668e-137 1.10842e-132)
(-2.4285e-14 2.77028e-134 5.06033e-130)
(2.61284e-14 -1.98686e-135 -1.80203e-128)
(-2.63343e-14 3.67635e-131 2.29514e-127)
(1.10871e-13 -1.17903e-130 -1.98358e-126)
(-9.11728e-14 3.3215e-120 -1.43941e-125)
(-1.93595e-13 1.51612e-150 -1.79429e-156)
(-2.32309e-13 -1.68911e-163 7.11115e-158)
(1.2244e-13 -2.304e-166 -2.48361e-161)
(2.0712e-13 -2.87037e-168 3.13325e-163)
(2.48714e-13 -3.14928e-154 -1.2436e-159)
(1.69299e-14 2.78221e-161 2.66216e-160)
(-8.40277e-14 -4.22246e-161 -8.92578e-165)
(1.3446e-14 -1.34293e-168 4.20209e-165)
(-5.70754e-14 -4.3756e-164 -2.36004e-165)
(3.27945e-14 4.62402e-180 8.79085e-186)
(-1.16617e-14 0 0)
(1.15916e-13 0 0)
(1.0455e-13 0 0)
(-1.36193e-14 0 0)
(-4.02096e-15 -9.53159e-24 -9.23359e-30)
(1.14295e-14 -3.60165e-29 -5.56973e-30)
(2.2488e-13 1.81234e-36 -1.10901e-35)
(2.57185e-13 3.67156e-41 9.73068e-37)
(2.4529e-15 -2.77295e-42 -4.30232e-37)
(4.48665e-14 -8.68025e-43 5.53124e-49)
(-1.42219e-13 2.24284e-43 5.50923e-49)
(-1.82334e-13 1.42225e-44 7.01965e-50)
(3.07718e-14 -1.01911e-61 -2.35894e-67)
(-4.41228e-14 -6.61243e-66 -7.56463e-70)
(-1.90199e-14 -2.10584e-67 3.27996e-71)
(1.79339e-13 -1.21631e-80 -2.78433e-74)
(-2.06414e-13 -1.25091e-82 1.96639e-77)
(-1.45804e-14 -5.40491e-102 -1.04913e-107)
(1.02704e-13 6.54863e-116 -2.75084e-110)
(8.56307e-14 1.25189e-106 1.96695e-112)
(7.88599e-14 2.19316e-109 2.98817e-115)
(2.96562e-13 2.95855e-138 6.58174e-143)
(1.13502e-13 -1.30042e-135 -2.13589e-141)
(-3.34865e-14 2.30862e-136 9.16249e-143)
(-6.75568e-14 -1.96988e-132 1.5317e-138)
(-2.0176e-13 1.2895e-131 -1.50751e-137)
(-1.56131e-13 -7.92412e-143 6.06051e-138)
(3.01694e-14 -2.97836e-149 -7.21696e-155)
(-4.98467e-14 -3.57363e-163 1.86775e-157)
(7.12099e-14 1.37346e-164 -4.00495e-159)
(4.17246e-14 2.81807e-166 5.33875e-161)
(-1.25072e-13 7.30684e-155 2.36877e-160)
(1.25795e-13 -3.00773e-162 5.00957e-168)
(7.89604e-14 2.13382e-162 -1.34874e-168)
(-4.69193e-14 6.44088e-169 5.59326e-170)
(-3.80441e-15 -1.77048e-165 2.65374e-171)
(-1.34896e-13 1.01076e-178 -1.23143e-172)
(-4.25908e-14 0 0)
(9.92357e-14 0 0)
(-4.02038e-14 0 0)
(2.53318e-14 0 0)
(-1.62127e-14 5.9728e-25 -8.53854e-31)
(4.09525e-14 5.29392e-30 5.25344e-32)
(-1.79883e-14 -1.01872e-36 3.47224e-44)
(-6.10029e-14 -3.94251e-41 6.69225e-43)
(3.82208e-15 3.62297e-42 -4.05133e-48)
(-8.76229e-16 1.15104e-43 7.69865e-49)
(-6.7598e-14 -2.46191e-44 1.87348e-50)
(-4.29685e-14 -5.71104e-46 8.51019e-52)
(1.36959e-14 2.94768e-60 7.53379e-55)
(-2.86465e-14 2.85761e-63 -7.69473e-58)
(1.54854e-13 3.88157e-66 1.20493e-60)
(-1.22586e-13 9.67629e-83 1.5411e-88)
(1.14946e-13 -2.98614e-85 1.52106e-90)
(-4.76955e-14 3.40105e-100 -3.27406e-106)
(1.19047e-14 -3.56114e-103 9.62933e-108)
(9.20494e-14 -1.34359e-104 -1.89112e-110)
(-5.2716e-14 -1.01805e-106 -6.55151e-114)
(-8.61196e-14 -1.90615e-108 -3.25861e-114)
(-4.47183e-14 6.2732e-137 -5.58305e-143)
(1.96e-14 -2.67183e-138 -2.44559e-141)
(-6.3063e-15 4.67287e-134 1.87468e-140)
(3.5182e-14 -7.78956e-133 5.48253e-139)
(-1.40514e-13 6.44999e-144 -1.9231e-140)
(8.593e-15 6.1896e-148 5.35188e-143)
(5.3179e-14 1.433e-164 3.52658e-171)
(-9.94255e-14 -2.09821e-166 6.20953e-172)
(-4.25473e-14 -3.04788e-168 1.7646e-174)
(-1.21143e-13 -2.14134e-175 -1.39873e-170)
(-3.19953e-14 1.61586e-163 4.48833e-169)
(-1.03555e-13 -3.4307e-164 -5.35319e-171)
(3.4009e-14 -8.04215e-170 2.76303e-171)
(-1.59638e-14 1.36705e-166 -9.07272e-173)
(1.66432e-13 -8.20295e-180 5.41936e-175)
(1.74916e-13 0 0)
(-6.3188e-14 0 0)
(6.08928e-15 0 0)
(-1.49779e-14 0 0)
(8.16692e-15 -4.91078e-26 -1.84085e-31)
(6.72032e-16 -5.62143e-31 -9.24793e-37)
(-1.32642e-13 -1.58356e-36 6.45943e-38)
(-8.24987e-14 2.48122e-44 2.99298e-50)
(6.21357e-14 -1.15865e-42 -8.78205e-49)
(-6.46671e-14 -4.29443e-45 -5.58878e-49)
(1.05713e-13 2.47165e-53 4.22192e-50)
(8.09702e-14 1.23881e-47 1.23358e-53)
(-1.5639e-13 -1.84369e-63 1.72115e-69)
(9.28562e-14 -4.10235e-65 -7.86746e-71)
(-4.06271e-14 -1.19127e-67 2.56983e-72)
(1.01872e-13 -8.27306e-82 -1.0079e-74)
(-1.68322e-13 3.71864e-86 -7.63863e-92)
(-8.94945e-14 -9.71695e-99 3.23301e-93)
(5.15045e-14 1.10563e-100 -2.56189e-95)
(-2.66135e-14 1.56706e-102 3.46849e-97)
(6.49005e-14 1.9398e-104 -3.83549e-99)
(6.19431e-14 9.10829e-107 2.07373e-101)
(5.12631e-14 -1.21134e-138 3.78534e-145)
(5.08358e-14 -1.05944e-140 7.22348e-143)
(-8.19529e-14 -1.21854e-135 1.50023e-141)
(1.60461e-13 2.4301e-149 -5.36259e-143)
(2.30505e-13 -4.24982e-145 7.75103e-145)
(-1.74508e-13 -3.05664e-150 2.426e-156)
(-1.75764e-14 -2.29087e-166 -1.84445e-173)
(-2.35303e-14 1.52549e-168 -8.87223e-174)
(7.60995e-14 1.6278e-170 3.76224e-177)
(1.21611e-13 1.90147e-176 -2.74864e-182)
(-2.39318e-13 -4.23164e-170 2.60118e-174)
(2.4442e-14 -1.35112e-165 3.30391e-172)
(-6.71913e-14 2.95418e-171 -4.14806e-172)
(5.39677e-14 -3.09303e-168 7.00108e-174)
(-3.73712e-14 2.22264e-181 -3.40175e-176)
(-1.04507e-13 0 0)
(7.63283e-14 0 0)
(-4.56492e-14 0 0)
(6.71982e-15 0 0)
(-3.56599e-14 3.38011e-29 -9.31053e-31)
(7.77136e-14 1.64683e-32 -1.26935e-30)
(-4.69574e-14 -4.2904e-37 5.54751e-32)
(-3.29914e-14 -8.57525e-55 -1.73868e-60)
(4.4249e-14 2.73816e-56 8.08771e-61)
(1.27655e-13 -1.13034e-64 -3.29405e-61)
(1.77376e-13 4.30445e-58 2.83679e-57)
(8.21261e-14 -1.12415e-49 -2.8795e-55)
(-2.11784e-13 6.12973e-70 1.76381e-75)
(-1.40008e-14 7.2425e-73 -3.04881e-76)
(1.75569e-13 4.14949e-73 5.25237e-77)
(4.69383e-14 2.71778e-76 -4.5195e-78)
(2.08337e-13 -1.46215e-87 -1.25768e-94)
(-1.50958e-13 -1.03971e-113 -2.00359e-119)
(-3.26371e-14 1.24997e-115 3.15463e-120)
(3.47875e-14 6.52926e-118 -3.91078e-118)
(-5.85563e-14 3.05061e-118 4.78766e-116)
(-1.9957e-13 -2.92392e-108 -1.00462e-113)
(-1.56209e-13 9.0012e-150 -1.09825e-155)
(5.17511e-14 -2.47671e-154 -1.13955e-157)
(-1.55254e-14 -6.33285e-153 -9.35863e-158)
(4.63508e-14 1.93475e-155 -2.28651e-153)
(5.34642e-14 4.25767e-146 2.52953e-151)
(4.06886e-14 0 0)
(4.29237e-14 1.31146e-195 9.60005e-190)
(9.34353e-14 -7.24702e-193 -6.79929e-187)
(-1.99916e-13 6.06214e-190 1.27708e-184)
(-2.38114e-13 -7.87942e-178 -4.67632e-183)
(-5.03453e-14 -7.21117e-205 -2.44543e-198)
(-2.82142e-14 1.74961e-201 1.64125e-195)
(1.47182e-13 -3.1126e-199 -2.55908e-193)
(-2.02525e-14 2.03788e-197 2.84757e-191)
(-8.77635e-14 -1.0773e-183 -2.93562e-189)
(4.70864e-14 0 0)
(3.68435e-14 0 0)
(-2.46381e-13 0 0)
(-1.80139e-14 0 0)
(9.76211e-15 -1.29654e-30 1.04096e-30)
(-2.19618e-14 2.0508e-36 -2.88192e-32)
(7.82883e-14 -1.52078e-36 7.699e-35)
(1.11103e-13 7.02251e-54 -1.48698e-59)
(7.97255e-14 -3.99639e-55 1.09388e-61)
(3.69639e-14 1.85161e-64 9.94692e-62)
(-7.76072e-14 -1.76123e-57 -4.83902e-63)
(-2.58529e-13 1.89012e-73 7.79396e-78)
(-1.26145e-13 -3.1866e-69 1.49967e-75)
(-9.21943e-15 -4.2587e-71 -9.39341e-77)
(8.92214e-14 -4.87335e-72 -5.52163e-79)
(2.11563e-13 -3.41486e-75 -1.05905e-80)
(7.65011e-15 -1.39055e-125 4.02735e-120)
(-1.89819e-13 2.66079e-113 2.682e-119)
(7.93416e-14 -1.03086e-114 -3.04215e-120)
(1.40969e-13 -1.64353e-115 -2.28155e-121)
(3.74937e-14 -5.05818e-117 -1.12028e-122)
(-1.07373e-13 -1.11351e-138 6.31863e-144)
(1.17519e-14 -7.24462e-148 -6.25119e-146)
(7.7427e-14 4.86759e-152 1.2416e-146)
(-1.22639e-13 1.22414e-152 -6.94406e-147)
(-5.11021e-14 1.12811e-153 3.71564e-148)
(-1.65226e-13 -1.36799e-148 -4.03604e-150)
(-1.35535e-13 0 0)
(-1.44784e-13 0 0)
(-6.5889e-14 5.18605e-195 1.17551e-200)
(1.89498e-13 -2.76479e-192 -1.44175e-198)
(1.63257e-13 6.14575e-208 -9.46961e-202)
(-5.12912e-14 2.96905e-206 1.83887e-211)
(-8.75551e-14 -1.37026e-203 2.3965e-198)
(-1.53869e-13 9.85825e-202 -1.68682e-196)
(4.24494e-14 3.71898e-199 4.54538e-195)
(6.45405e-14 2.88785e-188 -4.01882e-194)
(-3.9834e-14 0 0)
(1.58335e-13 0 0)
(5.5608e-14 0 0)
(2.2441e-14 0 0)
(-2.1586e-14 2.64738e-30 2.23111e-31)
(1.05706e-13 -1.78516e-35 -2.91624e-32)
(-1.24374e-13 8.83225e-38 2.63615e-34)
(-3.23527e-14 -5.94359e-46 -8.2257e-52)
(7.17624e-14 7.42418e-55 4.20941e-58)
(-1.54488e-14 9.2209e-65 -1.40079e-58)
(-3.26385e-14 2.73777e-57 3.69926e-58)
(1.43677e-13 -9.91555e-65 -1.25284e-63)
(5.03667e-14 5.68272e-69 7.22567e-64)
(8.07792e-15 4.5904e-70 -1.1655e-64)
(-2.45262e-14 3.4887e-71 1.06577e-65)
(1.56333e-13 7.80734e-74 -1.74045e-68)
(7.20759e-14 8.76806e-101 -1.89539e-107)
(1.20974e-13 -1.16411e-113 -8.46608e-108)
(-9.89617e-15 -1.31579e-115 3.74039e-108)
(2.38332e-14 1.90304e-114 -4.27056e-109)
(-5.10195e-14 4.24667e-116 1.28621e-110)
(1.12399e-13 -3.41841e-135 -5.86223e-142)
(-3.50519e-14 3.8621e-146 2.045e-141)
(1.37155e-14 -1.19188e-152 -9.145e-160)
(-8.79859e-15 -6.13499e-153 1.50276e-158)
(-1.09956e-13 -6.04262e-155 2.22954e-160)
(1.59896e-13 -4.70588e-156 1.30231e-161)
(1.26762e-14 0 0)
(1.30867e-14 0 0)
(1.17189e-13 0 0)
(-1.52176e-13 3.4644e-195 6.21032e-202)
(-8.45016e-14 0 0)
(2.11248e-15 -3.61034e-209 2.30506e-215)
(-2.12499e-15 -6.86895e-207 8.98387e-212)
(7.22639e-14 4.28942e-204 7.81912e-210)
(-9.02402e-14 -2.07118e-201 -9.17203e-208)
(-8.15668e-14 -2.5935e-189 7.36202e-195)
(-3.08893e-14 0 0)
(-4.2188e-14 0 0)
(7.25323e-14 0 0)
(7.73625e-15 0 0)
(-1.91314e-14 -2.08636e-30 4.03331e-30)
(-2.1077e-13 4.90244e-35 8.3647e-30)
(4.55573e-14 -3.46129e-41 -2.50703e-35)
(-6.68353e-14 6.97655e-44 9.87261e-39)
(-2.10721e-13 -3.65385e-49 -5.40462e-43)
(3.38939e-14 -7.23866e-55 -1.26761e-60)
(7.91463e-14 -1.92341e-57 -1.72353e-62)
(3.52528e-14 1.18084e-64 -9.89422e-66)
(-1.95334e-15 -2.4296e-69 1.34594e-68)
(2.032e-16 7.73662e-76 -1.59417e-70)
(-3.65872e-14 -1.94369e-72 8.90388e-73)
(-6.97064e-14 -3.13999e-76 6.02037e-82)
(-2.33703e-14 1.67316e-89 3.35559e-95)
(-8.71539e-14 6.63827e-114 -3.91725e-120)
(-9.04599e-14 5.8506e-115 -4.55811e-121)
(5.28938e-14 -1.59764e-115 6.6295e-121)
(-5.64112e-17 -8.66857e-118 -3.89268e-123)
(-1.66026e-13 2.66476e-132 5.98221e-138)
(1.20489e-14 -1.43139e-144 -9.54216e-140)
(-1.73343e-14 1.00209e-153 -8.43957e-161)
(4.39646e-14 8.5569e-154 6.82626e-160)
(1.79317e-13 6.34533e-156 -3.28843e-162)
(2.17363e-13 1.10451e-159 2.46978e-162)
(6.61347e-14 0 0)
(-7.21542e-14 0 0)
(-2.18199e-14 0 0)
(-1.24882e-13 0 0)
(-6.04524e-14 -4.77888e-226 -3.1425e-221)
(-1.97168e-14 8.83918e-213 -1.50188e-218)
(1.05636e-13 1.07629e-208 3.06641e-215)
(1.83956e-14 -2.32848e-206 -3.47211e-212)
(-1.74548e-13 7.16642e-205 4.54065e-211)
(-4.89711e-14 0 0)
(9.40295e-14 0 0)
(9.06356e-14 0 0)
(-3.98821e-16 0 0)
(-2.05634e-15 0 0)
(8.26312e-14 1.05517e-29 -2.49355e-30)
(1.27992e-13 -9.44266e-37 9.45915e-33)
(8.89288e-14 -6.66445e-41 1.41651e-46)
(-1.08679e-13 -1.25589e-46 -3.28449e-47)
(2.98763e-14 1.35433e-53 5.96898e-48)
(-5.5744e-14 8.38401e-54 -1.39945e-48)
(1.66201e-13 1.13921e-54 3.0876e-49)
(-1.22669e-13 -8.62432e-65 5.27216e-70)
(-1.02899e-13 5.96376e-74 -6.79644e-81)
(6.14138e-14 -1.96525e-78 4.6964e-80)
(-7.33544e-14 -1.89633e-85 -2.98724e-80)
(1.7933e-13 4.12398e-77 5.48693e-81)
(1.39968e-13 3.20861e-88 -7.98867e-83)
(1.15262e-14 -9.23171e-135 -4.74125e-126)
(-1.16718e-14 -1.60651e-129 3.59045e-124)
(-2.02819e-14 3.46459e-117 7.67565e-124)
(8.27882e-14 3.23525e-119 -4.29747e-124)
(3.68086e-14 -7.13494e-131 9.13527e-126)
(-1.04738e-13 7.35569e-147 -1.14491e-152)
(7.94767e-14 -4.65765e-155 1.45001e-154)
(-4.25442e-14 -5.60148e-155 -7.43421e-157)
(7.65946e-14 -9.05516e-159 2.68793e-159)
(-1.6944e-13 -2.57133e-160 -1.67775e-162)
(-1.3624e-13 0 0)
(1.37038e-13 0 0)
(-5.72241e-14 0 0)
(8.00798e-14 0 0)
(2.03266e-13 4.75041e-227 4.47557e-222)
(-5.39063e-14 -2.44666e-225 -6.41956e-220)
(5.42456e-14 -2.75288e-213 7.6572e-218)
(-9.03888e-14 2.31318e-210 -2.63115e-215)
(1.56142e-13 2.27693e-207 3.6116e-214)
(2.54246e-13 0 0)
(-6.17793e-14 0 0)
(6.52867e-14 0 0)
(-5.93935e-14 0 0)
(2.91274e-14 0 0)
(-1.31789e-13 -1.10482e-30 9.6947e-30)
(4.79796e-13 6.57235e-36 -3.02417e-30)
(-1.20622e-13 8.99065e-43 1.4588e-48)
(-1.09896e-13 6.62589e-42 2.30138e-47)
(1.32267e-13 -1.79067e-44 -5.45625e-48)
(2.07258e-13 2.24568e-55 7.65069e-49)
(1.85339e-13 1.81377e-56 -6.5555e-51)
(-1.0595e-13 7.13788e-63 2.58323e-68)
(-2.64463e-13 -1.66559e-76 2.39953e-71)
(-1.77577e-14 1.25433e-78 9.6463e-73)
(5.38444e-14 6.75866e-81 -3.0099e-74)
(-2.16607e-14 -2.20096e-79 4.55617e-76)
(-1.88413e-13 -2.4912e-89 -2.37928e-95)
(-4.07086e-14 6.35331e-118 3.40565e-124)
(8.16977e-14 6.24356e-120 -1.40084e-124)
(7.29696e-14 -2.27088e-121 2.07694e-125)
(1.51555e-13 -3.84645e-123 9.22742e-129)
(1.84545e-13 2.52682e-132 2.88267e-131)
(-2.06838e-13 -4.36619e-153 -2.10864e-158)
(-1.6466e-13 1.10271e-154 8.6648e-160)
(-8.38242e-15 1.50944e-156 -1.60539e-161)
(1.21021e-13 3.59786e-159 4.35377e-163)
(-9.88414e-14 2.19151e-163 -9.21568e-169)
(-1.3567e-13 3.95254e-190 1.19485e-195)
(-1.94316e-13 4.57722e-194 -2.2995e-198)
(-5.36632e-14 6.18415e-197 3.63808e-201)
(2.17615e-13 1.3784e-202 -8.82498e-204)
(6.6221e-14 1.46567e-304 2.25877e-308)
(-2.99875e-14 9.9589e-315 4.4461e-320)
(3.38539e-14 2.03987e-316 -6.80328e-321)
(2.19626e-13 -2.82545e-317 5.43472e-322)
(1.19844e-13 5.1284e-321 0)
(2.81235e-13 0 0)
(-1.60652e-13 0 0)
(6.74215e-14 0 0)
(-1.37056e-13 0 0)
(-9.96339e-14 0 0)
(2.10078e-13 -4.69864e-31 -6.43524e-33)
(-1.76265e-13 -6.64147e-36 1.44336e-35)
(-2.91164e-13 4.17231e-39 -7.10634e-45)
(-1.337e-13 -3.10359e-41 -1.01932e-48)
(6.76099e-14 1.73821e-43 1.17877e-48)
(-3.19243e-14 2.77318e-55 -1.08193e-49)
(1.52464e-14 8.0306e-57 1.22939e-53)
(1.74246e-13 -3.55727e-61 -4.30165e-56)
(5.21155e-14 -1.25539e-77 -2.20626e-83)
(-1.33039e-13 -1.39934e-76 -4.631e-83)
(1.73455e-13 1.08167e-77 -2.81067e-85)
(4.00802e-14 1.47972e-81 -1.48749e-86)
(3.55851e-14 1.79675e-90 -5.58448e-96)
(4.9113e-15 -1.3678e-117 -7.78693e-124)
(-1.15318e-13 -4.03164e-119 2.76868e-124)
(-1.61429e-13 2.38841e-120 -3.49659e-125)
(-6.24025e-14 7.98696e-122 -4.60412e-128)
(-1.43131e-13 -9.4852e-134 -1.9233e-129)
(-4.47065e-15 6.82275e-152 -3.67374e-158)
(-4.35811e-14 -6.78804e-151 4.36578e-157)
(7.59894e-14 -2.45279e-155 6.89703e-160)
(1.85569e-13 -6.58665e-158 5.2155e-164)
(-1.87281e-13 8.29463e-176 1.27007e-181)
(-1.93721e-14 -8.46025e-188 -2.10235e-183)
(8.94551e-14 -5.9391e-191 1.47155e-185)
(-1.45407e-13 -5.35572e-194 -9.60329e-189)
(1.45509e-13 -2.32998e-199 1.8334e-205)
(2.80773e-13 6.0948e-303 2.74907e-309)
(-5.78044e-14 -7.22101e-315 -4.19709e-309)
(1.52686e-13 -1.60935e-315 1.02199e-309)
(-1.10726e-13 1.3369e-316 -1.14324e-310)
(9.50768e-15 7.08885e-320 2.83669e-314)
(-2.42242e-13 0 0)
(-1.56269e-13 0 0)
(3.1516e-13 0 0)
(2.23282e-14 0 0)
(-1.26904e-14 0 0)
(7.43092e-14 -1.01725e-30 9.07912e-32)
(1.08386e-14 1.05795e-36 -3.29341e-31)
(1.85188e-13 -2.52458e-38 -9.9814e-36)
(-8.46417e-16 3.11691e-41 4.36272e-36)
(-1.0007e-14 -1.7396e-43 -1.36571e-36)
(2.45548e-14 -1.83777e-56 4.99442e-63)
(5.99358e-15 -2.37986e-57 -1.19767e-63)
(-1.30313e-13 -3.22711e-61 -1.57339e-63)
(1.0884e-14 3.75009e-79 -2.27522e-78)
(1.0581e-14 1.3643e-73 2.07704e-78)
(-8.11483e-14 -1.82559e-75 -2.08084e-78)
(5.80147e-14 -2.13298e-86 1.03416e-78)
(1.9389e-13 -1.28423e-106 3.81021e-112)
(-9.7842e-14 2.27739e-117 -1.09662e-112)
(1.83302e-13 1.47655e-118 4.58301e-113)
(6.2615e-14 -1.90256e-119 -4.63397e-125)
(-6.03716e-15 -7.86219e-121 -3.18591e-126)
(9.16355e-14 1.35286e-135 -1.87758e-141)
(-7.26414e-14 -4.35627e-151 8.75873e-146)
(-3.64451e-14 1.78817e-148 -6.66264e-147)
(8.09009e-14 9.27867e-154 2.09616e-148)
(-1.88378e-14 -5.10612e-154 -4.10972e-150)
(1.97141e-13 -5.47047e-174 -6.47128e-181)
(1.73147e-14 6.41984e-186 5.08829e-181)
(-1.96366e-14 6.85631e-189 -1.31511e-183)
(1.23757e-13 2.37678e-191 3.65059e-186)
(4.81092e-14 -6.39325e-196 -1.29429e-189)
(6.46029e-14 -5.05537e-303 -9.1922e-309)
(2.93174e-14 4.78138e-315 6.88695e-311)
(-1.06266e-13 1.10183e-316 -3.12641e-312)
(3.51158e-16 -9.65995e-318 1.61309e-313)
(1.07177e-14 -6.72917e-321 -1.50279e-315)
(1.42579e-13 0 0)
(2.6649e-13 0 0)
(-7.67918e-14 0 0)
(-8.33469e-14 0 0)
(5.48892e-15 0 0)
(-1.2313e-14 1.28798e-30 -7.84861e-32)
(5.64849e-14 -6.01266e-38 3.10593e-34)
(-4.26269e-14 -2.48481e-37 -4.44899e-42)
(-2.62625e-14 -1.02838e-41 7.68377e-43)
(-2.4774e-14 -6.25528e-44 1.99575e-50)
(9.84536e-15 8.08428e-56 -1.55599e-50)
(-2.8547e-15 1.93025e-58 5.89411e-52)
(-4.47152e-14 8.16073e-60 -1.25629e-54)
(4.97164e-14 -3.29323e-81 1.1612e-76)
(-2.52466e-14 -1.43328e-71 -1.00991e-76)
(8.84471e-15 2.16359e-73 1.77087e-77)
(-7.73039e-14 6.80245e-85 -2.04314e-78)
(-1.63783e-13 2.01787e-106 5.76585e-112)
(-3.79033e-14 -6.09497e-118 8.00344e-113)
(-4.32604e-14 -6.86842e-119 -5.43794e-112)
(-3.15877e-14 -1.0975e-119 7.10224e-113)
(-1.56343e-14 2.21923e-119 -8.75172e-114)
(-1.41875e-13 -1.36428e-137 1.96033e-143)
(-3.5293e-14 4.4732e-150 -9.52097e-145)
(-9.73147e-15 -4.18741e-146 2.08082e-146)
(-9.27725e-15 -1.6119e-153 -3.25617e-148)
(-9.30771e-14 5.44834e-151 2.06941e-150)
(-1.43518e-13 -3.1575e-154 -8.5231e-160)
(1.7422e-14 -3.91652e-185 -7.26841e-180)
(-4.94381e-14 -4.19359e-187 9.1049e-182)
(2.58442e-14 -1.8772e-189 -4.05932e-184)
(-1.07345e-13 2.86314e-199 1.21186e-205)
(-2.00057e-13 4.92756e-304 -6.66353e-310)
(-1.59433e-13 -3.19492e-317 -3.34089e-312)
(-7.63284e-14 -4.93449e-318 -3.953e-314)
(4.36235e-14 -5.32109e-321 1.0583e-315)
(-2.62122e-14 -3.95253e-323 -7.918e-318)
(-3.17859e-14 0 0)
(-7.33195e-14 0 0)
(-1.75024e-14 0 0)
(2.34109e-14 0 0)
(-1.10915e-14 0 0)
(8.90267e-15 2.13605e-31 -1.50115e-35)
(-4.0144e-14 -2.65147e-38 5.01466e-37)
(-3.07153e-14 7.35327e-37 -1.03642e-37)
(-8.61706e-14 -1.19765e-50 1.16971e-56)
(3.12968e-14 1.31233e-45 -2.81236e-52)
(-3.8964e-14 -1.1051e-57 2.03011e-52)
(8.36499e-15 1.1974e-58 -3.82166e-54)
(-3.46305e-14 -4.19591e-61 3.11673e-60)
(-1.28455e-13 -1.70435e-67 -3.47958e-62)
(5.81384e-14 2.36693e-69 2.07001e-63)
(-2.90536e-14 1.65378e-71 -5.14022e-65)
(4.82403e-14 -1.27903e-87 -5.86372e-93)
(2.0872e-13 -1.89045e-113 1.11423e-118)
(-1.44193e-13 4.01336e-119 1.19665e-118)
(9.90921e-14 1.3949e-118 -1.63296e-119)
(-4.36206e-14 -2.42003e-127 2.51445e-121)
(-1.51427e-14 -2.42569e-120 -8.47684e-123)
(1.35609e-13 -1.40167e-128 -7.29216e-134)
(-1.13348e-13 3.3011e-141 5.08032e-136)
(6.783e-14 2.8755e-143 -7.41524e-138)
(-3.61921e-14 2.39715e-145 5.31733e-140)
(1.18607e-14 -4.9314e-149 -1.92261e-142)
(4.55234e-14 -1.01227e-152 4.81985e-146)
(-1.91444e-13 -6.6604e-209 1.55104e-203)
(1.15595e-13 -4.81024e-206 -9.61257e-201)
(-1.36e-13 2.38461e-192 -3.98457e-198)
(9.63924e-14 -9.46305e-203 3.62868e-201)
(1.40724e-13 0 0)
(-5.27468e-15 2.77171e-321 0)
(4.37598e-14 4.00045e-320 0)
(-5.09059e-14 4.94066e-324 0)
(1.49267e-13 0 0)
(2.12062e-13 0 0)
(-1.11553e-13 0 0)
(9.33596e-14 0 0)
(-7.73997e-14 0 0)
(2.29213e-14 0 0)
(-5.43503e-14 2.98631e-30 4.21138e-30)
(1.03887e-13 -2.25024e-36 7.83911e-31)
(-7.92835e-14 7.81592e-37 -3.24523e-31)
(-7.10571e-14 5.79412e-47 1.33093e-52)
(9.15505e-14 -8.62973e-48 -5.32457e-53)
(-2.52535e-15 3.44083e-52 1.45366e-53)
(4.57925e-14 -5.30858e-53 -1.75995e-54)
(-1.41205e-13 4.02722e-62 3.23344e-58)
(-1.58194e-13 -2.07467e-75 -9.62337e-83)
(9.46389e-14 4.98887e-78 -2.41159e-83)
(-9.29119e-14 -3.04706e-81 9.30156e-86)
(1.72253e-13 5.10826e-86 1.64184e-92)
(-9.01883e-14 2.42091e-110 8.5369e-117)
(-2.75725e-13 1.99278e-111 4.45723e-117)
(1.73689e-13 -1.77334e-123 -1.80886e-117)
(4.83773e-14 9.06311e-125 6.68925e-120)
(-1.00153e-13 -8.2508e-126 -2.26199e-120)
(-1.43582e-13 5.30419e-128 1.89171e-121)
(-2.39061e-13 1.13549e-141 2.59128e-147)
(8.6344e-14 -2.99925e-153 -6.63673e-148)
(5.17141e-14 5.51995e-150 1.04809e-149)
(9.97395e-14 -2.54024e-156 -4.91193e-151)
(2.91842e-13 5.00568e-158 2.67276e-152)
(-1.64958e-13 3.06843e-176 3.87712e-184)
(-1.01932e-13 -3.98722e-190 -3.43799e-184)
(8.91074e-15 -5.77521e-194 -5.82866e-201)
(3.67723e-13 4.59343e-198 5.17507e-203)
(1.88988e-13 2.52991e-228 1.22127e-233)
(-2.19889e-14 -4.69433e-241 -2.46218e-236)
(9.02305e-14 1.68779e-317 -6.8721e-312)
(3.27738e-13 5.51921e-320 4.87984e-314)
(-3.04714e-14 -5.43472e-323 -1.66868e-316)
(-2.17659e-13 0 0)
(-1.18578e-13 0 0)
(1.20383e-13 0 0)
(1.16512e-14 0 0)
(1.86221e-14 0 0)
(-8.26886e-14 1.65811e-30 -1.37394e-30)
(1.94931e-14 -2.21274e-36 -1.31329e-30)
(-1.71676e-14 -5.61736e-38 1.12505e-39)
(2.53071e-14 2.26977e-46 -1.59294e-40)
(-1.15294e-14 -4.6986e-47 6.26222e-41)
(-6.56881e-14 -1.24556e-47 -4.72838e-42)
(3.42452e-14 1.37179e-50 8.54595e-45)
(-3.73501e-14 -1.88857e-60 -1.06261e-66)
(9.97954e-15 2.03985e-73 -3.52592e-68)
(-7.56848e-14 -5.79288e-76 3.4269e-70)
(1.0539e-13 -1.41098e-78 -2.95144e-72)
(2.12408e-14 -1.75891e-83 3.06062e-89)
(4.2108e-14 1.14038e-108 1.41945e-113)
(3.11946e-14 2.45387e-110 1.8923e-116)
(-1.18148e-14 -9.09727e-123 1.26383e-117)
(2.8331e-13 3.13949e-124 -5.95201e-118)
(3.71523e-14 4.35274e-126 4.68739e-120)
(8.12453e-15 1.29265e-129 -5.2813e-135)
(7.35501e-14 -6.23727e-141 -3.29133e-147)
(4.04778e-14 8.35112e-146 2.01228e-147)
(-3.74926e-14 -1.35418e-147 -1.52489e-148)
(8.13816e-14 8.64992e-149 5.72203e-150)
(-1.46347e-13 4.03188e-157 -9.46254e-152)
(-2.57941e-13 -1.64323e-174 -1.06425e-180)
(1.04009e-13 -4.65662e-177 -3.84381e-182)
(6.69822e-14 3.6685e-192 2.67655e-186)
(3.63548e-13 -4.21751e-195 -2.8817e-189)
(3.73002e-14 -1.62535e-218 -5.66115e-224)
(-9.17156e-14 2.46641e-238 2.37508e-233)
(5.02003e-14 2.55671e-242 -1.08141e-236)
(-1.91073e-14 6.54108e-319 -1.87369e-312)
(1.70632e-13 2.77665e-321 8.84549e-316)
(7.28155e-14 0 0)
(-2.40564e-14 0 0)
(1.89567e-13 0 0)
(8.87426e-14 0 0)
(4.09688e-14 0 0)
(-3.8421e-14 8.47006e-30 4.91623e-32)
(5.08496e-14 1.16278e-36 -3.05267e-42)
(3.77927e-14 4.29014e-40 3.81656e-46)
(-5.71331e-14 -1.00805e-46 -4.45728e-52)
(-6.32095e-14 2.56989e-47 -1.6968e-53)
(1.041e-14 1.61305e-49 -3.75881e-55)
(4.20913e-14 2.5545e-52 -1.71438e-57)
(-5.85293e-15 3.62729e-59 9.98589e-65)
(-1.36806e-14 -9.19283e-73 1.33269e-67)
(-1.11298e-13 1.52165e-75 -1.29403e-69)
(-8.7406e-14 -4.1385e-81 2.33029e-73)
(8.45365e-14 -9.08128e-82 -2.76293e-75)
(1.14998e-13 5.07225e-101 4.37871e-107)
(-7.4557e-14 4.53397e-108 4.0867e-114)
(-1.09714e-14 2.18589e-122 2.46138e-116)
(1.63206e-15 3.42036e-123 -1.59087e-117)
(1.63886e-13 4.57342e-125 1.94091e-119)
(2.73825e-13 -2.8263e-141 -1.80867e-134)
(-6.58835e-15 4.94192e-142 2.11439e-135)
(1.21192e-14 4.02942e-143 -7.01561e-137)
(-5.9338e-15 3.61539e-145 8.24018e-139)
(-7.51177e-14 -2.32098e-146 -6.81549e-141)
(9.8386e-14 -2.49747e-158 9.35089e-164)
(-8.11096e-15 -1.36892e-173 -3.9198e-168)
(-7.18192e-14 3.9387e-175 -1.11049e-169)
(5.81651e-14 -4.16736e-193 -5.83436e-199)
(-1.59483e-13 8.63118e-198 3.60107e-201)
(-9.92042e-14 2.60346e-211 -3.34374e-206)
(2.04192e-13 -1.13286e-241 -1.65963e-248)
(-1.17025e-13 5.07107e-318 9.88131e-324)
(2.67012e-14 -2.12942e-320 0)
(-6.23678e-14 0 0)
(8.14468e-14 0 0)
(2.30208e-14 0 0)
(6.33332e-15 0 0)
(-9.49512e-15 0 0)
(4.85736e-14 0 0)
(4.37271e-14 -1.99697e-30 -6.81467e-32)
(-7.46233e-15 -8.16916e-37 3.12328e-42)
(1.03188e-13 1.57112e-43 -5.35973e-43)
(1.11556e-13 1.69292e-47 -4.63989e-51)
(-6.23897e-14 -3.23725e-48 5.1367e-51)
(2.94286e-14 -3.74482e-51 -3.36819e-51)
(4.56919e-14 -9.64663e-54 8.31959e-52)
(1.65078e-13 -3.70854e-58 -7.51982e-53)
(1.16626e-13 1.98329e-74 -3.08961e-80)
(4.90545e-14 -6.31517e-77 2.9441e-82)
(-4.44866e-14 3.08524e-81 -1.99404e-84)
(-1.19464e-13 -1.69437e-83 2.87354e-89)
(-9.14245e-15 4.86801e-98 -7.06478e-92)
(1.24781e-13 1.08893e-100 1.49789e-94)
(-6.04373e-14 8.43418e-124 -4.87414e-130)
(-7.4107e-16 -7.05387e-124 1.62162e-130)
(-1.27132e-13 6.80738e-126 3.08417e-131)
(-1.2968e-13 7.54048e-141 -5.07971e-147)
(-1.95904e-14 -5.39141e-141 -2.29934e-147)
(-5.87594e-14 5.83143e-145 -1.73041e-147)
(-3.20677e-14 -2.15524e-146 9.21221e-149)
(-7.78403e-14 8.45874e-149 -2.44022e-153)
(5.10794e-14 2.08773e-160 7.66066e-167)
(-2.38266e-14 -1.21562e-174 -3.64478e-169)
(4.56471e-15 -4.24578e-177 -4.28975e-184)
(-4.63271e-14 1.39286e-190 3.70805e-185)
(1.51063e-13 1.0935e-199 -3.23608e-206)
(1.38385e-13 2.83279e-213 3.35988e-218)
(1.20257e-14 -2.09169e-317 9.88131e-324)
(6.79788e-14 -3.22872e-320 0)
(6.14816e-15 3.45846e-323 0)
(3.10071e-15 0 0)
(-9.48817e-14 0 0)
(6.09605e-14 0 0)
(-3.65073e-14 0 0)
(-1.37437e-14 0 0)
(-1.52444e-14 0 0)
(1.39442e-13 1.44359e-30 -3.73788e-31)
(1.00362e-13 -2.37063e-38 -3.68341e-32)
(-1.82608e-13 4.36785e-41 -3.22329e-45)
(-5.7361e-14 -1.01752e-48 -1.00285e-54)
(8.65095e-14 1.78819e-49 2.31038e-55)
(-1.52924e-13 5.06945e-55 2.46273e-56)
(1.27843e-13 1.57853e-57 -4.96788e-58)
(-1.47787e-13 1.80843e-59 3.13845e-62)
(-4.83587e-14 -1.66724e-76 4.94638e-84)
(5.64006e-14 4.21126e-79 -9.90112e-86)
(-4.64755e-14 -8.03289e-84 1.33891e-87)
(6.59364e-14 3.94992e-86 -5.28124e-88)
(-4.37385e-14 -5.22692e-94 -3.87022e-99)
(-9.50754e-14 -2.02012e-108 3.46917e-113)
(3.07125e-14 9.46661e-122 1.62453e-115)
(-8.29951e-14 3.86779e-122 -8.03185e-117)
(1.60713e-13 6.24657e-124 1.31579e-118)
(7.84144e-14 -7.1112e-142 2.92812e-148)
(-1.07337e-13 5.58523e-142 -6.15587e-148)
(1.10933e-13 -7.43395e-149 1.99358e-148)
(-2.36135e-14 6.32066e-149 -9.29831e-150)
(1.27017e-13 1.36485e-157 9.79751e-152)
(2.21199e-14 -1.2934e-162 4.21658e-169)
(-1.97808e-13 1.83792e-178 -5.90154e-184)
(9.97063e-14 1.05435e-179 -1.5478e-185)
(-6.21726e-14 -4.89547e-193 -9.51503e-188)
(1.49033e-14 -1.25178e-196 2.31748e-190)
(-2.94233e-13 -3.04481e-199 -3.14168e-193)
(-2.88531e-14 7.55278e-320 0)
(8.82642e-14 6.91692e-323 0)
(-7.58464e-14 0 0)
(1.00539e-13 0 0)
(7.48984e-14 0 0)
(-1.43626e-13 0 0)
(-2.66781e-14 0 0)
(-1.97801e-14 0 0)
(1.26346e-15 0 0)
(1.77129e-13 4.97503e-30 -6.80165e-29)
(1.81842e-13 1.03866e-35 2.9309e-30)
(5.01876e-14 1.38105e-40 -6.50193e-35)
(-1.548e-13 6.85896e-42 4.27711e-39)
(1.27651e-13 6.42011e-44 -8.97203e-39)
(1.31875e-13 3.88061e-43 1.34905e-37)
(4.23783e-13 -4.0172e-44 -1.19221e-38)
(-1.72374e-13 3.86404e-81 -1.96936e-86)
(-3.39665e-13 1.47249e-71 2.79949e-77)
(9.61924e-14 -1.83719e-74 -1.17858e-78)
(-1.10535e-13 1.97018e-85 5.61345e-80)
(5.6323e-14 -6.34694e-89 -7.22201e-83)
(6.55835e-13 4.41949e-92 4.2271e-87)
(-2.13286e-14 -8.09969e-127 7.6166e-130)
(3.11616e-14 5.86483e-135 1.53505e-130)
(1.33122e-13 7.47345e-135 1.86997e-129)
(1.28731e-13 6.34641e-135 -1.72531e-129)
(-7.40532e-14 1.49255e-147 1.9012e-153)
(-1.00768e-13 9.75707e-158 2.25175e-163)
(-9.35138e-14 -7.12809e-171 -3.2948e-164)
(-1.55862e-13 7.26534e-161 4.74327e-164)
(-8.58799e-15 -7.47398e-166 -2.88995e-165)
(-2.29847e-14 3.99063e-285 4.34784e-291)
(-2.39564e-13 -2.44338e-296 4.14269e-291)
(-6.43291e-14 -1.32668e-297 -5.42498e-292)
(-6.50433e-14 -2.51715e-299 9.18798e-294)
(1.62568e-13 -3.08255e-301 -4.03283e-295)
(-1.1105e-13 -2.06625e-297 2.05075e-302)
(-1.45795e-13 3.37198e-317 2.02567e-322)
(6.78153e-14 2.07755e-320 0)
(1.19053e-13 0 0)
(1.80939e-13 -4.94066e-324 0)
(1.45886e-13 0 0)
(-6.3602e-14 0 0)
(2.25042e-13 0 0)
(-1.29553e-13 0 0)
(-5.78223e-16 0 0)
(2.99215e-14 -2.32925e-29 -2.35724e-35)
(-5.61774e-14 1.32142e-35 2.54705e-36)
(8.70109e-14 -4.80407e-41 -2.20425e-39)
(-5.18165e-14 -1.36145e-41 8.97708e-41)
(1.64487e-14 -1.52578e-43 -1.1099e-41)
(-3.35596e-15 9.30655e-44 7.13635e-43)
(-6.81929e-14 -4.71901e-44 -5.19231e-44)
(-2.05351e-13 -9.37862e-53 1.51544e-58)
(-2.19004e-13 -2.47605e-70 -1.95162e-76)
(-5.17893e-14 3.78317e-73 6.71292e-78)
(5.61899e-14 -1.12505e-83 -3.20025e-79)
(9.44838e-14 -8.69785e-91 7.71485e-96)
(4.63613e-13 -2.25211e-127 -2.46063e-133)
(-7.7661e-14 -6.23284e-127 1.74511e-133)
(2.74026e-13 -7.01765e-135 1.84389e-134)
(-1.72256e-13 -6.06775e-136 -1.04049e-134)
(-9.22818e-15 -1.32599e-134 3.36719e-135)
(1.53132e-13 1.69849e-143 -2.29623e-138)
(-2.04724e-14 -1.6448e-157 4.97459e-163)
(-1.68665e-14 2.86595e-169 -1.11909e-163)
(-4.95761e-14 -7.32914e-160 2.41543e-164)
(9.05098e-14 5.91606e-164 4.7449e-171)
(2.23333e-13 2.37946e-173 3.37296e-179)
(-8.43578e-14 1.57465e-297 2.51199e-303)
(-2.23221e-13 7.78586e-300 -1.35828e-305)
(1.41403e-13 1.74311e-300 -2.08524e-306)
(2.95359e-14 -2.53807e-302 -5.80827e-304)
(1.11444e-13 5.79885e-298 8.99121e-303)
(-6.55616e-14 -3.24135e-316 6.91692e-322)
(-1.03457e-14 -4.9206e-319 0)
(1.12988e-13 0 0)
(6.64072e-14 6.7687e-322 0)
(-2.41605e-13 0 0)
(-9.14665e-14 0 0)
(1.7715e-13 0 0)
(2.20212e-15 0 0)
(3.67843e-16 0 0)
(-8.61573e-14 5.21625e-28 -9.84423e-32)
(1.6127e-13 -7.63166e-36 7.16434e-32)
(4.09264e-14 -2.89607e-41 -6.11243e-47)
(-2.2521e-14 9.85784e-42 2.90322e-48)
(3.52735e-14 2.08305e-44 -1.35755e-47)
(-1.95376e-14 -2.90501e-44 2.8286e-48)
(4.39665e-14 2.75802e-44 -1.12832e-50)
(1.77766e-13 2.81153e-50 7.24879e-56)
(5.44218e-14 -1.0774e-62 -9.53004e-58)
(4.50565e-14 -2.23597e-72 -8.0804e-66)
(2.86088e-14 3.38456e-82 2.40963e-88)
(-8.84224e-14 3.26478e-91 -5.01953e-90)
(-2.8429e-13 -1.73932e-97 4.00844e-92)
(-1.91828e-13 1.34965e-123 1.86666e-129)
(-9.51037e-14 -8.14044e-136 -2.05445e-131)
(-6.20682e-16 6.2344e-137 6.28953e-132)
(-2.33547e-14 3.79707e-135 -1.90121e-132)
(-1.38377e-13 -1.26567e-138 1.05364e-133)
(-1.27085e-14 1.32487e-158 6.81948e-163)
(3.2215e-14 1.32874e-169 -5.45145e-164)
(7.827e-14 4.23149e-159 -2.5272e-165)
(4.13852e-14 -2.86717e-162 2.30062e-165)
(-1.04455e-13 1.2784e-172 -1.28423e-166)
(7.04549e-15 -7.31963e-299 1.65318e-304)
(5.03625e-14 -2.35446e-301 -9.31753e-307)
(-1.05858e-13 -3.96156e-302 8.11344e-308)
(-5.89096e-14 3.09983e-303 -3.03795e-310)
(3.59286e-14 -1.57979e-297 2.38686e-303)
(7.56776e-14 1.99538e-315 1.97626e-321)
(-2.15529e-14 7.43251e-318 0)
(-4.94722e-14 0 0)
(-2.91189e-14 -4.0795e-320 0)
(1.76044e-13 0 0)
(6.40692e-14 0 0)
(-9.51472e-14 0 0)
(-2.75248e-16 0 0)
(1.3291e-15 0 0)
(5.27237e-14 -3.98361e-26 -3.19031e-32)
(-2.18715e-13 1.31158e-36 9.80051e-32)
(-1.05208e-13 -1.95997e-40 -2.14582e-35)
(-7.3102e-14 -6.58452e-41 1.86787e-35)
(-1.25646e-13 -6.19366e-44 -7.95061e-37)
(5.21038e-14 -8.28336e-44 1.76546e-38)
(-4.79201e-14 -4.24351e-45 -1.2866e-40)
(1.24677e-13 -4.23959e-48 4.47583e-43)
(-7.77285e-15 -1.52247e-70 -1.73026e-70)
(-1.99728e-14 1.8346e-74 4.83486e-73)
(1.23679e-14 6.5339e-82 2.30638e-82)
(3.9055e-14 -2.37477e-91 5.56147e-85)
(8.56749e-14 3.84385e-107 -1.66672e-101)
(5.04215e-14 -2.61171e-121 5.21519e-128)
(3.77026e-14 1.47945e-133 2.81698e-128)
(1.26112e-14 -1.45218e-123 -2.95171e-129)
(2.33948e-14 -2.8167e-134 -1.40429e-139)
(7.11679e-14 6.46264e-140 -6.65918e-141)
(1.24784e-13 -3.51378e-157 -9.64828e-152)
(-5.89435e-14 -1.17311e-157 1.90505e-152)
(2.85523e-14 -1.75298e-158 -4.1528e-153)
(1.36918e-13 -5.02552e-161 2.34094e-154)
(9.21057e-14 6.25402e-161 -6.87051e-156)
(4.9525e-14 1.62892e-300 1.25644e-306)
(1.61731e-14 2.95856e-303 -1.34669e-308)
(9.48474e-15 4.2023e-304 5.45625e-310)
(7.94416e-15 -1.59214e-306 -4.29528e-312)
(-5.32436e-14 1.73187e-303 -9.62403e-309)
(4.32116e-15 -1.40736e-314 -2.50378e-309)
(-2.19745e-14 1.11093e-317 2.01804e-310)
(1.69564e-15 3.0007e-317 -7.11354e-312)
(3.03286e-15 1.45794e-318 4.14868e-313)
(-6.66309e-14 0 0)
(6.71729e-15 0 0)
(-1.99615e-14 0 0)
(1.31418e-14 0 0)
(-5.37481e-15 0 0)
(-2.61631e-14 5.15269e-25 6.44402e-32)
(1.39067e-13 -5.85239e-37 -1.36688e-31)
(1.525e-13 -3.46278e-43 2.65178e-48)
(-1.98968e-14 1.91171e-43 -1.0254e-49)
(3.48101e-14 -1.35307e-51 1.36603e-49)
(-8.64449e-14 8.37576e-46 -9.43502e-50)
(2.07478e-13 5.11907e-51 7.75714e-51)
(2.81355e-15 2.72621e-50 -6.5529e-56)
(2.47077e-15 3.72948e-72 3.76923e-69)
(4.28614e-14 7.58996e-76 -1.06183e-69)
(-6.37197e-14 4.43509e-77 1.14486e-70)
(8.4877e-14 2.49082e-78 -2.70999e-72)
(2.23633e-13 -8.75126e-107 -1.14099e-113)
(-1.84435e-14 6.26472e-120 -1.25923e-114)
(6.34303e-15 7.76672e-121 1.42764e-115)
(-7.62125e-14 5.56354e-122 -1.36107e-116)
(1.5265e-13 1.76499e-123 4.57414e-118)
(-7.24033e-14 -1.71737e-141 3.67535e-147)
(-9.69444e-14 -7.22539e-156 -1.61741e-149)
(4.86137e-14 -1.95815e-157 4.83782e-152)
(-3.15427e-14 -7.70505e-160 -1.56121e-154)
(6.79431e-15 -3.84736e-163 1.57214e-156)
(-2.04239e-13 -4.28832e-162 -1.12038e-158)
(-1.10291e-13 -1.20892e-302 -8.60056e-309)
(1.67861e-13 -8.68979e-307 3.5217e-311)
(-1.37243e-13 -1.32383e-306 -5.30153e-313)
(1.30888e-13 2.59957e-309 1.49345e-315)
(2.21807e-13 -1.81007e-302 1.51711e-309)
(-2.50365e-14 1.60134e-314 -3.32614e-309)
(2.8956e-14 3.97636e-316 7.86436e-310)
(-4.3897e-14 2.86849e-316 -5.79398e-311)
(1.17057e-13 7.14437e-318 1.78522e-312)
(-4.13659e-14 0 0)
(-8.59845e-14 0 0)
(4.24116e-14 0 0)
(-3.34332e-14 0 0)
(6.10116e-15 0 0)
(-1.88214e-13 -2.96755e-24 -4.27047e-24)
(1.8849e-13 4.09591e-29 6.89136e-24)
(2.9747e-13 -5.1911e-41 8.73326e-46)
(2.35265e-13 7.81961e-43 -1.00647e-46)
(-6.31066e-14 1.3098e-44 -7.80385e-46)
(2.54104e-13 4.01328e-49 1.77207e-46)
(9.48048e-14 5.64611e-48 -4.11213e-47)
(-2.14176e-13 -2.57114e-52 6.6927e-58)
(-1.89137e-13 2.09787e-70 1.72461e-65)
(1.15899e-13 3.7502e-72 -6.34185e-67)
(-3.45361e-14 2.43567e-76 1.97522e-69)
(2.45088e-13 2.38558e-77 -3.60871e-71)
(-2.28263e-13 2.4013e-107 -1.0685e-112)
(-4.51133e-13 -1.64689e-100 -3.36513e-106)
(-3.27285e-14 7.04027e-120 -2.9638e-114)
(3.19146e-13 1.02798e-121 4.57937e-116)
(2.37205e-13 2.02086e-122 -9.41068e-117)
(-1.29447e-13 1.27923e-143 -5.8789e-149)
(-8.17025e-14 -2.76284e-156 5.77577e-151)
(-2.68314e-13 1.64672e-159 -2.4506e-153)
(-2.03272e-14 -2.4133e-160 1.3358e-154)
(-5.92832e-14 -3.23918e-161 -1.46153e-155)
(-1.84153e-13 4.10129e-162 1.17294e-156)
(-3.15948e-13 8.3584e-196 1.27943e-203)
(-1.02053e-13 -1.63944e-198 8.25608e-204)
(1.60666e-14 7.3538e-201 -5.11404e-207)
(2.41819e-13 -1.51153e-202 2.8378e-208)
(-9.81543e-14 -1.0407e-216 -7.46518e-222)
(-2.2181e-13 1.25164e-220 4.579e-224)
(5.25392e-14 3.03517e-232 -1.43201e-226)
(2.69105e-13 4.95391e-235 2.44551e-229)
(1.17271e-13 2.85469e-240 -2.59683e-234)
(1.44957e-13 0 0)
(-1.48032e-13 0 0)
(2.33152e-13 0 0)
(7.88055e-14 0 0)
(-4.26766e-15 0 0)
(1.57447e-13 2.52981e-24 -8.45505e-31)
(1.88092e-13 1.29067e-29 1.78938e-30)
(-5.69543e-14 5.04943e-41 -3.17041e-46)
(-2.04077e-13 4.60257e-43 -1.56235e-46)
(3.63479e-14 -1.26136e-43 7.96668e-47)
(6.21957e-14 -1.02959e-44 -4.99392e-47)
(4.77341e-14 -4.30686e-47 4.4967e-48)
(2.17732e-13 5.72784e-60 2.81898e-65)
(4.0469e-14 -2.02476e-69 -6.31212e-66)
(-4.64113e-15 -8.11859e-72 2.4917e-66)
(-2.94299e-14 3.98023e-73 -1.93026e-67)
(1.52767e-14 2.00792e-78 -1.05106e-84)
(2.48619e-13 -3.34804e-83 -6.02179e-89)
(-1.21766e-13 -2.91168e-98 3.96029e-92)
(-1.4191e-13 2.6173e-100 -1.00645e-94)
(2.2102e-13 -1.58551e-122 3.9783e-128)
(1.06418e-13 -3.16586e-123 1.48012e-129)
(3.49455e-13 -6.31057e-146 -2.18389e-151)
(1.26241e-13 -2.69049e-155 -9.69974e-155)
(2.87513e-14 -3.01191e-157 1.71704e-157)
(-7.58541e-14 -5.55304e-159 -4.23508e-160)
(2.13701e-13 -2.53364e-164 8.70409e-163)
(1.96797e-13 1.42146e-174 1.1968e-169)
(-1.80499e-13 -3.53763e-194 2.15527e-200)
(-2.98724e-13 1.16175e-196 1.06948e-202)
(2.2412e-13 -6.60099e-199 -8.39976e-205)
(1.99123e-13 5.52763e-201 3.09017e-206)
(2.57956e-13 2.22587e-214 5.21442e-210)
(-5.16834e-14 -1.4739e-218 -2.26537e-213)
(3.94888e-14 -1.03132e-234 1.73674e-241)
(6.0406e-14 -1.95524e-240 2.01351e-246)
(-3.71327e-14 7.59215e-243 -1.54865e-248)
(-2.82023e-13 0 0)
(2.62931e-14 0 0)
(1.81204e-13 0 0)
(-6.34154e-14 0 0)
(-8.67838e-15 0 0)
(-1.26886e-14 -1.11116e-24 -9.46024e-31)
(2.68881e-14 -3.21374e-29 5.17552e-31)
(-6.59954e-14 -8.46531e-41 -1.34762e-46)
(1.91034e-13 -7.58931e-42 2.3519e-48)
(-2.46008e-14 8.97712e-43 -8.61995e-48)
(2.85301e-14 9.40221e-44 1.93012e-49)
(-2.66707e-15 2.26395e-46 -1.23849e-50)
(-1.80052e-13 -3.44733e-59 1.2587e-64)
(1.33622e-13 9.25814e-69 1.58571e-68)
(-7.81454e-15 6.88813e-73 -4.5172e-69)
(2.21124e-14 -1.03856e-73 6.57558e-80)
(-3.85335e-14 -6.70065e-78 -4.48278e-81)
(-2.4839e-13 5.15088e-82 3.76697e-83)
(6.35265e-14 2.79641e-100 -4.47056e-106)
(6.90754e-14 3.84691e-122 -1.79845e-127)
(-5.32637e-14 9.28753e-124 4.09436e-130)
(-5.74092e-14 1.44247e-124 -1.94453e-130)
(-1.32962e-13 -2.67095e-137 -5.65164e-132)
(-3.61963e-15 8.65395e-154 -6.74036e-160)
(-3.81701e-14 1.83317e-155 8.32819e-161)
(-2.13672e-15 3.39083e-157 3.23944e-163)
(-2.39558e-13 -4.66676e-164 -1.34599e-164)
(-8.43363e-14 -2.81694e-172 2.37096e-167)
(6.9763e-14 2.30716e-191 3.98607e-197)
(1.15423e-13 -6.67348e-195 -6.94188e-201)
(1.48905e-14 5.1747e-197 1.42223e-202)
(-7.11809e-15 -4.36567e-199 -4.23629e-204)
(-7.30799e-14 -8.04568e-212 1.85792e-206)
(1.98995e-14 5.30568e-221 -7.72138e-227)
(3.47949e-14 -9.99271e-235 6.41442e-229)
(-1.03266e-14 6.38802e-238 -1.07032e-231)
(-5.53066e-14 1.75074e-240 7.4307e-235)
(9.91259e-14 0 0)
(-2.70521e-14 0 0)
(-3.78524e-14 0 0)
(-8.60033e-15 0 0)
(-1.42874e-14 0 0)
(-2.97104e-14 6.04495e-26 -4.14611e-31)
(-1.00498e-13 4.89979e-30 3.6542e-30)
(-2.39273e-13 5.27146e-41 -3.13627e-35)
(-1.83754e-13 4.42425e-41 6.37809e-36)
(1.434e-13 -1.28542e-42 -7.88946e-36)
(7.82904e-15 -2.2603e-42 5.30429e-37)
(-5.82409e-14 2.95242e-47 -4.31461e-40)
(-1.47837e-13 1.32351e-56 -1.17889e-62)
(-1.26e-13 -5.8061e-68 -1.53661e-62)
(-2.00193e-14 8.0081e-73 3.87591e-79)
(-4.33829e-14 4.43374e-73 2.34774e-79)
(3.0044e-14 -5.47157e-77 -1.2091e-80)
(-2.93653e-14 -9.75147e-75 -2.84897e-81)
(1.81358e-14 2.65681e-122 7.20626e-129)
(7.30545e-14 -2.19553e-123 -1.13489e-129)
(-6.41736e-14 -2.58385e-125 -1.2137e-131)
(1.30922e-15 -3.46365e-126 -6.7419e-132)
(-3.89972e-13 8.55623e-141 2.22803e-147)
(-1.8152e-13 -2.71003e-152 -3.61505e-147)
(7.06249e-14 -8.94911e-154 2.25888e-148)
(2.59985e-14 -1.00634e-155 -2.90331e-150)
(1.27889e-13 2.8326e-161 5.33373e-167)
(-1.84527e-13 2.85016e-174 -6.054e-180)
(4.40901e-14 -1.29493e-188 -1.37917e-183)
(1.27258e-13 4.98553e-193 2.01185e-186)
(-6.26503e-14 1.59082e-195 -2.10319e-189)
(-6.00065e-14 2.6757e-197 1.37436e-191)
(-6.49682e-14 6.34095e-237 8.28016e-232)
(9.66641e-15 -3.4095e-223 -2.96086e-229)
(-9.52791e-14 2.39156e-237 4.32725e-233)
(2.93124e-14 3.67979e-243 -1.0805e-237)
(5.84159e-14 3.38708e-244 -4.33117e-241)
(6.9063e-14 -4.29221e-250 6.18593e-245)
(8.85459e-14 0 0)
(1.41372e-14 0 0)
(2.01568e-14 0 0)
(3.70092e-15 0 0)
(-3.5756e-14 -4.48627e-27 2.18986e-30)
(1.35422e-13 -7.11336e-31 2.48747e-30)
(2.07827e-13 -1.78047e-41 1.88288e-48)
(2.95569e-14 -9.84547e-43 1.14502e-48)
(-2.2976e-14 -1.52252e-42 2.64187e-48)
(-4.23166e-14 5.13853e-54 -8.96614e-49)
(8.80307e-15 -3.18557e-47 8.93785e-50)
(3.66498e-14 -4.977e-57 -8.14941e-62)
(-8.70872e-14 -8.07173e-68 1.62504e-62)
(-3.41885e-15 -2.66445e-72 -2.86692e-67)
(-1.7068e-14 -2.8555e-72 4.79701e-67)
(5.53227e-15 3.47439e-74 -1.43375e-67)
(6.19891e-14 3.66627e-74 7.71924e-69)
(-4.68685e-15 -6.58123e-125 -6.74637e-131)
(2.54514e-14 2.41319e-125 3.1303e-131)
(-9.08668e-15 3.49521e-127 5.38831e-134)
(-1.0091e-14 8.07304e-128 2.84081e-134)
(1.97598e-13 -3.21805e-141 -6.12302e-146)
(-1.13307e-13 2.02753e-154 5.04253e-148)
(7.04228e-14 7.96222e-155 -1.80314e-149)
(-3.46112e-14 1.76473e-156 3.47522e-151)
(-8.63218e-15 -1.21848e-159 -2.95168e-153)
(-2.70016e-14 -1.40159e-176 2.12182e-181)
(-1.80831e-13 2.45458e-192 4.23308e-199)
(1.01752e-13 7.46855e-196 -5.92246e-202)
(-6.61315e-14 -4.73615e-197 3.89534e-203)
(8.6162e-14 -7.59326e-200 9.30565e-206)
(1.11645e-13 -3.96116e-240 -9.04894e-249)
(-1.30704e-13 -1.00338e-254 -2.05363e-249)
(5.60679e-14 -1.38341e-240 -2.25739e-247)
(-6.41371e-14 7.61303e-247 1.99341e-249)
(1.32043e-13 -2.01395e-248 -4.31936e-253)
(-1.85243e-13 0 0)
(-8.82247e-14 0 0)
(6.1494e-14 0 0)
(-5.4916e-14 0 0)
(2.32217e-14 0 0)
(-3.84808e-15 -9.80415e-24 -1.40212e-23)
(1.98901e-13 8.59906e-29 1.36161e-23)
(1.34638e-13 -1.65519e-40 2.33963e-45)
(9.8718e-14 -7.24912e-41 1.69126e-45)
(-1.02848e-13 2.18152e-43 -8.5858e-46)
(3.80743e-14 -2.8839e-45 8.09352e-47)
(1.09298e-14 7.59799e-53 6.48117e-47)
(1.41664e-14 3.29002e-53 -8.28192e-48)
(-2.39745e-13 1.41973e-89 1.09508e-85)
(1.39303e-13 -8.49711e-88 -2.96791e-82)
(1.88218e-14 5.06329e-75 2.23192e-81)
(5.69632e-14 2.20074e-86 1.22261e-81)
(2.23606e-14 -1.21783e-74 -1.93947e-80)
(-7.3084e-14 -1.31408e-117 1.58399e-123)
(3.17195e-13 1.69248e-125 -4.88772e-124)
(-2.04682e-13 -2.35716e-127 8.32577e-125)
(3.79484e-14 -2.44754e-128 -5.69347e-133)
(1.479e-13 3.09311e-140 5.41003e-134)
(-2.17644e-13 3.25618e-197 8.66846e-192)
(-3.28788e-14 5.85994e-196 -1.55767e-190)
(2.32493e-14 8.68067e-194 3.43685e-188)
(3.20626e-13 -1.27927e-191 -1.99553e-186)
(1.40557e-13 6.02699e-179 2.13309e-184)
(-1.77744e-13 6.96339e-221 9.72325e-227)
(-7.08996e-15 -1.16806e-244 1.88358e-239)
(-1.0807e-13 -3.96001e-252 -1.61753e-258)
(1.12666e-13 -6.45433e-254 8.50791e-260)
(-8.97908e-14 0 0)
(-1.24507e-13 0 0)
(1.21961e-13 0 0)
(1.89337e-13 0 0)
(1.4578e-13 0 0)
(7.19289e-14 0 0)
(-1.57169e-13 0 0)
(5.72226e-14 0 0)
(-5.86245e-14 0 0)
(-3.66812e-15 0 0)
(1.46783e-13 6.532e-24 2.78039e-30)
(9.45209e-14 3.72015e-29 6.7279e-30)
(9.0697e-14 2.41579e-40 -2.50508e-35)
(-3.02694e-15 6.20159e-41 2.09037e-35)
(3.16302e-14 8.62406e-42 -5.34282e-36)
(-3.29633e-15 6.59679e-42 2.24809e-36)
(4.68899e-14 -3.60096e-43 -8.62549e-37)
(2.15633e-13 -1.73545e-50 2.15805e-44)
(-8.64446e-15 -7.45402e-90 8.82063e-95)
(1.77705e-14 1.41597e-89 -3.47269e-89)
(4.48086e-14 -2.16346e-79 1.10258e-85)
(-7.02294e-14 8.18009e-93 -3.96428e-87)
(-1.21389e-13 -5.58264e-111 2.15177e-116)
(-8.97627e-14 1.49223e-117 -4.06003e-118)
(4.57543e-14 -3.14292e-125 3.7391e-119)
(-1.02925e-13 -1.2154e-126 -7.15193e-120)
(2.32081e-15 6.4877e-127 1.54251e-121)
(1.9368e-13 7.94676e-129 -1.85962e-123)
(1.2594e-13 -4.75014e-199 -3.71055e-195)
(-8.54875e-14 -2.30022e-199 1.56705e-192)
(-6.48654e-14 -8.87396e-195 -1.28888e-190)
(1.66366e-13 3.71795e-193 9.69245e-189)
(-1.03328e-13 -2.06803e-181 4.46878e-187)
(-1.07305e-13 -1.83402e-218 1.08593e-224)
(-1.45436e-13 -1.5288e-233 -2.20226e-239)
(7.24591e-14 -4.08003e-246 1.85797e-251)
(1.74957e-13 1.58099e-250 5.50754e-256)
(2.30018e-13 2.40334e-252 9.22508e-258)
(-1.25328e-14 0 0)
(-9.80785e-16 0 0)
(1.11606e-13 0 0)
(1.64906e-14 0 0)
(-2.48245e-13 0 0)
(8.4758e-16 0 0)
(1.81883e-13 0 0)
(-3.09916e-15 0 0)
(1.00372e-14 0 0)
(2.23032e-14 -4.37444e-24 1.35488e-30)
(2.07245e-14 -5.13214e-29 -8.85297e-31)
(-1.06265e-13 1.77771e-40 -1.4627e-46)
(1.99154e-13 -9.62676e-41 -9.07159e-47)
(3.1833e-14 -4.30172e-42 1.3437e-47)
(4.12331e-15 -9.34685e-43 5.06913e-49)
(-3.71486e-14 -1.23896e-44 -6.11497e-50)
(2.89585e-15 2.66987e-50 -1.74827e-50)
(-8.39428e-14 7.49542e-90 -1.14999e-95)
(1.12694e-14 2.76413e-92 -7.02383e-95)
(-7.82266e-14 1.80949e-81 1.86083e-87)
(1.88186e-14 -2.07034e-93 -1.74922e-95)
(2.25162e-13 4.17631e-105 7.57172e-111)
(-4.11101e-14 -4.51314e-117 -9.15666e-112)
(1.02402e-14 2.38526e-125 -8.6986e-132)
(-3.93015e-14 -8.71948e-127 1.77393e-132)
(-6.15407e-15 -8.20653e-128 1.74894e-133)
(2.69096e-14 -4.12566e-129 5.73894e-135)
(-1.06355e-13 2.15207e-201 -3.17382e-207)
(7.63301e-14 3.6703e-200 1.24753e-204)
(-6.04344e-14 3.20195e-196 -5.32352e-202)
(-2.42139e-13 -6.33332e-195 9.22036e-201)
(-1.51224e-13 -5.56628e-204 -6.33585e-202)
(4.44797e-14 2.72257e-216 7.10068e-222)
(8.92976e-16 1.21873e-230 -5.62999e-225)
(2.05044e-14 -1.67039e-234 3.91316e-229)
(-3.25163e-14 2.76821e-246 1.19526e-240)
(-7.09968e-14 -4.022e-250 4.38152e-245)
(-3.332e-14 0 0)
(2.98718e-14 0 0)
(-1.71521e-14 0 0)
(-5.61989e-14 0 0)
(1.07358e-13 0 0)
(2.09711e-14 0 0)
(-1.82286e-14 0 0)
(3.03029e-14 0 0)
(1.95644e-15 0 0)
(3.79958e-14 9.12352e-31 -7.38397e-30)
(-2.28544e-14 7.5186e-30 9.83587e-30)
(-1.37266e-13 -1.79609e-38 -4.12548e-35)
(-1.11632e-13 8.05568e-41 6.88411e-36)
(-4.35109e-14 3.0064e-42 -1.47876e-48)
(-9.97049e-15 8.09203e-44 3.86043e-49)
(-1.72709e-14 6.34062e-46 -3.56496e-50)
(-3.32073e-14 -8.19801e-51 1.64083e-52)
(-2.84722e-14 9.66885e-90 -7.49009e-84)
(-1.15312e-13 -5.31554e-94 2.21946e-101)
(3.31986e-14 -6.43056e-106 9.89954e-100)
(1.16343e-14 7.6052e-90 1.05177e-96)
(-2.42883e-14 -1.19163e-102 -5.91212e-109)
(9.07954e-14 4.62606e-116 3.83827e-111)
(-1.55205e-14 -7.83897e-126 -1.22843e-132)
(2.16837e-15 5.98946e-128 -1.46962e-132)
(2.3248e-13 6.17713e-129 1.6284e-134)
(1.92442e-13 -4.56074e-141 5.12285e-136)
(1.17229e-13 -9.25321e-204 -5.41727e-210)
(1.67438e-14 -3.61217e-203 3.61708e-207)
(2.6401e-14 -2.58817e-198 -1.8555e-205)
(3.36992e-14 5.69656e-197 -3.44338e-203)
(-1.44538e-13 1.36416e-202 3.44066e-208)
(2.56953e-14 -1.82588e-214 -1.49706e-209)
(2.88409e-14 -4.02257e-233 -1.11059e-239)
(-1.19089e-13 -4.49625e-246 8.25241e-250)
(-5.56141e-15 8.8499e-251 2.63673e-254)
(-1.01224e-14 2.26942e-252 -8.1811e-258)
(-6.37793e-14 0 0)
(-7.04668e-14 0 0)
(-4.01906e-15 0 0)
(4.50539e-14 0 0)
(-6.76701e-14 0 0)
(1.82546e-14 0 0)
(1.49701e-14 0 0)
(-9.0912e-16 0 0)
(-6.11775e-15 0 0)
(3.70012e-14 -3.32706e-30 -2.44284e-33)
(-3.79321e-14 -5.58949e-31 8.51295e-35)
(2.54049e-13 6.12411e-39 9.85386e-44)
(-6.38947e-14 -1.09056e-41 -3.46546e-46)
(4.58865e-14 -5.28188e-43 3.39454e-46)
(-2.25852e-14 -1.76648e-46 -2.6141e-47)
(-9.59855e-16 -4.67068e-47 1.31703e-48)
(3.06351e-14 1.03987e-51 -4.26442e-58)
(-1.32927e-13 3.48546e-90 -2.78452e-96)
(3.22266e-14 6.22251e-96 -8.29787e-99)
(-3.55702e-14 9.29021e-102 2.08678e-95)
(3.33066e-14 -5.94387e-87 -1.75072e-92)
(-1.61828e-14 4.49512e-101 -3.16925e-97)
(-1.09848e-13 -8.5838e-118 6.10574e-124)
(8.18792e-14 1.48137e-126 -5.73663e-125)
(-6.28628e-14 -1.75307e-129 3.18936e-126)
(1.37194e-13 -6.65622e-132 -1.19243e-127)
(-1.5317e-13 -1.00929e-181 4.27402e-187)
(-1.35289e-13 2.73628e-206 1.26577e-211)
(3.92562e-14 -2.03614e-214 -4.4609e-209)
(1.01392e-15 1.11867e-201 5.92304e-207)
(-1.53622e-14 -2.36416e-199 -5.35735e-205)
(7.61836e-14 -1.49826e-199 -6.0844e-205)
(-1.79237e-13 3.50393e-217 -3.50137e-223)
(-1.01693e-14 -2.39724e-244 2.06946e-251)
(-2.13007e-14 -1.30738e-250 4.35685e-254)
(-3.35381e-14 -2.16469e-253 -8.38025e-257)
(-5.1026e-14 -7.03036e-255 1.87634e-261)
(-1.32022e-13 0 0)
(7.44649e-14 0 0)
(-5.37705e-14 0 0)
(1.21187e-13 0 0)
(1.01628e-15 0 0)
(-1.13149e-13 0 0)
(2.58741e-14 0 0)
(-6.42347e-14 0 0)
(2.95291e-14 0 0)
(9.44875e-14 6.50255e-30 -3.8116e-30)
(4.33182e-14 2.02838e-32 1.3397e-30)
(1.10673e-13 3.43699e-36 -6.46186e-31)
(1.32501e-13 2.32825e-39 5.7268e-34)
(-2.60897e-13 7.69315e-40 -3.89581e-34)
(-9.64037e-14 1.93124e-40 5.6272e-35)
(-3.5961e-14 1.67936e-48 5.27715e-54)
(-9.58662e-14 -9.49661e-53 -1.06612e-56)
(-2.30384e-13 1.42627e-68 2.2171e-74)
(4.27698e-14 1.74221e-69 -4.90486e-75)
(1.5562e-13 -3.82968e-81 -1.12344e-75)
(2.01278e-15 1.10766e-84 1.1957e-78)
(-1.00752e-13 1.49154e-100 -3.17573e-106)
(2.24064e-13 6.01327e-113 4.29044e-119)
(-1.32612e-13 -3.3376e-116 -1.47965e-119)
(-1.1262e-13 -1.15149e-117 9.72335e-121)
(2.40531e-13 2.91889e-129 -1.07103e-122)
(1.75847e-13 -3.25241e-180 -3.04963e-185)
(2.52517e-14 -4.33817e-183 -1.46848e-188)
(-1.50347e-13 3.74566e-187 8.15478e-189)
(9.58471e-14 3.9974e-194 -2.97272e-190)
(-7.00656e-14 -6.67113e-197 1.0318e-191)
(1.6813e-13 1.62407e-197 -9.45242e-194)
(-6.76863e-14 -8.24022e-294 -5.31447e-288)
(-1.08874e-13 1.02775e-280 3.6314e-286)
(3.43176e-15 -9.00891e-271 -3.28799e-265)
(-1.93855e-14 5.12823e-257 -5.40261e-263)
(-5.25642e-16 2.97318e-257 7.45718e-263)
(4.79165e-14 1.00189e-297 2.53548e-303)
(6.82332e-14 2.09784e-300 -1.16496e-304)
(1.02168e-13 -4.67842e-302 1.48884e-306)
(1.2669e-13 1.02147e-314 -6.57939e-309)
(1.80682e-13 0 0)
(-1.63531e-13 0 0)
(1.89727e-13 0 0)
(8.62001e-14 0 0)
(-2.88844e-13 0 0)
(2.13008e-13 3.45556e-30 6.52151e-37)
(2.7959e-14 -1.46643e-36 -1.04633e-38)
(-2.78845e-13 -1.05347e-37 1.29845e-42)
(1.79441e-13 -3.43441e-39 -3.69638e-45)
(-3.03341e-15 -5.55759e-40 1.68897e-45)
(3.53362e-14 -1.15689e-41 -5.14563e-46)
(3.88961e-14 -7.7168e-54 8.337e-48)
(-4.74017e-14 4.83099e-54 -2.45242e-59)
(-1.054e-13 -2.21947e-65 1.72144e-60)
(-2.00285e-14 -7.18546e-68 -2.77642e-62)
(8.38958e-15 6.46523e-71 2.62508e-64)
(4.44119e-14 2.67669e-73 -1.17509e-66)
(2.24144e-14 -3.76751e-98 -1.59448e-104)
(-1.41273e-13 1.18708e-110 -1.56056e-105)
(-8.89447e-14 1.06351e-114 -2.9448e-109)
(7.51231e-14 1.74547e-115 3.54505e-111)
(5.19687e-14 -3.15381e-130 1.63675e-135)
(-2.10391e-16 -1.04406e-180 -3.74692e-185)
(-5.5204e-14 1.86522e-182 6.95876e-187)
(4.39829e-14 -7.28936e-185 -2.78339e-187)
(-1.53754e-13 -4.0332e-193 2.12863e-187)
(-6.04524e-14 -3.62538e-194 -1.60703e-188)
(-1.81398e-13 1.13818e-196 2.44111e-190)
(-2.00659e-13 3.01624e-292 4.30469e-287)
(-6.44868e-14 -4.80491e-279 -2.55371e-285)
(-1.17495e-13 2.49991e-275 1.0408e-280)
(9.89232e-14 -5.3518e-283 -9.36125e-289)
(1.2841e-13 -5.01063e-260 2.35218e-265)
(5.0532e-14 -1.84905e-290 1.22698e-285)
(2.10454e-13 -1.07183e-296 -8.44226e-290)
(-5.92812e-15 3.12116e-298 1.06297e-292)
(-4.09567e-14 -9.16484e-317 2.37152e-322)
(-2.62664e-13 0 0)
(-5.28301e-14 0 0)
(5.58979e-14 0 0)
(9.09584e-14 0 0)
(4.37511e-15 0 0)
(-5.54391e-14 -6.51399e-30 -2.91006e-30)
(2.20992e-14 6.67698e-37 4.42156e-31)
(5.64989e-14 1.92408e-37 -2.28515e-36)
(-1.94611e-13 9.85193e-40 -6.43587e-46)
(-1.23766e-13 9.31842e-41 -5.78746e-47)
(3.37813e-14 1.33807e-42 -1.41733e-47)
(1.65011e-13 -2.01543e-54 7.05541e-49)
(3.20585e-13 -6.86183e-56 2.04312e-62)
(4.95376e-14 5.05209e-67 -7.9385e-64)
(-1.29692e-13 5.69868e-70 6.48383e-72)
(2.47353e-14 3.22736e-72 -6.87594e-78)
(-1.94815e-14 -6.64716e-75 4.09914e-80)
(7.30878e-14 1.05158e-93 1.16209e-99)
(4.76766e-14 -4.67083e-109 2.04566e-103)
(8.78361e-15 2.42943e-112 -4.27318e-106)
(5.02911e-15 -5.71914e-114 -2.17678e-108)
(-1.66113e-14 -2.74877e-131 -5.53636e-137)
(1.2269e-14 1.40143e-179 -2.78157e-173)
(4.11855e-14 -8.34164e-183 5.55002e-176)
(-4.04978e-14 1.26611e-183 -1.31093e-177)
(4.20418e-14 2.63407e-193 -5.43968e-199)
(-7.29058e-14 1.53318e-195 2.76389e-200)
(1.62183e-13 5.30347e-196 -1.49785e-201)
(2.86572e-14 -9.76797e-291 -9.69386e-286)
(-1.20535e-13 9.74993e-278 -1.8545e-283)
(7.73465e-14 3.60857e-286 7.75205e-285)
(1.35141e-13 4.35396e-281 -5.14635e-287)
(2.68351e-13 -1.41656e-307 -5.27747e-302)
(1.57481e-14 1.93138e-293 1.84136e-299)
(-8.61543e-15 3.12399e-298 -5.99917e-302)
(3.41484e-14 -6.00805e-301 9.36658e-305)
(5.39649e-14 -3.52487e-318 4.94066e-324)
(1.8305e-13 0 0)
(3.04194e-14 0 0)
(-4.72311e-14 0 0)
(-2.4048e-15 0 0)
(-7.38182e-17 0 0)
(5.98342e-14 2.02862e-30 -3.83266e-31)
(9.66063e-14 5.36834e-38 5.20792e-45)
(8.80119e-14 -1.42197e-40 3.80521e-45)
(1.33778e-13 -1.04012e-40 1.32008e-46)
(4.61509e-14 -5.42781e-42 -3.77071e-48)
(-1.29516e-13 -7.14776e-44 1.55452e-48)
(3.21523e-14 2.30084e-55 -4.71201e-50)
(2.0688e-13 8.96858e-58 2.31238e-52)
(3.58686e-14 -8.58472e-69 1.87879e-74)
(-2.5246e-14 -6.05271e-72 -1.79254e-78)
(-2.62245e-14 -2.9719e-75 -1.44771e-79)
(8.72775e-15 1.96787e-77 7.39296e-82)
(-4.1777e-14 -7.15596e-91 -1.24318e-85)
(5.35744e-14 1.18486e-111 3.58899e-118)
(-7.44439e-14 -8.99597e-115 -2.05854e-118)
(1.40137e-14 1.92907e-115 6.30416e-120)
(8.16265e-15 8.28054e-130 -3.04331e-124)
(-1.32853e-13 -1.442e-179 1.05756e-184)
(-1.07025e-13 5.84916e-182 1.35e-186)
(2.21937e-15 -8.59834e-185 -1.80306e-189)
(-5.69292e-15 -5.96547e-194 -1.38984e-190)
(1.02737e-13 -2.28016e-196 2.41514e-194)
(1.30436e-13 -2.95292e-199 -3.10712e-203)
(-3.74272e-14 3.01375e-289 8.8069e-284)
(3.19921e-14 -1.48716e-276 -3.45274e-282)
(9.45675e-15 -4.12011e-285 -1.32283e-283)
(2.28573e-14 -1.68657e-279 3.12038e-285)
(-9.79412e-14 9.83689e-310 -8.03241e-306)
(-6.18407e-15 -3.95122e-296 1.43174e-302)
(-7.29365e-14 -4.92831e-301 1.31944e-304)
(-6.92077e-14 1.39743e-303 -2.81343e-307)
(5.01806e-14 3.91113e-315 1.2054e-309)
(-3.08021e-14 0 0)
(-8.18205e-15 0 0)
(5.2334e-15 0 0)
(2.27501e-15 0 0)
(-2.44692e-17 0 0)
(6.13568e-14 -5.78202e-30 -8.27214e-34)
(1.7281e-13 -2e-38 -1.1303e-32)
(-2.54578e-13 1.11998e-40 -8.06495e-47)
(-1.0433e-13 2.35229e-42 2.65212e-48)
(6.40317e-14 -7.00004e-55 1.24956e-49)
(1.29567e-15 1.59627e-50 -5.91284e-51)
(-1.06689e-13 1.24173e-57 2.12993e-52)
(-7.32848e-14 -5.51212e-59 -1.79896e-54)
(-3.79651e-14 7.96446e-71 2.33746e-77)
(6.30085e-14 3.42463e-74 -1.41087e-80)
(-3.12973e-14 -3.49715e-87 6.89632e-82)
(2.57887e-14 -3.63796e-80 -1.58329e-84)
(8.22841e-16 1.71724e-93 5.07268e-89)
(-8.66985e-14 6.62151e-113 -6.70474e-119)
(8.90531e-14 -2.22302e-125 4.99151e-120)
(-1.67824e-13 -2.54939e-127 -6.09361e-122)
(2.19288e-14 7.92952e-148 -1.70921e-142)
(3.37049e-13 5.3277e-179 7.5342e-185)
(-4.61662e-14 -6.00901e-183 1.88527e-189)
(7.08449e-14 5.72158e-187 -5.77587e-189)
(-7.62411e-15 7.3952e-195 4.42544e-190)
(-3.56352e-14 9.3456e-197 -1.92212e-191)
(-1.65087e-13 8.25008e-200 2.75426e-194)
(-4.03076e-14 -2.88986e-263 9.5105e-269)
(1.30454e-13 2.29043e-275 4.88523e-270)
(-1.37532e-13 2.30353e-276 -5.27259e-271)
(1.98415e-14 3.96718e-278 9.66198e-273)
(-1.58916e-13 -1.54218e-311 7.79634e-307)
(-2.23329e-14 3.77659e-299 8.01226e-306)
(6.8323e-14 1.64927e-303 -4.71839e-307)
(-8.59877e-14 -6.41971e-307 1.24437e-309)
(-2.66887e-14 -5.38857e-318 -4.1463e-313)
(-8.39949e-14 0 0)
(-2.11855e-14 0 0)
(4.02178e-14 0 0)
(3.42362e-22 0 0)
(-2.69388e-17 0 0)
(-2.2505e-13 2.2894e-29 9.96779e-29)
(3.91187e-13 -8.1334e-35 1.69956e-28)
(3.04587e-13 2.52182e-43 -5.36605e-49)
(8.65721e-15 -1.49485e-44 9.49216e-51)
(2.57201e-14 1.37309e-47 -3.01711e-50)
(5.27388e-14 -1.14879e-48 5.65389e-50)
(9.62131e-14 -2.61454e-56 -1.06398e-50)
(-4.43388e-15 -1.30176e-57 6.18033e-52)
(-2.42584e-13 -2.81405e-76 -2.971e-82)
(-1.94814e-13 -6.45761e-77 1.49322e-83)
(-1.39714e-14 7.45304e-89 1.66773e-83)
(-1.72778e-13 3.50278e-83 -8.70468e-85)
(-3.37343e-13 2.89364e-96 8.09292e-91)
(-1.91913e-13 3.3678e-163 1.20748e-157)
(1.05194e-13 2.79649e-162 -7.88106e-157)
(-9.05658e-14 6.33272e-162 9.26127e-157)
(-2.61899e-13 -8.34e-151 -2.24065e-156)
(1.90108e-13 5.30992e-162 -1.36647e-156)
(3.17988e-14 2.64447e-182 -7.50509e-189)
(-9.42105e-14 1.8818e-182 -4.0477e-188)
(1.77452e-13 2.26503e-182 4.26504e-188)
(-2.60459e-16 -1.58641e-196 -3.94403e-191)
(-1.23244e-13 5.16227e-226 -9.70391e-231)
(3.45819e-13 7.31583e-258 -1.77006e-252)
(2.06976e-13 -3.93657e-244 -9.88993e-250)
(4.6755e-14 -4.379e-245 -8.77233e-251)
(2.89063e-14 1.4697e-245 6.46369e-252)
(-4.36212e-15 0 0)
(-2.24816e-14 0 0)
(2.82442e-13 0 0)
(-1.43391e-14 0 0)
(3.88594e-14 0 0)
(7.2604e-14 0 0)
(2.75295e-14 0 0)
(2.69436e-13 0 0)
(-8.2923e-14 0 0)
(-2.47351e-17 0 0)
(1.7806e-13 5.26783e-31 -2.96751e-36)
(-6.13312e-14 1.97769e-34 4.99349e-38)
(-5.4271e-14 -7.76499e-44 -3.98519e-48)
(-8.26602e-14 2.55118e-43 3.64477e-49)
(1.08448e-13 -4.83976e-46 2.53626e-50)
(1.0431e-13 6.2506e-47 -4.28739e-50)
(3.2829e-15 -2.56194e-58 1.57272e-53)
(-4.37147e-13 4.6965e-60 -2.09225e-65)
(6.07036e-14 6.40655e-75 4.55219e-69)
(-2.30535e-14 2.26177e-75 -6.08664e-70)
(-1.50905e-14 6.84766e-78 1.57903e-72)
(2.11693e-14 -1.74497e-94 -7.48479e-99)
(1.29998e-13 7.10227e-107 1.36649e-101)
(2.02521e-13 -4.83294e-164 -7.13905e-170)
(3.15096e-14 -2.02237e-163 -4.66711e-170)
(-6.714e-14 -1.57188e-162 6.58096e-168)
(1.07699e-15 3.06305e-153 -9.11281e-159)
(-3.77916e-13 -1.88989e-164 3.61332e-162)
(8.70536e-14 -8.23294e-182 -3.2087e-176)
(6.4403e-15 4.54493e-183 6.12653e-176)
(1.14831e-13 1.71197e-182 -3.45143e-176)
(5.31969e-14 -2.89491e-184 7.93905e-178)
(-9.96948e-14 -2.00038e-225 -3.7695e-231)
(5.8992e-16 -9.35705e-259 6.78761e-253)
(5.83624e-14 3.95088e-243 -1.05742e-249)
(5.40298e-14 2.42393e-243 1.89759e-249)
(-2.66723e-13 -3.29228e-244 -5.83758e-250)
(-1.20188e-13 0 0)
(-8.26323e-15 0 0)
(5.12293e-14 0 0)
(3.9794e-14 0 0)
(-2.6465e-13 0 0)
(-1.15987e-13 0 0)
(3.27351e-14 0 0)
(1.07089e-16 0 0)
(1.63236e-14 0 0)
(1.30591e-16 0 0)
(1.53639e-13 -7.3907e-30 -8.8442e-31)
(-6.38011e-14 1.37645e-37 -2.50632e-32)
(-8.61037e-14 9.94017e-41 3.0835e-35)
(-1.8298e-14 -8.15456e-42 -2.9175e-37)
(5.55072e-14 -2.67971e-45 1.82932e-38)
(2.54861e-14 6.0937e-47 -9.76747e-40)
(9.09043e-14 -3.56937e-47 2.54701e-41)
(3.16207e-15 -1.60263e-78 -7.02198e-73)
(-6.63892e-15 -2.04035e-76 2.17526e-75)
(1.13002e-14 -4.47377e-76 1.78348e-82)
(-1.01013e-14 2.28868e-90 7.56316e-85)
(6.34816e-14 1.97915e-93 -1.72656e-86)
(1.5902e-14 -1.70427e-93 7.27851e-89)
(-1.19382e-13 5.45688e-165 8.00948e-171)
(8.66114e-14 9.81932e-165 -1.43641e-169)
(-3.62804e-14 8.49934e-163 8.15551e-169)
(1.07852e-13 -1.36746e-175 7.48031e-170)
(-7.97456e-14 -4.85973e-194 -1.50601e-189)
(-6.70634e-14 6.61613e-183 2.68313e-189)
(-8.36963e-15 3.28742e-183 -1.47952e-189)
(-1.34952e-14 -7.15864e-183 1.36644e-188)
(-5.61465e-14 3.88214e-184 -9.4928e-190)
(5.92526e-14 3.45496e-226 -3.18777e-232)
(-1.7131e-14 -1.51556e-238 -1.42359e-233)
(1.46361e-14 -5.52765e-242 9.64485e-235)
(-4.90676e-14 -3.75172e-242 -1.17269e-235)
(1.60949e-13 -1.1319e-242 9.73215e-237)
(4.45569e-14 -3.21262e-250 -1.39696e-244)
(-1.20954e-14 0 0)
(9.54653e-15 0 0)
(-5.02517e-14 0 0)
(1.42701e-13 0 0)
(4.51062e-14 0 0)
(-1.48168e-14 0 0)
(1.86412e-15 0 0)
(-1.25755e-15 0 0)
(4.62697e-17 0 0)
)


// ************************************************************************* //
