/*--------------------------------*- C++ -*----------------------------------*\
| =========                 |                                                 |
| \\      /  F ield         | OpenFOAM: The Open Source CFD Toolbox           |
|  \\    /   O peration     | Version:  2.2.x                                 |
|   \\  /    A nd           | Web:      www.OpenFOAM.org                      |
|    \\/     M anipulation  |                                                 |
\*---------------------------------------------------------------------------*/
FoamFile
{
    version     2.0;
    format      ascii;
    class       vectorField;
    location    "0.01";
    object      f;
}
// * * * * * * * * * * * * * * * * * * * * * * * * * * * * * * * * * * * * * //


2405
(
(1.28974e-24 1.55093e-08 1.14659e-08)
(1.56652e-24 -1.22222e-08 -5.63554e-08)
(-5.94214e-25 8.17706e-08 -4.4003e-07)
(-2.61865e-23 -1.33342e-08 -1.2933e-07)
(5.73272e-25 -1.68379e-08 4.09896e-08)
(3.79752e-24 4.70336e-08 -1.37017e-07)
(3.05819e-24 2.01706e-08 -1.10108e-07)
(4.08029e-24 -1.3081e-07 -8.5136e-07)
(-3.8516e-26 2.47796e-08 -8.73964e-08)
(4.76771e-26 1.22719e-08 8.52081e-09)
(3.45543e-24 -9.65391e-09 -1.76348e-07)
(6.50705e-26 1.67773e-08 6.7646e-09)
(1.81274e-23 -4.37272e-08 -8.90409e-07)
(-3.4894e-24 8.20677e-09 -8.21598e-08)
(-5.22199e-25 1.29229e-09 -8.93778e-08)
(1.07196e-26 -3.86753e-09 3.96306e-09)
(-3.24513e-25 3.12153e-08 -1.73774e-07)
(1.69796e-23 -6.65763e-08 1.18636e-06)
(-8.9241e-24 4.5609e-08 -1.65905e-07)
(-3.21606e-28 -4.53964e-08 -1.66771e-07)
(4.93692e-26 -1.43876e-08 1.49149e-08)
(1.09295e-23 -3.41292e-08 -9.82627e-08)
(2.43013e-23 1.34501e-07 -8.51261e-07)
(3.22418e-24 -5.25904e-08 -9.96204e-08)
(-1.79715e-24 3.26987e-08 -7.77185e-08)
(3.72442e-25 -2.67012e-08 6.30325e-09)
(4.72141e-26 2.94212e-08 -2.74175e-08)
(3.93762e-24 1.40484e-08 -1.12722e-06)
(-1.7702e-24 3.24664e-08 -1.26856e-07)
(1.19129e-25 5.36313e-09 1.26533e-08)
(-1.1962e-24 3.73973e-08 -1.60874e-07)
(-9.70379e-24 -1.02732e-08 -1.68894e-07)
(-4.90179e-25 -1.55794e-08 -9.16347e-10)
(1.28945e-25 3.40144e-08 -1.55519e-07)
(5.73458e-28 -2.11838e-09 3.11426e-10)
(-2.34061e-24 1.03819e-08 -8.15258e-08)
(1.1943e-37 6.47314e-11 5.83358e-11)
(-9.20192e-26 7.91632e-08 5.89744e-08)
(-1.03945e-24 3.86354e-08 1.22314e-07)
(-1.44443e-23 -8.23085e-08 1.10951e-06)
(1.11936e-23 -4.70612e-08 1.61416e-07)
(1.44052e-30 1.09602e-08 3.19594e-08)
(-3.93427e-24 1.20861e-08 1.48425e-07)
(-3.12829e-24 -7.73074e-09 1.1113e-07)
(-3.97615e-24 6.22844e-08 8.30974e-07)
(-1.1741e-25 5.94559e-09 9.64422e-08)
(-1.03255e-29 -2.17224e-08 2.93451e-08)
(-4.19579e-24 -2.60906e-08 1.16636e-07)
(-2.18598e-29 -5.77069e-08 -5.57538e-09)
(2.4469e-23 2.03688e-07 4.35437e-07)
(2.30562e-24 -2.90016e-08 1.76506e-07)
(-6.24799e-26 -3.65581e-08 5.55562e-08)
(-5.35785e-31 -5.68639e-09 5.34864e-08)
(3.41039e-25 5.16571e-08 1.50978e-07)
(-6.97016e-24 -3.32286e-08 2.9594e-07)
(8.73632e-24 -3.68697e-09 1.52808e-07)
(-1.41e-30 -2.55517e-08 1.66389e-07)
(-3.8081e-30 2.77363e-09 5.14586e-08)
(-1.08384e-23 5.4938e-08 8.88563e-08)
(-2.43625e-23 -5.76118e-08 8.31358e-07)
(-1.37161e-24 5.83239e-09 9.38616e-08)
(-3.35018e-25 -1.51736e-08 7.14817e-08)
(-7.743e-31 -2.23783e-08 -7.8309e-08)
(1.02902e-26 5.63373e-08 -2.389e-08)
(-3.73205e-24 -8.9356e-08 1.20492e-06)
(1.55047e-24 -2.70255e-08 8.57483e-08)
(1.477e-31 1.31018e-09 2.33213e-08)
(9.69381e-25 2.22638e-08 1.75814e-07)
(9.74221e-24 -1.3206e-09 1.47488e-07)
(-1.17971e-26 3.51297e-08 -9.55025e-08)
(-2.13783e-31 -4.15923e-09 1.41799e-07)
(1.33218e-31 -2.55443e-08 9.53919e-09)
(2.34003e-24 1.55234e-08 7.24261e-08)
(-5.47162e-32 2.87695e-09 -1.54754e-09)
(-1.78657e-23 4.89727e-07 -1.52907e-07)
(-2.44006e-24 1.12974e-07 -4.98837e-08)
(3.91296e-36 -6.17946e-07 -9.66085e-08)
(1.92345e-30 4.31841e-07 -1.50923e-07)
(1.18112e-34 1.87809e-07 -2.84558e-07)
(1.2154e-31 -1.64298e-07 -1.16032e-07)
(-6.21639e-36 2.56845e-07 -2.06761e-07)
(-7.36868e-32 -9.93762e-08 -2.26578e-07)
(-2.82233e-29 5.19381e-08 -2.32065e-07)
(-5.27305e-30 5.11798e-08 -1.90491e-07)
(2.56915e-29 -2.97325e-07 -8.65955e-08)
(-2.16831e-29 3.55986e-07 6.11091e-08)
(-1.22851e-23 8.25296e-08 6.47708e-07)
(-4.79087e-29 -4.06217e-07 -1.62237e-07)
(1.58566e-33 1.07646e-07 -2.3639e-07)
(-1.10548e-33 4.04779e-07 -8.797e-08)
(-6.74327e-31 8.18727e-09 -1.97104e-07)
(0 0 0)
(2.14404e-30 -2.00026e-07 -1.98772e-07)
(-4.48934e-35 1.20183e-07 -2.17718e-07)
(1.91265e-34 -3.64735e-07 -1.54145e-07)
(-1.73728e-34 1.86871e-07 -1.13771e-07)
(2.02018e-35 1.4567e-07 -5.38712e-07)
(-2.43022e-34 -1.04494e-07 -2.66471e-07)
(-2.11347e-29 8.7672e-08 -2.39827e-07)
(-3.8974e-34 -3.35678e-07 -7.66399e-08)
(-1.69798e-28 -4.35951e-08 -2.17672e-07)
(-5.00849e-34 2.93269e-07 -3.58126e-08)
(-1.75643e-30 -2.74044e-07 -1.53291e-07)
(6.95808e-31 3.22458e-07 -1.95905e-07)
(5.55633e-30 -1.28864e-07 -6.27318e-08)
(-6.9488e-30 1.4037e-07 -1.98531e-07)
(1.11611e-27 -2.774e-08 1.16336e-07)
(6.47539e-41 -2.03378e-08 -2.67285e-07)
(6.00337e-34 -2.92399e-07 -2.71368e-07)
(-5.61669e-29 -4.65109e-08 -3.04417e-08)
(-9.9712e-35 2.74572e-07 -6.36154e-08)
(-1.46074e-24 -6.3825e-09 -2.14352e-08)
(-3.53492e-29 1.00056e-08 1.33825e-08)
(-1.3639e-31 -2.49911e-08 -3.23101e-07)
(-2.75009e-30 -9.07085e-08 2.24451e-07)
(-5.98751e-36 -3.99262e-08 3.68373e-08)
(4.10634e-31 7.26271e-08 -2.14988e-07)
(3.25894e-40 4.05773e-08 3.73252e-08)
(-1.14555e-34 -1.59274e-07 6.35187e-09)
(1.63349e-29 -6.63463e-08 2.33232e-08)
(4.53676e-35 -4.69067e-08 4.20702e-08)
(-2.22541e-35 1.06189e-08 -1.73335e-07)
(1.37518e-36 -1.15114e-08 -4.57944e-08)
(-2.43397e-38 8.02148e-08 -9.75447e-07)
(-1.06574e-28 -1.03239e-07 -1.44798e-08)
(-6.08743e-35 -8.08071e-08 9.96948e-08)
(3.19983e-36 4.58947e-08 -6.63114e-08)
(-6.00636e-30 -3.07578e-09 -4.8582e-08)
(-1.77427e-35 -4.29921e-08 -1.17383e-06)
(8.69072e-30 -2.56066e-08 -1.22194e-08)
(-9.20624e-39 -1.75809e-07 -2.55718e-07)
(1.31302e-38 3.69715e-08 -1.11878e-07)
(-3.5348e-39 6.45831e-08 -1.44134e-07)
(-2.16544e-37 2.35915e-07 2.13608e-07)
(1.01345e-39 -8.31004e-09 2.7612e-08)
(4.62863e-29 -2.59891e-08 8.16622e-08)
(2.30988e-35 -1.03308e-07 5.91273e-08)
(1.25417e-29 1.52172e-07 2.28342e-07)
(-3.8667e-37 5.92065e-08 -1.56317e-07)
(1.89401e-29 -4.30255e-08 1.2344e-07)
(-4.22297e-35 -5.19658e-08 4.26037e-08)
(5.4306e-30 2.39084e-08 -2.31147e-07)
(1.11864e-29 7.67783e-09 -4.4749e-08)
(-2.96367e-39 9.22021e-09 -3.7199e-07)
(2.74803e-39 2.5579e-08 6.71558e-09)
(-4.55394e-35 -2.70614e-08 5.10807e-08)
(1.18436e-28 1.06329e-07 9.74855e-08)
(8.78973e-36 1.45243e-08 -4.48871e-09)
(5.61691e-24 -2.66022e-08 -3.59656e-07)
(1.28723e-29 -5.33091e-08 6.02595e-09)
(-1.65555e-29 1.56855e-07 2.35091e-07)
(8.64842e-31 -3.6939e-08 1.25759e-07)
(6.49223e-36 -5.9692e-08 1.39345e-07)
(4.14334e-30 -7.72215e-09 1.45011e-07)
(3.77139e-36 2.91083e-08 2.33254e-07)
(-7.168e-37 3.84739e-08 2.25931e-07)
(-1.66288e-29 -2.81479e-09 8.99713e-08)
(-7.38052e-37 4.46012e-08 1.30045e-07)
(6.92322e-36 6.74036e-09 2.56414e-08)
(-7.49247e-37 -1.4975e-08 4.74422e-08)
(2.37654e-38 1.08688e-08 9.77758e-07)
(2.96546e-28 -2.3833e-08 2.02887e-07)
(-2.84042e-34 2.01655e-08 -9.61831e-08)
(2.07001e-35 -5.19833e-09 8.17262e-08)
(2.01302e-29 4.95786e-08 1.49148e-07)
(5.59119e-35 -3.56225e-08 1.21876e-06)
(1.18699e-29 1.73334e-08 1.32733e-07)
(9.31811e-36 8.16682e-08 2.34999e-07)
(-2.57485e-41 -3.78969e-08 2.81154e-07)
(1.22718e-42 1.07128e-08 4.57239e-08)
(1.36356e-37 -2.94565e-08 4.46445e-07)
(-7.82315e-37 -3.56267e-09 2.1279e-07)
(-1.13593e-28 1.76372e-08 -7.70153e-08)
(-1.3315e-37 -3.1104e-08 3.06955e-08)
(-3.82415e-31 -2.34139e-08 1.04416e-07)
(9.0702e-39 7.50263e-08 1.44864e-07)
(-7.54059e-31 1.7552e-09 -7.57489e-08)
(7.61638e-35 -1.64721e-08 9.58527e-08)
(1.16978e-28 -3.9736e-08 1.04083e-07)
(-7.67045e-30 3.21286e-08 2.08994e-07)
(-6.27509e-36 -4.80351e-09 -2.39372e-07)
(1.89598e-40 -1.73803e-08 2.15605e-07)
(-5.80556e-40 4.90677e-09 8.71698e-08)
(-3.50433e-28 -1.10759e-08 -1.30015e-07)
(-9.94097e-37 3.65374e-09 5.09641e-10)
(-8.62006e-24 -2.09351e-08 2.47721e-08)
(-1.91124e-30 4.32459e-09 -4.13255e-08)
(1.79277e-29 -5.17547e-08 5.61998e-08)
(-3.83163e-32 -8.20242e-10 2.73413e-09)
(-2.52802e-36 -1.29837e-08 4.521e-08)
(-4.72429e-30 -4.03833e-08 4.68689e-08)
(-2.7979e-36 1.85724e-08 -3.36811e-08)
(-5.39761e-38 7.49166e-08 -1.21248e-06)
(5.93427e-29 -4.12329e-08 7.51822e-08)
(-9.25451e-37 -2.47902e-08 5.15314e-08)
(1.61945e-36 -5.83329e-08 1.11032e-07)
(-7.65742e-37 4.95836e-08 -2.92183e-09)
(1.73656e-38 3.45525e-08 -9.10371e-07)
(-1.42064e-28 -1.16391e-07 8.00605e-08)
(1.5954e-35 5.95312e-08 1.14187e-07)
(3.50445e-36 1.55986e-08 4.84109e-08)
(-1.3618e-29 2.1534e-08 6.82789e-08)
(1.87885e-36 1.26074e-08 -8.0379e-07)
(-2.38348e-29 -9.03775e-08 3.93303e-08)
(3.92239e-36 6.15294e-08 1.54108e-07)
(-1.47524e-37 -1.41087e-08 6.82823e-08)
(6.02116e-39 -4.9558e-08 7.74576e-08)
(-1.42552e-40 9.72186e-08 -2.91652e-08)
(1.53433e-35 -5.4031e-08 2.30272e-08)
(6.52049e-29 1.47946e-09 1.65983e-07)
(3.74689e-35 -2.59463e-08 4.40148e-08)
(4.64625e-33 6.00877e-08 -5.9429e-09)
(2.74466e-34 -7.12423e-08 -1.20999e-06)
(-3.11345e-29 2.4997e-08 1.35652e-07)
(-1.03476e-34 -2.76672e-09 4.22693e-08)
(-1.44377e-28 -7.037e-09 1.04943e-07)
(3.43308e-30 3.21868e-08 8.00161e-08)
(1.62594e-40 3.01225e-08 3.79951e-07)
(-4.1193e-41 1.15021e-08 4.42412e-08)
(-3.31375e-36 2.76268e-09 2.61388e-08)
(1.59563e-28 -6.0146e-09 1.63291e-07)
(5.94792e-36 6.41186e-09 -1.06374e-09)
(4.22233e-24 5.10083e-08 3.42384e-07)
(1.64984e-32 -5.14318e-09 7.33602e-08)
(-3.21803e-30 6.79887e-08 -8.1547e-07)
(0 0 0)
(1.62076e-38 -3.82442e-08 7.01088e-09)
(4.87796e-32 -5.48979e-09 1.66412e-08)
(2.26719e-38 -1.03987e-08 3.03422e-08)
(2.44078e-37 -5.29841e-09 1.24731e-06)
(-2.90424e-29 9.07206e-09 2.77489e-08)
(2.05759e-38 -5.25189e-08 1.04632e-08)
(-3.86241e-38 -5.30448e-08 -1.66057e-08)
(1.67321e-38 8.52274e-08 1.66759e-09)
(-5.39688e-40 -2.50019e-08 -2.88059e-07)
(-1.88145e-38 -3.53178e-08 3.08972e-09)
(1.89208e-38 4.14175e-08 5.87802e-08)
(-4.78527e-37 -4.41018e-08 7.98253e-09)
(1.68523e-31 4.38472e-08 -4.98886e-09)
(-3.82508e-37 -1.15868e-07 8.66023e-07)
(1.13009e-30 1.16214e-07 -3.70997e-08)
(-1.02536e-41 -4.86721e-08 1.79025e-08)
(1.37902e-41 -7.85661e-09 -2.19945e-08)
(-4.30354e-42 -6.25336e-09 2.3835e-08)
(4.59065e-43 7.65793e-08 -1.68768e-07)
(2.89597e-37 -1.83425e-08 4.40651e-08)
(2.32368e-29 -1.13241e-08 2.6315e-08)
(1.20113e-36 -7.25828e-09 6.67264e-09)
(-2.90864e-35 4.04422e-08 2.82506e-09)
(-1.49527e-35 -5.21891e-08 1.15027e-06)
(1.4705e-29 -4.83348e-08 7.54719e-08)
(4.33548e-36 9.36804e-08 9.47691e-09)
(1.64125e-29 9.52845e-09 -5.10513e-10)
(1.78177e-35 2.51534e-08 7.54592e-09)
(-1.13407e-40 -1.02801e-07 -2.1404e-08)
(3.36275e-47 4.77119e-08 8.20817e-09)
(1.49465e-35 -1.57514e-08 5.15948e-09)
(1.28601e-28 2.38191e-08 5.77635e-08)
(-3.82627e-42 -2.18702e-09 3.02742e-09)
(-6.50694e-24 7.63898e-08 -5.08352e-08)
(3.285e-24 3.28585e-08 3.16942e-08)
(-1.04974e-26 7.65053e-09 6.11232e-07)
(-1.24027e-49 -2.55584e-07 -2.60771e-08)
(2.89127e-43 4.7412e-08 -2.96839e-08)
(-4.75466e-47 8.06623e-08 -3.32766e-08)
(1.64458e-45 -3.65739e-08 -5.91656e-08)
(-2.97935e-38 1.80737e-07 7.76728e-08)
(1.17702e-58 1.314e-08 -9.66436e-08)
(-1.40553e-56 1.61159e-09 -7.3941e-08)
(3.25874e-44 -4.66444e-07 3.54849e-08)
(-9.51061e-49 1.7413e-07 6.34552e-08)
(-2.59193e-43 3.23977e-07 1.11441e-06)
(-1.84035e-67 -4.7772e-07 -2.24831e-08)
(1.38369e-67 2.39526e-07 -3.31976e-08)
(4.56661e-68 2.49682e-07 6.57037e-09)
(3.26262e-63 -6.71523e-10 -1.88525e-07)
(1.15554e-44 -6.56265e-09 -2.3226e-08)
(-4.66776e-60 -5.10011e-12 -1.12053e-07)
(-4.94224e-58 7.87573e-08 -2.39022e-07)
(1.22e-55 -3.18296e-07 -1.10503e-07)
(-1.53941e-54 -5.14689e-08 5.41047e-08)
(-9.43132e-49 1.28841e-07 -2.84191e-07)
(-6.10867e-55 -1.98192e-07 -2.56585e-08)
(2.68732e-56 1.29812e-07 -1.9605e-07)
(-8.18473e-59 2.57598e-07 -1.85326e-10)
(-3.76748e-67 2.64989e-08 -1.44082e-07)
(-4.09167e-48 -2.45017e-07 -4.77863e-07)
(-2.47909e-53 7.37438e-08 -1.12265e-07)
(2.35883e-51 1.8056e-07 -1.27509e-08)
(-2.40631e-49 -9.40076e-08 -1.37733e-08)
(-7.03148e-49 1.84991e-07 5.10134e-08)
(3.36816e-41 3.63168e-08 2.57301e-07)
(6.33014e-58 -4.54844e-09 -2.49384e-08)
(-5.06319e-62 -3.03001e-07 1.38661e-08)
(8.09764e-63 2.39479e-07 8.026e-09)
(-1.58054e-63 5.98861e-08 -3.40116e-08)
(8.30496e-25 4.97626e-08 -3.60913e-08)
(-5.20806e-26 -3.85347e-09 -2.04416e-08)
(-5.13753e-31 2.06456e-08 2.38745e-07)
(1.97515e-39 -5.50055e-09 -1.87842e-07)
(-4.83068e-41 -1.24765e-07 -2.76246e-07)
(-7.15818e-47 3.84316e-09 -1.15272e-07)
(-4.54269e-48 1.23662e-07 -9.26466e-08)
(9.38323e-52 1.29107e-08 -1.6998e-06)
(-1.31526e-58 -3.89238e-08 6.63226e-09)
(1.96719e-56 -1.07026e-07 -2.84966e-07)
(-9.21622e-63 -6.84242e-08 -9.35477e-08)
(8.53043e-55 4.56918e-08 -1.21653e-07)
(-4.40929e-62 5.71796e-08 -1.71536e-08)
(-5.44598e-68 -7.05158e-08 -3.34217e-07)
(1.15703e-67 -6.13041e-08 -1.58811e-07)
(-7.01305e-68 1.01208e-07 -2.23595e-07)
(-1.84939e-62 9.08644e-08 -2.44955e-07)
(-1.22024e-44 -5.56377e-08 -1.27512e-06)
(6.50982e-52 6.59484e-08 -1.55261e-07)
(-1.37304e-54 -7.32488e-08 -2.24767e-07)
(-1.8802e-59 -8.8314e-09 -1.535e-07)
(1.0814e-57 2.99223e-08 -6.47738e-08)
(3.24854e-49 4.43388e-08 -3.78801e-07)
(3.38373e-56 -9.81135e-08 -7.92585e-08)
(-9.97927e-58 -5.13683e-08 -2.38535e-07)
(1.64783e-59 1.2845e-07 -1.10211e-07)
(1.91071e-65 -1.86176e-08 1.40963e-08)
(1.51998e-47 -2.05363e-07 9.02942e-09)
(-5.74117e-54 -4.40596e-08 -2.11111e-07)
(1.17486e-54 -3.5198e-08 -2.23201e-07)
(-1.55154e-54 6.08226e-08 -4.49149e-08)
(1.98241e-56 8.56346e-09 -2.34616e-07)
(1.05317e-51 -2.791e-09 8.37288e-10)
(-1.05317e-51 1.17907e-08 -1.32259e-07)
(1.42937e-54 -5.24589e-08 -1.54209e-07)
(-1.49096e-54 3.13251e-08 -2.03e-07)
(6.15914e-56 7.32854e-09 -9.90224e-09)
(5.47961e-25 -4.6781e-09 -9.76548e-08)
(-1.0849e-26 -3.4317e-08 -2.36258e-08)
(3.29586e-28 5.91913e-08 1.77573e-08)
(-2.91691e-38 2.47843e-09 4.9869e-08)
(9.30342e-40 -2.6998e-08 -5.12728e-08)
(7.38598e-45 -9.28662e-08 9.26681e-08)
(3.88158e-46 -2.61351e-08 3.96287e-08)
(-3.54974e-50 1.11103e-07 1.73124e-06)
(1.43949e-59 1.34797e-08 5.0071e-08)
(-5.99513e-57 4.59887e-08 -1.0847e-07)
(5.09411e-63 -5.08331e-08 -8.6326e-09)
(-7.64675e-56 2.40682e-08 -7.39386e-08)
(2.0145e-62 9.158e-08 -2.57892e-08)
(1.68642e-69 -1.58538e-07 -7.52009e-08)
(-8.26211e-69 -1.14163e-07 -1.29308e-07)
(1.77375e-68 1.38139e-07 7.51849e-08)
(7.32289e-62 3.46109e-08 1.86432e-07)
(6.47073e-46 -7.99156e-08 1.30519e-06)
(-2.77301e-53 6.52042e-08 -6.24919e-08)
(8.61216e-56 2.88516e-08 3.35428e-07)
(-2.60052e-59 -2.20354e-08 1.63249e-07)
(-1.49182e-59 6.93421e-10 1.23559e-08)
(-3.55441e-50 -3.19892e-08 -4.09624e-07)
(-2.0569e-58 3.82562e-09 -2.19763e-08)
(5.36766e-60 -3.19228e-08 1.81634e-08)
(-1.23144e-66 -1.04324e-08 -1.81847e-07)
(-2.68823e-65 2.87703e-08 1.10098e-07)
(-9.71249e-48 2.04955e-08 4.83215e-07)
(1.03843e-54 -2.46068e-08 -1.9213e-07)
(-1.25206e-54 7.94598e-08 -3.39332e-07)
(2.28151e-55 5.82342e-08 4.17981e-08)
(2.30387e-58 -1.53057e-08 -4.08444e-08)
(-8.96736e-62 -8.42199e-08 1.49978e-09)
(7.48683e-57 2.92426e-08 1.28955e-07)
(-2.8685e-60 5.83573e-08 -1.66176e-07)
(-3.02322e-61 1.23284e-08 -3.3945e-07)
(1.25987e-62 5.55501e-09 1.62426e-08)
(-7.20472e-25 1.21656e-07 -1.87558e-08)
(-1.46481e-25 4.70409e-08 -2.81401e-08)
(-1.61591e-33 -3.52652e-08 -1.05791e-08)
(1.70439e-33 -2.37346e-08 1.14337e-07)
(-9.05059e-35 -3.54443e-08 3.12291e-07)
(2.33561e-36 9.84078e-08 4.89354e-08)
(-1.87952e-38 1.43737e-08 3.47426e-08)
(-9.9756e-63 -3.51825e-08 -2.01632e-06)
(-5.92037e-61 1.93032e-08 -1.36119e-08)
(3.86196e-58 -6.15082e-08 4.4505e-07)
(7.36389e-66 9.80851e-09 -2.09544e-09)
(5.57151e-57 -3.31604e-08 2.55296e-07)
(-3.49256e-64 1.73654e-07 -1.64901e-06)
(6.62751e-70 -4.45339e-08 2.92897e-07)
(-1.71625e-69 -6.58519e-08 2.35533e-07)
(-1.96675e-69 1.0218e-07 2.30408e-07)
(-1.04882e-61 5.15062e-08 1.31973e-07)
(-1.71868e-50 -1.28407e-07 -1.96055e-06)
(-1.72659e-57 3.55343e-08 1.93831e-07)
(-2.64039e-62 -1.48308e-08 1.22393e-07)
(9.46767e-61 1.02001e-08 3.63768e-08)
(-4.71839e-59 -3.6217e-09 2.81086e-08)
(3.55624e-51 4.28154e-09 7.50986e-07)
(-1.26972e-58 -3.19899e-08 2.12552e-07)
(2.24577e-60 1.69056e-08 2.68632e-07)
(-2.0261e-62 5.95546e-08 2.29639e-07)
(2.34637e-65 -5.8321e-09 1.5947e-09)
(-6.42058e-48 -1.02919e-07 -1.6258e-06)
(-6.81449e-55 -1.91278e-08 1.48193e-07)
(6.14305e-57 1.51004e-08 3.74976e-07)
(-1.57838e-59 -2.32268e-08 -8.17821e-09)
(7.44905e-62 6.89099e-08 9.02199e-08)
(9.43696e-64 -1.10288e-07 -1.26034e-06)
(-4.43547e-57 2.86456e-08 1.70879e-08)
(1.1752e-59 4.5494e-09 2.27345e-07)
(3.55085e-62 -1.39239e-08 4.34345e-07)
(-1.35347e-64 1.55827e-09 -1.3367e-08)
(-1.80845e-25 1.32779e-07 3.90878e-08)
(1.06556e-28 1.7095e-09 3.38303e-08)
(2.59266e-31 1.75423e-08 -4.80802e-07)
(-2.17991e-31 4.57578e-08 6.40077e-08)
(1.40035e-32 1.87612e-08 6.15099e-08)
(3.51178e-63 -7.61894e-10 -2.28568e-10)
(2.75352e-55 2.40427e-09 -9.70629e-09)
(9.97563e-63 -2.3175e-08 1.99882e-06)
(2.24819e-62 -4.78216e-08 6.06027e-08)
(-7.6631e-60 -8.5131e-08 5.08515e-08)
(5.09403e-65 1.50467e-07 2.90268e-08)
(-3.47499e-59 2.51732e-08 5.40521e-09)
(6.73354e-69 -1.17168e-07 1.69586e-06)
(-2.65726e-71 -4.03264e-08 1.28883e-07)
(1.93479e-70 -4.79063e-08 3.13158e-08)
(-1.03829e-69 8.48224e-08 -5.67203e-09)
(4.68839e-62 -1.10086e-08 9.67664e-08)
(1.71868e-50 3.51454e-08 1.94897e-06)
(-1.16755e-57 2.63382e-08 1.38016e-07)
(2.54836e-59 -4.70334e-08 7.90641e-09)
(-2.95048e-60 4.7572e-08 -1.58924e-10)
(7.03378e-60 2.26597e-08 6.21465e-08)
(-3.60391e-52 1.98871e-08 3.71124e-07)
(2.2204e-63 1.09407e-08 2.78671e-08)
(1.12973e-67 -4.83184e-08 8.42455e-08)
(6.57785e-70 -8.0931e-09 3.32994e-08)
(-1.3145e-66 2.66697e-08 3.20906e-08)
(5.02497e-48 2.00398e-08 1.70573e-06)
(-3.28462e-59 -3.19954e-08 2.25791e-07)
(-1.32833e-60 -1.5796e-08 2.15649e-07)
(-3.17797e-63 4.12594e-08 2.31776e-08)
(-1.75232e-64 2.1053e-08 1.76185e-07)
(-1.9447e-68 1.38437e-07 -1.5626e-07)
(4.03212e-58 2.09193e-08 -3.85929e-08)
(-5.81858e-60 -2.5247e-09 4.93715e-08)
(-1.59005e-63 -6.46869e-09 1.39051e-07)
(1.69417e-66 5.73847e-09 -7.40006e-07)
(9.0481e-27 3.23346e-08 1.43883e-07)
(-3.83204e-27 -7.38863e-08 -1.04834e-07)
(3.83201e-27 4.104e-08 1.63926e-07)
(-1.23482e-38 -3.9531e-08 -5.29093e-08)
(-3.11118e-39 -1.71108e-07 -3.41514e-07)
(-6.85841e-42 2.05978e-07 -4.47844e-08)
(-2.75352e-55 -1.64237e-09 9.93486e-09)
(3.87615e-54 6.01814e-08 -1.017e-06)
(-2.15288e-64 -6.36986e-08 9.75266e-09)
(4.41836e-72 -4.25043e-07 -3.38213e-07)
(-2.96473e-74 5.33433e-07 -1.51154e-07)
(4.45107e-77 6.09171e-08 -2.23551e-07)
(-1.42727e-72 -3.38481e-08 -1.07453e-07)
(-3.02892e-86 -7.33331e-07 -1.84537e-07)
(6.99366e-86 -8.5838e-08 -3.7642e-07)
(-3.24954e-81 8.21723e-07 -2.18872e-07)
(1.27097e-93 -5.01958e-09 -3.62675e-08)
(0 0 0)
(1.21314e-62 -1.63947e-07 -2.11778e-07)
(-1.16036e-61 -1.89525e-07 -2.78828e-07)
(1.61781e-60 3.95474e-07 4.08237e-08)
(-3.57991e-60 4.94142e-08 -2.47857e-09)
(3.86262e-53 -4.01136e-09 3.86268e-08)
(-1.21799e-71 -1.43896e-08 -1.50645e-07)
(1.91985e-70 -1.5456e-07 -1.64423e-07)
(-9.93816e-70 5.82442e-08 -2.02171e-07)
(3.08439e-68 -1.61944e-08 -5.12317e-08)
(-7.9142e-70 1.90249e-07 2.00456e-08)
(8.28148e-64 -6.35946e-08 -1.86905e-07)
(9.07345e-67 4.82793e-08 -3.1411e-07)
(-9.01098e-74 -2.65121e-08 -4.09329e-09)
(1.12397e-69 4.00732e-08 -8.18965e-08)
(-3.72187e-66 -1.34762e-07 1.24763e-06)
(-2.55424e-59 -1.1369e-08 8.68238e-08)
(6.6894e-66 5.75414e-08 -1.65867e-08)
(-1.87645e-67 1.23394e-08 -4.11583e-07)
(-3.15527e-68 1.17502e-09 7.57204e-07)
(-1.05684e-24 -8.70021e-09 -4.07275e-08)
(1.14712e-31 -2.43145e-08 -2.76858e-08)
(-5.67721e-32 -4.41244e-09 -4.44611e-07)
(-5.14473e-37 -2.33863e-08 4.49351e-09)
(7.8627e-37 1.77349e-08 -4.22326e-08)
(2.90502e-40 6.86505e-09 8.65166e-09)
(5.9135e-42 -7.08739e-09 -1.89168e-07)
(-2.90542e-53 -4.02453e-08 -6.77343e-08)
(1.52511e-66 1.91562e-08 -1.91543e-07)
(6.33271e-72 -1.45486e-07 2.39099e-07)
(8.41648e-73 -2.70747e-08 -1.16905e-07)
(-7.13385e-72 1.7756e-08 -4.86289e-08)
(1.58384e-72 7.26917e-08 -8.49715e-07)
(5.42394e-81 -1.28581e-07 -5.22051e-08)
(-5.01672e-83 6.40887e-08 1.53568e-07)
(7.50693e-81 3.95473e-08 5.73282e-08)
(-3.86428e-89 1.66943e-08 -2.92071e-07)
(-4.47703e-79 7.78429e-08 -1.28227e-06)
(-5.91663e-68 -1.25849e-07 -2.46848e-08)
(3.62559e-67 -7.24491e-08 -3.59365e-07)
(-2.87292e-67 6.3301e-08 -3.9791e-08)
(-2.18157e-69 -4.1382e-08 -2.60089e-07)
(0 0 0)
(5.49531e-78 -4.77868e-08 -3.479e-07)
(-1.34004e-76 -1.40938e-07 -2.36082e-07)
(2.42573e-76 6.90657e-08 -1.21551e-07)
(3.56485e-92 1.79843e-08 -2.74991e-07)
(1.89654e-75 -1.90072e-08 -1.34194e-06)
(-8.99e-64 5.13773e-08 -8.33292e-08)
(-1.09444e-66 -3.55148e-08 4.35585e-08)
(-3.12867e-73 5.33146e-09 5.76647e-09)
(-1.15602e-69 -2.99686e-08 -1.63773e-07)
(-5.93953e-70 -2.75538e-08 1.47773e-07)
(-1.2246e-83 -2.70053e-08 -2.31199e-07)
(-2.25915e-73 2.20056e-08 4.25862e-09)
(1.06895e-74 3.32059e-08 1.0171e-07)
(-5.72231e-84 1.06876e-09 -5.4696e-10)
(4.56721e-25 -3.31975e-08 -8.93767e-08)
(-4.01999e-28 -1.30306e-08 1.58547e-07)
(2.82159e-32 -1.44957e-08 -1.57729e-07)
(-2.57395e-36 1.05151e-08 2.07016e-08)
(-1.76021e-38 -4.19035e-09 3.67474e-07)
(-2.98921e-39 -4.72114e-09 4.52459e-09)
(-1.28122e-41 -2.09567e-08 1.67637e-07)
(-2.61712e-47 -3.41599e-11 5.8712e-07)
(-1.93343e-68 -1.0731e-07 1.22895e-07)
(5.85536e-77 -1.05404e-08 7.26221e-09)
(1.84184e-77 1.08629e-07 2.02066e-07)
(-9.57864e-78 3.88402e-08 2.15869e-07)
(-1.56569e-73 -5.44222e-08 9.52494e-07)
(-2.84024e-87 -6.0973e-08 2.23991e-07)
(-1.28945e-87 3.51207e-08 2.32185e-07)
(-4.25748e-81 6.50789e-08 1.25921e-07)
(2.70232e-91 -1.12749e-08 2.51371e-07)
(-5.60907e-77 -1.59915e-07 1.04755e-06)
(3.52814e-70 6.38631e-08 2.18248e-07)
(-2.28989e-69 -1.47081e-08 3.075e-07)
(-1.45675e-72 -1.74683e-08 1.93129e-08)
(-3.96983e-72 1.41412e-08 2.10141e-07)
(1.64511e-78 8.51911e-08 2.55577e-08)
(-5.29724e-79 -6.86817e-08 1.49817e-07)
(1.59864e-77 1.2749e-08 3.27554e-07)
(-4.90617e-77 2.01893e-08 2.51589e-07)
(-3.71283e-85 8.03672e-08 2.37872e-07)
(-2.28922e-72 -2.13921e-08 1.35406e-06)
(7.29125e-65 1.49201e-08 1.93011e-07)
(1.9799e-67 3.07471e-08 2.06735e-07)
(-8.88294e-81 -1.05623e-09 -5.42621e-10)
(3.23426e-71 3.24012e-09 1.34548e-07)
(-1.37285e-83 2.38837e-09 -2.55551e-06)
(1.99783e-82 -8.4371e-08 1.55948e-07)
(1.75948e-75 3.30749e-08 -3.45091e-08)
(-2.23323e-76 4.27985e-08 2.46428e-07)
(1.65817e-85 -3.72289e-10 -3.61944e-08)
(1.09245e-24 9.37159e-08 7.05231e-08)
(1.73351e-33 -1.58089e-09 1.10822e-08)
(-5.61658e-33 8.62841e-10 7.18992e-07)
(1.79727e-35 1.91248e-08 -2.59617e-08)
(8.25283e-39 -3.6261e-09 4.7125e-08)
(5.85878e-38 -2.65782e-09 -5.33315e-09)
(6.89882e-42 -6.90293e-08 5.94085e-08)
(-1.89158e-48 2.37822e-07 -2.73336e-07)
(5.14285e-71 -7.34644e-08 7.97102e-08)
(-3.40734e-79 -4.71119e-08 6.69425e-08)
(-6.55461e-79 7.96299e-08 5.34415e-08)
(1.39787e-78 4.18753e-08 4.59217e-08)
(5.82078e-79 -7.48362e-08 -1.85461e-06)
(-6.51689e-86 7.98528e-08 6.20009e-08)
(3.47754e-87 2.22923e-08 1.01203e-08)
(-9.6326e-91 -1.27623e-08 -5.49985e-09)
(-1.01357e-91 1.08941e-08 -7.51123e-09)
(5.56958e-79 -3.15776e-09 1.25106e-07)
(-4.66235e-71 1.93837e-08 5.16525e-08)
(3.37992e-70 1.24927e-08 2.20486e-07)
(1.4959e-71 -2.53128e-09 6.26256e-09)
(3.18636e-72 -7.66199e-08 6.84856e-08)
(-9.62108e-78 9.366e-08 -1.6074e-06)
(3.40744e-80 -7.94727e-08 2.39611e-07)
(-9.82358e-79 -4.41726e-08 1.71458e-07)
(2.33028e-78 4.35565e-08 6.11751e-08)
(-3.19051e-86 6.87231e-08 3.61758e-08)
(9.77592e-74 -1.45053e-07 -3.88192e-07)
(-2.06038e-66 9.71818e-08 9.31171e-08)
(-1.07889e-68 -1.12511e-08 7.41891e-08)
(9.24548e-76 1.02663e-08 -6.82184e-09)
(-2.03787e-73 -1.93166e-08 1.11736e-07)
(1.37285e-83 2.46534e-08 2.54659e-06)
(3.00803e-87 -7.42857e-08 9.24316e-08)
(-1.11902e-85 4.37599e-08 1.71191e-08)
(2.24883e-78 4.51071e-08 7.45129e-08)
(-3.16896e-93 3.61384e-09 -2.80439e-07)
(-5.2431e-25 2.01841e-07 -1.13707e-07)
(1.23528e-26 1.05093e-08 3.15272e-09)
(-1.15816e-29 -1.24465e-07 1.37775e-07)
(1.77995e-29 -4.31287e-08 8.59075e-09)
(-7.74816e-30 3.23496e-08 -9.26826e-09)
(1.53391e-30 1.33676e-07 2.96851e-08)
(-3.19637e-33 -4.73551e-10 1.42067e-10)
(-8.95716e-54 -1.50252e-07 7.36195e-07)
(-8.99381e-74 -7.0827e-08 1.01927e-08)
(-2.90376e-84 -3.88267e-08 2.27606e-08)
(1.70935e-78 9.77483e-08 -1.01277e-08)
(-7.13862e-80 1.27846e-08 6.29139e-09)
(-5.82078e-79 -7.0067e-08 1.83337e-06)
(2.96269e-86 3.70477e-08 -1.1114e-08)
(-7.39907e-95 -4.19832e-08 -1.14472e-09)
(2.39944e-92 2.69707e-08 6.67973e-09)
(-2.50878e-90 2.53719e-08 4.93106e-08)
(2.81019e-81 3.26857e-08 -5.79926e-07)
(6.79515e-74 -9.63276e-11 2.37984e-09)
(-3.85681e-72 -5.64504e-08 -3.37665e-09)
(-5.70107e-73 1.60304e-08 1.60024e-08)
(-7.21688e-79 1.33924e-08 2.13739e-09)
(8.01127e-80 1.43731e-08 1.56232e-06)
(-9.11345e-82 3.35411e-09 4.0016e-08)
(5.92242e-91 -1.4262e-07 1.33429e-09)
(-6.85038e-91 1.44105e-07 -1.50644e-10)
(-1.68789e-90 -1.32262e-09 1.8419e-08)
(-1.30032e-79 -2.6146e-09 3.65222e-07)
(-3.99779e-79 4.11802e-09 -1.97136e-08)
(5.14741e-78 -4.3105e-08 7.99945e-09)
(-4.78463e-78 6.49614e-08 6.03667e-09)
(3.5729e-80 1.12712e-08 6.76724e-10)
(3.98283e-90 5.75493e-09 -9.46849e-07)
(1.4523e-93 -8.0273e-09 -1.62208e-09)
(-6.25921e-92 -2.16594e-08 9.18482e-09)
(6.26366e-92 2.01426e-08 -7.66813e-09)
(-1.47075e-93 8.23352e-09 3.18801e-07)
(6.44514e-24 2.88386e-07 -1.82075e-08)
(1.22531e-25 4.44048e-08 -3.29691e-07)
(1.08468e-40 -2.50355e-08 -7.5107e-09)
(-3.42542e-35 -1.43364e-07 -2.70011e-07)
(-9.22116e-41 -4.29731e-07 -2.34446e-08)
(2.43599e-40 5.86955e-07 -2.60836e-07)
(6.90223e-41 8.53437e-08 -2.84235e-07)
(0 0 0)
(-7.49876e-62 1.72504e-09 -3.97517e-07)
(-3.54368e-64 -8.19402e-07 -2.52871e-07)
(-8.26711e-66 4.28594e-07 -2.04287e-07)
(3.39674e-70 3.76981e-07 -2.31057e-07)
(0 0 0)
(1.65905e-95 -5.80532e-08 1.83053e-08)
(-2.38845e-94 -1.15873e-07 -8.05997e-08)
(-1.26944e-92 -2.78066e-07 -1.62249e-07)
(2.62596e-90 3.14599e-07 3.01404e-09)
(-1.00302e-82 2.6657e-08 6.18789e-07)
(-8.86215e-98 -1.02162e-07 -1.64186e-07)
(6.88233e-96 -5.21762e-07 -1.69631e-07)
(-1.32121e-94 3.97855e-07 -3.46266e-07)
(3.03922e-93 5.76224e-08 -3.54705e-07)
(-1.53339e-85 1.08326e-07 5.04001e-08)
(-6.76048e-126 -1.45184e-07 -4.77373e-07)
(5.4404e-130 -5.73516e-07 -3.19186e-07)
(-1.82073e-131 5.79031e-07 -3.15859e-07)
(7.56837e-130 1.48202e-07 -4.63985e-07)
(-5.3695e-111 -1.5645e-07 -1.04827e-06)
(-5.96955e-112 -3.65476e-07 -3.17914e-07)
(-2.6865e-107 -5.72807e-07 -2.34422e-07)
(-1.00104e-106 9.29248e-07 -2.21246e-07)
(3.8913e-104 -3.99853e-08 -4.13148e-07)
(-3.33306e-90 -1.71523e-08 -9.87361e-07)
(-2.38453e-104 6.32223e-08 -4.01919e-07)
(8.46035e-108 -4.064e-07 -1.77209e-07)
(2.22827e-111 3.28811e-07 -1.85795e-07)
(0 0 0)
(-6.31208e-33 -6.43182e-09 -1.9295e-09)
(-5.57076e-30 5.08782e-08 1.34599e-07)
(-1.71738e-32 3.39524e-08 -3.34412e-07)
(3.6853e-36 -4.38144e-08 2.40738e-07)
(-6.7019e-46 -1.8394e-07 -1.02089e-08)
(5.22935e-47 3.58736e-09 -2.64661e-08)
(-1.14981e-45 1.14965e-07 4.99931e-08)
(-1.42268e-48 3.4167e-08 -1.34275e-06)
(2.29568e-60 -8.69893e-08 1.50533e-07)
(2.05509e-62 -1.0085e-07 2.92576e-08)
(4.85912e-64 1.32804e-07 4.549e-08)
(-5.34503e-68 7.96858e-08 -8.27242e-08)
(-3.76981e-73 3.35247e-08 -1.41065e-06)
(-3.72751e-104 -1.855e-08 -3.73542e-07)
(4.06785e-101 -6.75942e-08 -1.5762e-07)
(-1.28112e-99 4.36626e-08 1.16981e-07)
(3.57793e-107 6.49666e-08 -3.06549e-08)
(8.57819e-85 1.86988e-08 7.29064e-08)
(5.77967e-105 7.0937e-09 6.1555e-08)
(2.95422e-100 -1.55153e-07 -8.54917e-08)
(-2.98044e-100 7.09464e-08 2.94657e-07)
(1.08486e-94 6.79291e-08 1.68993e-07)
(-1.08479e-94 4.89641e-08 -1.46888e-08)
(1.12821e-125 -3.16756e-08 3.20248e-07)
(-1.32067e-128 -2.9007e-07 -6.2152e-08)
(6.22058e-131 3.09873e-07 -6.08833e-08)
(3.63356e-129 3.05443e-08 2.97447e-07)
(-1.62394e-107 1.59611e-07 5.37412e-07)
(1.71428e-105 -1.44655e-08 2.01008e-07)
(-7.23675e-104 7.7817e-09 4.87697e-09)
(1.6544e-102 3.26898e-08 3.21533e-08)
(-1.94156e-102 7.72419e-08 1.83281e-07)
(-2.11592e-89 1.39235e-08 1.35313e-06)
(1.68599e-100 -7.95897e-08 1.95519e-07)
(-1.68557e-100 2.99053e-08 -8.29707e-09)
(-1.42594e-117 4.80299e-08 -1.02929e-08)
(-1.32088e-122 5.878e-09 1.69401e-09)
(3.17886e-20 -1.04514e-08 -3.93175e-09)
(-3.68752e-26 -1.98561e-08 1.94872e-07)
(1.00213e-28 -1.93622e-08 -6.83574e-09)
(-2.58657e-38 -6.37485e-08 2.80472e-08)
(-2.75381e-45 1.48162e-09 1.13439e-07)
(2.41609e-46 8.41755e-08 1.12435e-07)
(3.52413e-46 7.13847e-09 2.46944e-07)
(1.42268e-48 -6.88903e-08 1.35317e-06)
(-4.95205e-56 3.40648e-08 2.59152e-07)
(4.17451e-57 5.58649e-11 1.99296e-08)
(-1.99289e-60 1.17518e-08 2.69059e-07)
(2.40221e-62 -7.4493e-08 2.47092e-07)
(-1.24691e-64 4.74589e-08 1.3971e-06)
(1.41408e-104 1.90824e-08 3.08009e-07)
(-1.32969e-102 -3.1905e-08 1.85786e-07)
(4.23648e-101 -9.95101e-08 7.94516e-08)
(-3.90572e-108 3.10901e-08 1.11151e-08)
(4.23329e-110 9.82071e-08 2.94617e-08)
(-1.64509e-107 -3.68659e-08 -9.9511e-08)
(6.30092e-105 -1.73634e-08 1.97409e-07)
(3.36609e-104 1.37765e-08 1.47857e-07)
(1.63729e-101 7.36684e-08 1.19132e-07)
(6.72185e-115 -4.77179e-08 -5.81299e-07)
(-3.41352e-126 -3.88374e-08 1.56884e-07)
(1.41212e-127 -4.13304e-08 2.81807e-07)
(-1.26389e-128 5.95057e-08 2.83885e-07)
(-5.45954e-129 5.07808e-09 1.57798e-07)
(4.38262e-110 -5.50015e-08 5.03821e-07)
(3.47677e-112 1.3372e-08 1.4602e-07)
(-1.23144e-104 -3.70361e-08 2.98302e-07)
(-1.07629e-103 1.95096e-10 2.27928e-08)
(4.61113e-102 -1.47501e-09 2.26712e-07)
(2.5147e-89 8.99349e-09 5.27715e-07)
(-2.01756e-104 1.87919e-08 1.93522e-07)
(4.9957e-107 -2.47878e-08 5.05151e-08)
(1.99124e-115 1.9399e-08 2.62659e-07)
(-2.48342e-116 3.59886e-09 -1.35385e-09)
(-6.49185e-20 1.54467e-08 -1.04684e-08)
(-4.95047e-31 -3.06868e-09 1.57989e-08)
(2.49375e-35 -2.45942e-08 -3.14433e-09)
(6.88213e-40 -6.925e-08 -1.96218e-08)
(-1.54168e-42 3.07138e-08 7.98714e-08)
(1.19565e-43 3.7452e-08 1.69262e-09)
(-2.27861e-45 8.98182e-09 1.13359e-08)
(-2.88646e-46 -5.74251e-08 -1.409e-06)
(3.08957e-52 -5.03863e-08 5.10243e-08)
(-1.60875e-53 1.10551e-07 -1.34127e-09)
(3.00878e-55 3.69978e-09 2.66517e-08)
(-1.02806e-57 -2.03713e-08 9.97486e-08)
(-2.04382e-97 -1.05862e-08 -3.51958e-07)
(-4.15982e-106 -1.80318e-08 5.77931e-08)
(1.23598e-104 1.18376e-08 8.52381e-09)
(-7.13735e-103 -2.98854e-09 2.92563e-08)
(3.46654e-111 1.78851e-08 6.86083e-09)
(7.5516e-116 9.03029e-09 -7.01358e-07)
(3.48748e-111 -1.94871e-08 1.72808e-07)
(-4.0984e-114 -4.25389e-09 -1.9563e-09)
(-7.35491e-107 -4.68381e-09 1.20704e-08)
(1.87326e-109 1.28283e-08 -7.05531e-09)
(-3.93449e-114 3.87457e-08 -9.52317e-07)
(-2.24006e-120 -2.12588e-08 1.34471e-08)
(-9.62661e-121 5.9938e-08 9.52209e-08)
(4.30351e-122 -3.97054e-08 7.63469e-08)
(-8.41109e-123 1.28123e-08 -2.97386e-09)
(2.7241e-102 -1.08627e-07 -6.20463e-07)
(-8.18034e-100 3.24704e-08 1.78462e-08)
(2.53517e-98 1.26006e-08 5.22572e-08)
(-1.26015e-96 -6.49532e-08 4.16776e-09)
(2.30134e-96 4.82544e-08 1.67844e-08)
(-4.63758e-90 2.57143e-08 5.32703e-08)
(1.86803e-105 -3.76879e-09 1.32932e-08)
(-1.29022e-108 -1.5197e-08 2.30411e-08)
(-1.10654e-114 -6.96637e-08 3.56554e-08)
(2.51367e-115 8.2265e-08 7.32034e-09)
(9.04154e-19 1.14604e-07 -2.28448e-07)
(-6.97756e-26 1.38647e-08 4.15929e-09)
(-4.22264e-35 -4.99074e-08 -5.01519e-07)
(-1.34597e-40 -3.20521e-08 4.2459e-08)
(1.87777e-42 3.68799e-08 1.64866e-08)
(1.06193e-42 -2.57251e-08 -2.313e-09)
(-2.16155e-42 7.4747e-08 6.28074e-09)
(2.88646e-46 -1.12556e-07 1.40729e-06)
(-4.67199e-53 3.78458e-08 -3.48036e-08)
(1.00185e-53 4.23318e-08 7.32719e-09)
(-7.87764e-55 3.97922e-09 4.06851e-09)
(3.17018e-56 1.2143e-08 1.1458e-10)
(6.0913e-97 3.71139e-08 -9.53027e-07)
(-7.19901e-103 -9.06812e-08 -3.32447e-08)
(2.37341e-103 1.60811e-07 -3.37052e-09)
(-3.01679e-104 2.84813e-08 9.75128e-09)
(0 0 0)
(-2.69466e-114 7.53211e-08 2.13111e-07)
(-2.6698e-113 -2.8467e-09 2.61344e-08)
(1.12091e-116 -5.34686e-09 -1.5833e-09)
(-7.28641e-110 -1.87227e-08 1.2151e-08)
(-1.87329e-109 -3.83902e-08 4.62605e-08)
(-5.48647e-114 1.69777e-07 6.76451e-07)
(2.9673e-137 -8.01517e-09 -1.41083e-09)
(-1.02794e-136 -2.11475e-08 2.46206e-09)
(-1.24498e-128 2.2846e-08 7.87153e-09)
(-1.19189e-130 4.69185e-09 1.69409e-08)
(-1.23521e-109 4.00412e-08 6.07338e-07)
(-2.68513e-110 -2.55244e-08 -1.41122e-08)
(3.96104e-110 4.77343e-09 1.29792e-08)
(1.17607e-103 2.83484e-08 2.30603e-09)
(3.77611e-110 1.13452e-08 2.08749e-09)
(-5.05207e-112 6.59534e-09 -2.47762e-09)
(0 0 0)
(7.26058e-112 -2.76141e-08 -3.01233e-09)
(4.24896e-119 -5.50661e-08 1.48599e-09)
(-1.14004e-119 8.21856e-08 3.17477e-09)
(6.13603e-18 -4.05024e-07 9.60555e-08)
(-5.32251e-18 3.21712e-07 -3.25882e-08)
(4.7557e-36 -1.57806e-07 8.21284e-07)
(6.24661e-36 1.68389e-08 -9.41091e-08)
(-1.08617e-36 1.86681e-07 -2.34467e-07)
(-3.70624e-41 -1.91262e-07 -4.82226e-08)
(-1.26447e-37 2.3975e-07 -1.51155e-07)
(0 0 0)
(-1.67897e-58 2.01032e-08 -2.61499e-07)
(-1.02873e-63 -2.81684e-07 -2.24715e-08)
(-8.78843e-65 -1.99188e-07 -1.04226e-07)
(3.04041e-73 4.03491e-07 -1.34906e-07)
(-4.04748e-97 -2.06802e-07 1.31885e-06)
(-4.4844e-99 -1.75284e-07 -1.14727e-07)
(-1.90788e-103 3.07027e-07 -4.92627e-08)
(3.6474e-104 -5.76706e-08 -2.05879e-07)
(-3.23933e-106 -1.4169e-07 3.84969e-08)
(4.04607e-108 1.00591e-07 4.32763e-07)
(1.46737e-121 -2.90759e-07 -9.16603e-08)
(-1.84632e-121 3.10642e-07 -1.05707e-07)
(1.94009e-119 -1.22972e-07 -2.15884e-07)
(-1.15841e-118 -5.01285e-07 8.72341e-09)
(1.00583e-113 4.57729e-07 6.14707e-07)
(-1.71759e-145 -1.91352e-07 -2.89874e-07)
(-2.83852e-153 2.95715e-07 -2.41871e-07)
(1.60354e-162 -2.72179e-07 -5.76146e-08)
(1.97541e-163 1.73347e-07 -2.77182e-07)
(-1.85183e-148 -6.47542e-07 5.70323e-08)
(2.94221e-148 3.28959e-07 -1.67492e-07)
(-1.09383e-148 3.33456e-07 -1.53949e-07)
(8.73962e-151 -2.52048e-07 -2.03863e-08)
(-5.28476e-151 2.4849e-07 -1.07811e-07)
(-4.20842e-175 3.97236e-10 -5.21545e-07)
(0 -4.23443e-08 -1.77919e-07)
(0 -2.77299e-07 -2.37683e-08)
(0 -2.61046e-08 2.38582e-08)
(0 2.93633e-07 -3.23905e-08)
(-2.15283e-18 3.04224e-09 -1.87931e-08)
(-1.85617e-23 1.12905e-07 3.23521e-08)
(-2.52341e-31 -3.68487e-08 -1.10549e-08)
(1.54592e-30 -6.98217e-08 3.85804e-08)
(-1.434e-30 -8.43279e-08 6.63845e-08)
(3.24448e-31 3.87578e-08 -9.94964e-08)
(-2.21117e-31 -2.73832e-09 2.48927e-08)
(3.707e-32 8.57225e-08 -5.96979e-07)
(9.81205e-57 -1.98008e-08 -7.94533e-08)
(2.26349e-61 -8.56645e-08 -9.69127e-08)
(1.70522e-62 -8.54984e-09 -2.89194e-07)
(-1.06529e-71 1.92583e-08 3.00382e-08)
(4.10395e-73 1.14365e-07 -5.11146e-08)
(3.75348e-97 -1.02968e-07 1.56935e-08)
(6.03762e-106 -6.50713e-08 -5.85677e-08)
(-5.56461e-102 6.06424e-08 5.2902e-08)
(-9.4683e-105 9.35379e-08 -7.55097e-08)
(-3.26402e-132 -7.96911e-09 -9.78677e-07)
(-1.00836e-123 -4.95472e-08 6.44092e-08)
(3.20746e-122 -2.1353e-08 -8.76135e-08)
(-2.00224e-121 -2.18457e-08 6.01031e-08)
(2.00526e-120 6.19321e-08 1.74374e-08)
(-1.31961e-114 6.9815e-08 6.1374e-08)
(3.79746e-144 -7.16448e-08 1.69563e-07)
(1.79101e-151 -3.02222e-08 -4.88628e-08)
(-1.91695e-156 -7.17463e-08 -1.49775e-07)
(1.91587e-156 1.57628e-07 6.0263e-08)
(1.28064e-148 -1.03213e-07 -6.43049e-07)
(1.69524e-155 3.94388e-08 -2.34556e-07)
(8.91673e-155 -9.44358e-08 -1.72829e-07)
(1.78033e-159 2.86038e-08 -8.77433e-08)
(2.69707e-157 3.96125e-08 -2.98683e-07)
(1.51803e-173 1.56236e-08 -1.08812e-07)
(0 7.05164e-08 -2.71322e-07)
(0 -8.86766e-08 -3.11241e-07)
(0 5.22207e-08 -1.01132e-07)
(0 4.93214e-08 -1.61068e-07)
(2.41126e-18 2.2688e-08 -3.47839e-09)
(2.96578e-23 2.16785e-08 1.85323e-08)
(1.35679e-31 -2.77729e-08 -1.10495e-07)
(3.49089e-31 -2.43918e-08 2.53945e-08)
(-2.44489e-31 7.16242e-08 -1.17451e-07)
(2.6389e-37 -3.92753e-08 4.84785e-08)
(-2.72352e-37 -3.08865e-08 1.47749e-07)
(-3.39709e-38 4.85098e-08 1.77209e-08)
(-3.15849e-55 -3.45295e-08 2.99852e-07)
(-3.46084e-59 -5.82807e-08 6.2174e-08)
(-6.98081e-61 4.12947e-08 2.55654e-08)
(-1.80132e-67 -3.7052e-08 -6.12284e-08)
(1.58461e-70 9.68509e-08 -7.50386e-07)
(-1.9086e-95 -5.5156e-08 1.56217e-07)
(-1.21466e-103 -7.87253e-08 6.41312e-08)
(6.20354e-100 7.80048e-08 -3.34876e-09)
(7.49891e-103 1.18299e-08 6.49593e-08)
(3.26404e-132 -9.53587e-08 9.82289e-07)
(2.87929e-129 4.99301e-08 -5.02583e-08)
(-6.35153e-130 1.67042e-09 1.25352e-09)
(5.65163e-126 -3.12408e-08 -1.1165e-07)
(-1.98115e-125 -6.98026e-09 5.77294e-08)
(6.90071e-132 2.25327e-08 -7.31645e-08)
(-6.28209e-143 -7.46567e-08 1.767e-07)
(3.74457e-151 9.60962e-09 -8.02555e-08)
(-1.12119e-152 -2.88081e-08 -1.36078e-07)
(2.10265e-154 5.01704e-08 2.65826e-07)
(-1.28064e-148 5.32347e-08 6.28057e-07)
(5.44019e-156 -2.74342e-08 2.15391e-07)
(-6.13038e-156 2.08469e-08 8.29447e-08)
(-1.55854e-163 -1.86547e-08 3.90357e-08)
(8.24347e-160 -1.3412e-08 9.21982e-08)
(-2.61188e-166 -2.27309e-09 3.97704e-07)
(0 -7.78223e-08 1.25491e-07)
(0 -4.88575e-08 1.11023e-07)
(0 7.24808e-08 -1.44687e-07)
(0 2.20383e-08 1.01757e-08)
(-6.65641e-19 -1.51319e-08 -8.86628e-08)
(-6.9188e-24 4.72187e-08 -4.2572e-08)
(-1.03205e-31 -2.20383e-08 1.48638e-07)
(-2.209e-39 -1.4691e-08 7.32517e-08)
(-2.48512e-36 -2.27379e-08 1.58802e-07)
(-4.91892e-38 1.41215e-09 2.55285e-08)
(3.27738e-38 3.34618e-09 8.42393e-08)
(1.95469e-39 6.98219e-08 -1.14937e-07)
(2.03356e-48 1.20001e-08 4.59761e-08)
(-2.05485e-51 -1.73733e-10 -3.44356e-09)
(2.11354e-54 2.01256e-08 2.74251e-07)
(3.0542e-76 1.07746e-08 1.19246e-07)
(4.50508e-79 1.89654e-08 -1.68485e-07)
(9.81748e-94 -1.44957e-08 8.70363e-10)
(-1.08312e-96 -3.59115e-09 -1.65912e-09)
(-6.36935e-98 2.16987e-08 9.23068e-08)
(-4.80179e-100 1.63731e-09 -4.80916e-09)
(-1.06215e-101 5.55854e-09 -7.81056e-07)
(-1.61393e-130 1.8749e-08 1.03613e-07)
(1.30193e-131 -2.05968e-08 6.09026e-08)
(-1.71161e-127 2.89324e-08 1.49696e-07)
(1.38518e-126 1.80503e-08 6.26319e-08)
(-1.03407e-134 3.87367e-08 3.50157e-08)
(7.69514e-137 -4.83226e-09 2.04041e-08)
(-4.17505e-158 -2.09535e-08 1.43375e-07)
(8.10169e-160 2.08228e-08 2.20762e-07)
(1.34932e-161 5.26804e-08 2.11242e-08)
(2.52791e-164 2.56015e-08 -1.25404e-06)
(-3.17631e-157 2.14053e-08 7.58223e-08)
(1.95082e-157 -4.18288e-08 2.1935e-07)
(8.58945e-164 1.41066e-08 3.31498e-08)
(-3.36922e-160 -5.86626e-09 2.8915e-07)
(2.73257e-168 1.14986e-07 2.39007e-07)
(0 2.6748e-08 2.38696e-07)
(0 -4.68204e-08 2.20056e-07)
(0 6.71225e-09 1.9528e-07)
(0 1.53181e-08 1.92419e-07)
(8.99486e-20 3.88649e-08 1.54075e-07)
(8.02229e-25 -1.60707e-08 8.47294e-08)
(-9.99573e-31 3.05711e-08 -7.44268e-07)
(-4.58055e-44 -3.48734e-09 1.0462e-09)
(9.55143e-37 -1.59211e-08 8.88667e-08)
(4.67607e-39 1.58082e-08 1.28851e-08)
(5.53414e-44 1.97831e-08 1.75484e-10)
(-5.74759e-41 -3.24309e-08 2.08933e-07)
(5.67999e-57 -2.71495e-08 6.59546e-10)
(1.38472e-58 -3.97456e-08 3.27254e-08)
(3.86571e-61 3.44174e-08 5.35826e-08)
(-6.18058e-68 -2.00901e-08 1.17247e-07)
(-7.61856e-80 1.98314e-08 7.48215e-07)
(4.00591e-87 5.16563e-08 4.13061e-08)
(-9.47294e-89 -2.7525e-08 1.11071e-08)
(1.15476e-90 -2.34661e-08 4.6311e-08)
(-1.77074e-92 -9.30395e-09 3.38499e-09)
(7.69227e-95 3.46432e-08 -6.10411e-07)
(4.45436e-132 -2.25052e-08 8.34797e-08)
(-2.19769e-134 9.63663e-09 1.1238e-08)
(3.09182e-129 -5.76144e-08 7.44861e-08)
(-1.60731e-136 -3.72405e-08 4.42874e-08)
(3.31662e-138 9.59543e-08 -7.99249e-07)
(5.81588e-144 2.4537e-09 8.17898e-09)
(9.67025e-160 -6.04722e-08 1.13706e-07)
(-7.54005e-162 2.37326e-08 4.26749e-08)
(-9.68496e-164 2.99743e-08 3.10133e-08)
(-4.71101e-170 -3.90905e-09 4.56469e-08)
(-5.58838e-168 1.0337e-09 3.10107e-10)
(4.99337e-160 -1.04452e-07 8.01914e-08)
(-3.89615e-165 2.76044e-08 2.90715e-08)
(1.32692e-161 4.00781e-08 2.33055e-08)
(-1.31366e-169 1.66119e-08 -2.13427e-08)
(0 -6.05369e-09 8.10907e-08)
(0 -6.6376e-08 -9.7125e-09)
(0 5.93628e-08 3.73503e-08)
(0 1.20034e-08 -2.19828e-09)
(-8.96405e-23 7.84833e-08 -4.85703e-08)
(6.37348e-25 2.58412e-08 3.84813e-08)
(2.34876e-26 4.4765e-08 1.5669e-07)
(-4.70239e-49 -1.91069e-07 -7.99592e-08)
(2.8214e-50 1.06789e-07 -9.8282e-08)
(-2.38527e-55 6.5355e-08 -6.15253e-08)
(-2.22785e-50 4.64269e-08 -1.24775e-07)
(6.95971e-43 3.89571e-08 4.40949e-07)
(4.5651e-64 -2.61232e-07 -2.5322e-07)
(7.14277e-67 2.0568e-07 -9.08844e-08)
(7.41799e-67 -2.40155e-07 -3.63397e-07)
(3.22048e-70 2.46259e-07 -1.13209e-07)
(4.08254e-81 -4.40343e-08 1.98825e-07)
(-8.16924e-108 -8.08276e-08 -2.51721e-07)
(1.12863e-109 -1.72816e-07 -2.82206e-07)
(2.61444e-111 -1.4412e-07 -6.83634e-08)
(-2.42956e-109 3.10302e-07 -1.16221e-07)
(1.60753e-101 9.25204e-08 1.39684e-06)
(4.04045e-143 -1.48389e-07 -1.60288e-07)
(-9.13815e-151 -2.483e-07 -7.29182e-08)
(-4.81144e-147 4.09481e-07 -1.09946e-07)
(5.26249e-147 -1.44507e-07 -1.00222e-07)
(-8.61839e-140 9.68802e-08 7.24306e-07)
(0 -3.2785e-07 -2.44733e-07)
(-7.68004e-183 2.13093e-07 -9.70135e-08)
(4.80612e-180 -1.83533e-07 -7.53563e-08)
(-6.91648e-178 -4.13005e-07 -9.29674e-08)
(2.91197e-171 5.75837e-07 1.17601e-06)
(1.71462e-191 -7.20665e-08 -3.29233e-07)
(-1.1469e-188 -5.27327e-07 -3.31975e-08)
(1.42738e-186 1.80528e-07 -3.77689e-07)
(-1.49871e-184 2.13106e-07 -1.26513e-07)
(4.92384e-177 1.97554e-07 9.56498e-08)
(0 4.76278e-08 -3.54603e-07)
(0 -4.36102e-07 -3.28279e-07)
(0 3.64052e-07 -1.21406e-07)
(0 1.27858e-08 -2.86752e-07)
(6.38586e-24 4.0373e-08 -1.04536e-09)
(-2.19007e-28 -3.72489e-08 -1.98458e-07)
(5.12473e-30 -3.80872e-08 2.29648e-07)
(1.1096e-48 -3.7393e-08 -3.0594e-07)
(-2.65633e-49 -8.893e-08 -2.55381e-07)
(4.73093e-56 6.70105e-08 -9.06233e-08)
(-1.58556e-51 1.81778e-08 -2.16555e-07)
(0 0 0)
(-2.82736e-63 -7.93482e-08 -2.92531e-08)
(-5.80074e-65 -5.02257e-08 -1.09718e-07)
(-8.90955e-66 1.38433e-07 1.16255e-07)
(-3.83085e-69 7.38699e-08 -5.30123e-08)
(-4.62184e-115 -2.77241e-09 8.31715e-10)
(2.1297e-107 8.11265e-09 1.36197e-07)
(-1.51858e-108 -1.23339e-07 1.19329e-07)
(-2.34085e-109 1.34062e-07 -1.61952e-07)
(-9.28451e-111 2.74386e-08 4.27465e-08)
(2.28977e-140 -2.30291e-08 -6.90867e-09)
(-2.85069e-140 -6.10435e-08 -4.62542e-08)
(7.10017e-141 -8.66896e-08 -6.76997e-08)
(-5.10878e-141 1.55616e-07 -2.37203e-07)
(4.76645e-142 2.51166e-08 -2.07423e-07)
(1.09066e-141 3.95702e-08 -8.72889e-08)
(0 1.88958e-08 -8.67108e-08)
(0 -1.08292e-07 -2.36092e-07)
(-4.14884e-188 -6.28504e-08 -3.3828e-07)
(2.02781e-185 1.1563e-07 -1.3874e-07)
(-7.57569e-195 1.59857e-07 -6.15701e-08)
(-2.19173e-199 -3.31436e-08 -1.03943e-07)
(-1.13671e-191 -1.87261e-07 -2.8664e-07)
(5.32727e-190 -2.53192e-08 -7.05516e-08)
(-6.9581e-189 1.05305e-07 -4.19689e-08)
(-6.88683e-183 1.47428e-07 -5.77998e-07)
(0 -8.238e-08 9.92114e-09)
(0 -7.70004e-08 -1.30698e-07)
(0 1.30065e-07 -1.2783e-07)
(0 3.98633e-08 1.40318e-07)
(-4.0898e-25 -3.04104e-09 -4.84146e-08)
(-1.4059e-26 3.79752e-08 1.665e-07)
(2.52369e-28 1.01688e-07 3.20245e-07)
(-4.75487e-39 -4.67799e-08 1.09325e-07)
(7.86861e-49 -6.46202e-09 4.55135e-08)
(1.48594e-52 -4.49792e-08 1.05909e-07)
(2.35448e-51 6.43142e-08 3.1883e-07)
(-1.03872e-58 -1.04024e-07 -4.89161e-07)
(1.5944e-58 3.68677e-08 2.44868e-07)
(-1.28024e-58 8.1382e-08 1.23189e-07)
(1.36735e-59 -5.33112e-09 2.72173e-07)
(-1.30577e-62 -3.82553e-08 1.42562e-07)
(-6.19582e-103 -6.50881e-08 1.95264e-08)
(-2.25509e-102 1.18759e-09 8.32104e-08)
(3.09915e-102 6.57294e-09 1.46809e-07)
(-2.47474e-103 2.50644e-08 8.58557e-08)
(2.29825e-104 1.65439e-08 1.04579e-07)
(-5.36213e-135 -7.60485e-08 1.86839e-08)
(5.3622e-135 6.69154e-08 1.15741e-08)
(3.32558e-147 -1.0878e-08 1.74311e-08)
(8.77024e-147 -7.48617e-08 3.11287e-08)
(9.68471e-149 4.94963e-08 2.08556e-07)
(3.22968e-150 -1.01021e-08 1.65402e-07)
(0 -4.07784e-08 2.98647e-07)
(0 -4.61566e-09 1.0438e-07)
(0 1.49939e-08 2.70315e-07)
(-2.77152e-188 1.77919e-09 2.8199e-07)
(0 0 0)
(2.82235e-202 -2.33409e-08 3.4087e-07)
(-1.13355e-201 -2.58643e-08 3.60039e-07)
(-1.13175e-197 -5.96028e-09 4.47229e-08)
(1.5237e-194 3.2083e-08 2.75616e-07)
(6.88684e-183 3.68691e-08 5.2271e-07)
(0 -2.65371e-09 2.96871e-07)
(0 -6.59319e-08 3.27568e-07)
(0 4.67734e-08 2.20957e-07)
(0 1.53267e-08 1.04123e-07)
(-3.62669e-24 1.12466e-07 -1.94252e-07)
(-3.02109e-25 1.16946e-08 2.65908e-08)
(-3.81055e-32 2.43004e-08 -9.85964e-07)
(3.8145e-32 -8.52774e-09 2.37788e-07)
(-4.3237e-36 -9.74565e-09 2.65722e-07)
(-5.09803e-49 1.45003e-09 -7.08786e-09)
(-1.24943e-51 7.44861e-09 6.79905e-08)
(8.08317e-59 -5.26866e-09 -2.28508e-07)
(1.67122e-62 -4.39238e-09 5.19653e-08)
(-5.0778e-64 -4.0392e-09 -1.48664e-09)
(4.72177e-66 1.42394e-08 2.72437e-08)
(8.08209e-72 4.71263e-10 9.06308e-10)
(0 0 0)
(-1.711e-108 3.25835e-10 1.29019e-08)
(-7.04103e-109 -1.02642e-08 3.6925e-08)
(1.95894e-109 -2.61007e-08 7.11202e-08)
(1.56351e-111 4.65793e-08 -1.2887e-09)
(7.56442e-126 -2.45384e-09 -1.23417e-06)
(-4.52286e-133 -3.61447e-09 1.94378e-07)
(-1.1208e-147 -1.70696e-08 1.04329e-08)
(-1.36069e-147 3.43857e-08 2.73947e-07)
(-8.86271e-150 -7.85196e-08 1.65296e-07)
(-4.10819e-154 1.38417e-07 -5.34051e-07)
(0 -5.58022e-08 4.42123e-08)
(0 -4.00947e-08 1.47916e-07)
(0 1.89361e-08 1.16293e-07)
(0 5.5561e-08 1.02109e-07)
(1.86027e-214 -1.11865e-07 -1.00348e-06)
(-7.07128e-206 -1.6939e-08 7.48079e-08)
(-7.21268e-202 -5.7338e-08 1.56404e-07)
(1.57739e-199 7.50692e-08 2.92188e-08)
(-1.24194e-197 3.00623e-08 7.29308e-08)
(0 -1.28786e-07 -1.46839e-06)
(0 1.80245e-08 3.91755e-08)
(0 1.35208e-09 9.70006e-08)
(0 2.12172e-08 9.96602e-08)
(0 1.05436e-09 2.27566e-10)
(5.64964e-24 2.02824e-07 -2.11004e-09)
(5.79356e-32 1.30384e-10 4.34614e-10)
(-3.38548e-35 -6.61066e-08 9.63106e-07)
(9.96305e-40 -9.84001e-09 1.82458e-08)
(7.6766e-42 -2.95082e-08 6.70423e-08)
(-1.0856e-42 9.86359e-08 2.68584e-08)
(1.67591e-43 6.18847e-09 -2.16982e-10)
(-4.14904e-58 1.42189e-08 1.02258e-07)
(0 0 0)
(8.65045e-72 -5.48271e-08 1.09019e-08)
(-2.49786e-74 -3.72698e-08 -1.63545e-08)
(-8.89193e-72 3.98286e-08 -5.49309e-09)
(-1.11363e-76 1.22318e-07 -1.24085e-06)
(1.44838e-119 -1.15837e-08 5.3139e-10)
(-1.08944e-117 -3.42403e-08 3.60121e-09)
(-5.73552e-111 -7.92969e-08 3.42027e-09)
(-6.88978e-113 9.45873e-08 4.17822e-08)
(2.67935e-119 -8.21162e-08 2.80189e-07)
(-3.7421e-140 5.09727e-09 3.94124e-08)
(8.50169e-148 -6.80141e-08 2.4395e-08)
(9.61965e-149 3.8838e-08 7.31558e-08)
(4.08931e-152 -6.57782e-09 3.7969e-10)
(4.06905e-154 2.9881e-09 5.01728e-07)
(0 -1.19284e-08 2.7639e-08)
(0 -9.74836e-08 8.49572e-09)
(0 8.68251e-08 6.18597e-09)
(0 2.95512e-08 5.73351e-09)
(-1.77868e-215 3.96444e-08 1.00801e-06)
(2.40506e-213 -7.61836e-09 -1.14955e-08)
(2.49177e-206 -4.57789e-08 1.65233e-09)
(-1.60571e-203 9.73802e-08 1.02158e-08)
(-1.11054e-200 3.61266e-09 1.83488e-09)
(0 6.41981e-08 1.46741e-06)
(0 1.98127e-08 1.17714e-08)
(0 1.1414e-08 5.79222e-10)
(0 -4.73692e-09 4.13111e-11)
(0 4.02414e-09 2.33462e-09)
(-1.89888e-22 5.44179e-07 6.99665e-08)
(-8.23161e-25 4.00909e-08 2.2848e-10)
(-1.23952e-36 -2.64952e-09 1.26953e-08)
(6.27401e-36 -4.28886e-07 -2.81286e-07)
(-3.02738e-38 -5.03524e-08 -2.161e-07)
(1.2923e-42 6.21353e-07 -2.05528e-07)
(-3.42054e-44 1.81304e-08 -7.61275e-08)
(3.43503e-56 -1.13055e-07 5.73956e-07)
(3.4349e-64 5.31809e-08 -1.96054e-07)
(1.94766e-66 2.40287e-08 -2.38309e-07)
(-9.30578e-68 -1.641e-07 -1.88639e-07)
(2.23892e-69 2.03352e-07 -1.39006e-07)
(6.0706e-83 -3.01829e-08 2.49224e-07)
(5.09332e-112 -3.16098e-07 -1.25091e-07)
(6.16619e-114 4.79912e-08 -1.50078e-07)
(-3.71265e-115 3.43694e-07 -2.01774e-07)
(-7.69518e-117 -5.17341e-08 -7.01627e-08)
(8.33895e-125 1.65773e-07 1.7434e-07)
(-9.50525e-147 -1.63784e-07 -1.9838e-07)
(8.31275e-148 -2.45254e-07 -1.6304e-07)
(7.89853e-150 -1.53395e-08 -3.43259e-07)
(1.99459e-152 2.22579e-07 -2.99049e-07)
(0 0 0)
(2.77842e-183 -1.7827e-07 -2.41083e-07)
(3.58147e-187 -5.59408e-07 -2.93525e-07)
(4.65047e-190 3.76327e-07 -1.71925e-07)
(9.85475e-196 2.08983e-07 -5.10576e-07)
(-7.99356e-299 -1.52872e-07 -1.14255e-06)
(6.06547e-309 -6.52629e-07 -3.48466e-07)
(3.53284e-310 2.77912e-08 -2.91362e-07)
(-5.71251e-311 7.61285e-07 -1.77596e-07)
(1.12356e-314 -1.67597e-08 -3.98706e-07)
(0 -3.29659e-08 1.0048e-08)
(0 1.20871e-07 -2.85428e-07)
(0 -8.15537e-08 -3.84916e-07)
(0 1.1508e-07 -3.05803e-07)
(0 -3.86426e-10 -1.32359e-08)
(5.2318e-27 -2.10182e-08 3.80733e-09)
(1.15541e-28 2.07003e-08 -1.13455e-07)
(8.29554e-33 2.78538e-08 -3.63833e-07)
(-2.60171e-35 -1.31911e-07 -5.24178e-10)
(2.91889e-37 -1.28886e-07 5.74319e-08)
(-1.19642e-43 7.4379e-08 -2.2542e-08)
(4.31489e-47 -4.74984e-10 -2.01677e-08)
(-2.67778e-50 1.09815e-08 4.50994e-08)
(2.88561e-71 -4.15464e-08 4.39476e-08)
(-1.11888e-69 -1.32419e-07 7.15878e-08)
(6.94916e-71 5.86024e-08 2.46576e-08)
(-1.18313e-74 8.24043e-08 1.16839e-07)
(-4.32738e-84 -3.19062e-08 9.73562e-07)
(-1.16088e-111 -4.23135e-08 9.39462e-08)
(-4.25625e-113 -1.11456e-07 7.89054e-08)
(3.48331e-114 9.51689e-08 4.31845e-08)
(1.41022e-115 1.17742e-08 -1.43337e-07)
(-5.36055e-123 -2.31397e-08 7.29388e-07)
(1.18185e-145 -8.04719e-08 4.07738e-08)
(-5.09363e-144 -4.86305e-08 -7.15259e-08)
(-7.92961e-149 1.99158e-07 8.26989e-08)
(-1.9708e-151 1.57599e-07 9.71533e-08)
(4.04553e-169 -6.28218e-08 -5.31841e-07)
(-1.29381e-176 -5.57448e-08 7.49202e-08)
(1.12116e-178 -8.53195e-08 -1.26485e-08)
(-6.97424e-182 2.55897e-07 5.20385e-08)
(-1.7993e-192 9.53265e-08 3.38882e-07)
(-3.28671e-297 1.22659e-07 6.65119e-07)
(-1.75598e-303 -1.42949e-07 2.22871e-07)
(1.20883e-303 -9.78641e-08 2.92399e-08)
(-1.78685e-304 1.71909e-07 2.35359e-08)
(5.2155e-308 2.74469e-08 2.26624e-07)
(0 -9.85627e-08 -4.95053e-08)
(0 -4.21199e-08 6.43634e-08)
(0 7.46514e-08 -1.03946e-08)
(0 -9.95424e-08 -1.11028e-08)
(0 3.00537e-08 1.36983e-08)
(-1.06097e-24 7.80488e-08 -8.52619e-08)
(-8.93757e-27 2.61301e-08 8.46626e-08)
(-6.49612e-31 -1.06572e-07 3.88815e-07)
(1.60071e-30 7.8086e-08 2.24085e-07)
(-9.51803e-31 -9.05037e-09 2.51593e-07)
(2.76569e-50 1.08432e-08 4.60224e-08)
(2.42751e-51 -6.57158e-08 6.89125e-08)
(-7.88525e-55 8.08508e-08 -7.08056e-08)
(-1.30672e-72 -3.36283e-08 1.48297e-07)
(9.99037e-67 -1.41637e-08 1.2743e-07)
(-9.3068e-69 4.47748e-08 2.25265e-08)
(7.72958e-74 1.53249e-08 2.50714e-08)
(-3.8778e-102 4.25518e-09 9.54836e-09)
(-1.38781e-107 -1.10329e-07 -1.54585e-07)
(1.38794e-107 4.92295e-08 -1.37386e-07)
(-2.20286e-113 4.85204e-09 7.68226e-08)
(-1.03596e-114 -5.93994e-09 1.15074e-07)
(-5.00316e-129 -3.25274e-09 2.97254e-08)
(1.16127e-140 -1.66245e-08 1.81148e-07)
(-1.12633e-140 -3.33395e-08 6.46618e-08)
(5.63329e-142 5.59641e-08 2.14021e-07)
(-1.15003e-143 -1.57507e-08 2.52929e-07)
(-2.14886e-167 -4.94964e-08 -4.89091e-07)
(2.41607e-174 7.67725e-08 2.4019e-07)
(-6.58777e-177 -2.18605e-08 4.81673e-08)
(2.52352e-179 4.76169e-08 2.41282e-07)
(-9.96241e-183 -4.59993e-09 1.36848e-07)
(3.55485e-297 -5.57047e-08 4.62425e-07)
(8.52101e-305 -4.13949e-08 1.6552e-07)
(-4.72423e-306 -1.01521e-08 2.39207e-07)
(3.16481e-307 7.52756e-08 1.00709e-07)
(-4.54506e-309 -9.5676e-09 1.73442e-07)
(0 -3.59324e-08 -2.45965e-07)
(0 -4.707e-09 2.52228e-07)
(0 -2.06726e-08 3.05655e-07)
(0 2.93448e-08 2.55561e-07)
(0 1.31348e-09 2.25292e-09)
(2.75364e-24 2.37221e-08 -2.40908e-07)
(1.69431e-27 2.00092e-08 -3.97771e-08)
(-2.49341e-31 1.52075e-08 -2.32554e-07)
(2.72895e-36 1.03046e-08 4.62984e-08)
(8.3454e-38 2.61148e-09 4.27409e-08)
(-2.40811e-44 -8.26786e-09 8.41096e-09)
(6.16395e-46 -5.99614e-09 8.59939e-09)
(-3.28963e-48 3.24396e-08 -7.10556e-07)
(3.51596e-71 -9.10989e-08 2.11193e-08)
(-9.20865e-65 8.14801e-08 6.55613e-08)
(9.70703e-67 -6.43079e-09 8.22036e-08)
(-1.36924e-72 -3.3018e-09 2.12208e-08)
(3.87781e-102 -3.71599e-08 -1.94199e-08)
(1.47099e-106 -1.30624e-07 1.25417e-07)
(-1.80119e-106 1.17826e-07 1.79443e-07)
(2.85826e-107 1.54655e-08 2.65026e-08)
(-6.78117e-108 2.77762e-09 4.50999e-08)
(5.17712e-131 -6.31971e-09 2.03253e-08)
(-3.18796e-138 -9.68114e-08 4.98192e-08)
(-1.40384e-139 7.06198e-08 1.66544e-08)
(-1.02507e-141 6.03478e-09 5.10005e-08)
(1.25137e-143 2.34609e-08 -1.27523e-08)
(-2.526e-147 -1.2711e-07 2.20137e-07)
(-2.6997e-173 -2.27861e-08 5.62979e-08)
(3.76789e-175 7.42746e-08 1.94419e-08)
(-2.1265e-177 -6.02854e-09 4.97109e-08)
(-2.23271e-192 9.8869e-09 -5.24882e-09)
(-1.88205e-298 -4.40886e-08 -2.39934e-08)
(-1.57389e-305 2.84677e-08 2.43306e-08)
(7.03922e-308 -2.02871e-09 4.69541e-08)
(3.3077e-309 -3.41058e-09 -9.79303e-10)
(-3.45354e-311 1.35391e-08 -1.27695e-09)
(0 4.25059e-08 -5.5472e-07)
(0 1.12906e-08 2.21725e-08)
(0 2.41452e-08 6.34507e-08)
(0 1.43185e-09 5.95927e-08)
(0 1.08361e-08 9.35775e-10)
(-2.17072e-24 4.7288e-08 2.62353e-07)
(-7.51478e-32 -1.40617e-08 7.19491e-08)
(6.25743e-31 2.28586e-08 -5.0439e-07)
(0 0 0)
(-2.64458e-39 -3.25927e-08 8.63145e-09)
(5.22132e-46 4.17508e-09 -6.30554e-09)
(-1.15304e-47 2.59428e-08 1.60811e-08)
(1.22396e-54 -5.01599e-08 3.88115e-07)
(-4.10522e-56 -2.96523e-08 5.40278e-09)
(4.11336e-57 6.13997e-08 5.82772e-09)
(-7.51085e-59 -3.38592e-09 2.12342e-08)
(2.156e-80 7.62093e-09 3.07114e-08)
(-8.13898e-113 -1.61359e-07 -1.1426e-08)
(6.7808e-113 9.83694e-08 9.64842e-08)
(-1.60348e-112 1.21156e-07 6.95035e-08)
(4.78424e-115 -1.33878e-08 4.03561e-10)
(9.2048e-115 1.09453e-08 3.58559e-08)
(-3.83495e-122 -3.05113e-08 3.02514e-08)
(1.19059e-129 -2.72972e-08 -1.23352e-08)
(-3.30955e-131 1.41162e-09 3.70704e-09)
(2.91982e-133 3.74253e-08 7.5173e-09)
(-1.17065e-135 1.39095e-08 3.07498e-08)
(3.30725e-139 4.50692e-08 7.51811e-07)
(-1.16567e-196 -4.75372e-08 8.38076e-09)
(6.40512e-194 2.8427e-08 -8.84824e-09)
(-1.6717e-185 -1.56313e-08 1.47175e-08)
(2.53263e-194 2.71549e-08 9.22548e-09)
(0 -7.7795e-09 2.3339e-09)
(-2.21756e-314 -2.09862e-08 -4.39866e-09)
(-1.63657e-313 -2.005e-08 1.10109e-08)
(-2.82721e-317 1.83595e-08 -4.25706e-09)
(0 -2.84024e-08 1.82356e-08)
(0 3.39915e-08 3.30886e-07)
(0 0 0)
(0 -6.06633e-08 8.15178e-09)
(0 5.28094e-08 1.74448e-09)
(0 -5.74947e-10 2.43721e-09)
(7.47944e-23 1.02591e-07 1.64013e-08)
(-2.13849e-25 2.82991e-10 6.68575e-08)
(-1.44168e-26 2.13024e-08 5.89207e-07)
(1.21818e-41 -7.15412e-08 -1.0502e-07)
(-4.63792e-42 4.15672e-08 -1.35922e-07)
(1.83092e-47 -1.10978e-07 9.26723e-09)
(-2.72733e-46 1.8938e-07 -1.37401e-08)
(8.19085e-56 -2.67492e-08 2.31884e-07)
(-9.81072e-69 -1.19347e-07 -6.39757e-08)
(2.60288e-71 9.92731e-08 -1.57104e-07)
(-1.5951e-74 4.42076e-08 -9.42145e-08)
(2.96573e-79 1.49163e-08 -2.06486e-07)
(-5.2478e-104 1.49765e-08 -3.98631e-07)
(-1.51476e-105 -2.22493e-07 -4.32054e-08)
(-2.15146e-111 2.57209e-07 -1.21772e-07)
(2.4281e-114 -2.52725e-07 -5.97189e-08)
(-2.79617e-114 3.28416e-08 1.97349e-08)
(3.68276e-115 2.13573e-07 -3.01232e-08)
(1.33315e-135 -2.85844e-07 -7.08409e-08)
(-1.29182e-141 3.18624e-07 -5.05707e-08)
(6.70509e-143 -1.06007e-07 -1.46307e-07)
(-6.71887e-145 -5.18637e-07 -2.0153e-07)
(7.91265e-146 5.37542e-07 -2.23916e-08)
(1.453e-169 -1.82678e-07 -2.76279e-07)
(-1.9784e-177 2.36073e-07 -6.50003e-08)
(-3.98619e-187 -4.78614e-08 -1.75692e-07)
(3.61418e-191 4.34602e-09 -2.40639e-07)
(1.94137e-221 -2.372e-07 -3.97442e-07)
(-1.96976e-229 -6.35946e-08 -2.10855e-07)
(-3.44789e-305 1.9746e-07 -1.15827e-07)
(3.07824e-307 4.54188e-08 -1.03119e-07)
(-1.06776e-309 1.45671e-07 -3.03701e-07)
(0 -1.07373e-08 4.49921e-07)
(0 -1.30198e-08 -2.80538e-07)
(0 -8.11822e-08 -7.62543e-08)
(0 -1.12095e-07 1.38539e-08)
(0 2.21505e-07 -8.66814e-08)
(-3.11282e-24 2.8735e-10 -4.21402e-08)
(2.03212e-25 4.3928e-08 -2.11839e-07)
(2.59114e-31 -8.17619e-08 -5.22924e-07)
(-1.26617e-34 3.17512e-08 -2.92129e-07)
(4.69409e-35 4.44353e-08 -2.73894e-07)
(-3.79809e-36 2.58634e-08 -6.35949e-08)
(1.40206e-38 1.64138e-08 -1.73472e-07)
(-5.58366e-54 -4.93453e-08 -3.6516e-07)
(-1.38309e-61 2.67103e-08 -2.40099e-07)
(1.57372e-63 -8.02119e-08 -3.11999e-07)
(-1.54972e-65 1.41281e-07 -2.28224e-07)
(-1.19649e-76 1.00296e-08 -1.57419e-08)
(6.15715e-102 -3.6673e-08 -9.92021e-08)
(-2.78556e-104 -6.28485e-08 -2.2618e-07)
(-2.81001e-111 -1.56176e-08 -2.73428e-07)
(-1.47102e-112 5.98986e-08 -1.28042e-07)
(5.58251e-114 3.08488e-08 -2.61347e-07)
(0 0 0)
(-4.1492e-135 -9.73578e-10 -2.27456e-07)
(2.77421e-139 -3.77481e-08 -8.09512e-08)
(-7.12433e-141 2.11238e-08 -2.53618e-07)
(7.05186e-142 5.49127e-08 -1.36025e-08)
(-3.03503e-145 2.25318e-08 -2.11605e-07)
(-4.81123e-168 -1.28209e-07 1.63326e-07)
(-2.70365e-170 8.62516e-08 -7.25602e-08)
(1.88449e-182 -1.45793e-08 1.2759e-09)
(-1.88446e-182 8.36475e-08 1.01878e-07)
(-1.30028e-211 -1.73119e-07 6.42151e-08)
(1.82528e-226 -6.46675e-08 5.96679e-08)
(-8.65131e-230 9.58029e-09 5.19354e-09)
(-1.01245e-305 8.87017e-08 -9.77189e-08)
(4.97339e-309 8.19556e-08 2.28262e-07)
(0 -6.98182e-08 -3.49907e-07)
(0 6.03056e-08 -5.7995e-08)
(0 -1.11753e-07 -2.63915e-07)
(0 2.41968e-08 -1.02086e-07)
(0 3.55065e-08 -2.21877e-07)
(-5.49244e-24 4.65009e-09 -1.49878e-07)
(-7.56839e-31 -1.98066e-08 1.05807e-07)
(-3.43257e-33 -3.02424e-08 5.82732e-07)
(1.18675e-40 -3.1295e-08 7.85772e-08)
(-3.71369e-41 -1.74512e-08 5.72039e-08)
(-1.36423e-43 -1.28311e-09 1.44552e-08)
(-4.69268e-46 2.27797e-09 1.58615e-07)
(7.37393e-53 -1.78985e-09 5.19608e-07)
(4.68172e-61 -5.44055e-08 6.79269e-08)
(-4.9864e-63 -7.4539e-09 1.86541e-08)
(1.574e-68 3.04809e-08 -1.14807e-09)
(-1.57398e-68 8.11567e-09 -2.17759e-08)
(4.0578e-94 6.93982e-08 -2.04428e-07)
(3.13879e-101 -2.04132e-08 -2.6712e-08)
(-6.90255e-110 -5.22554e-08 3.73714e-08)
(-3.06723e-111 8.36258e-08 -7.39419e-08)
(1.67506e-113 2.13961e-08 1.11418e-07)
(-4.93442e-130 -1.14833e-07 3.44502e-08)
(6.38093e-130 6.9582e-08 8.35886e-09)
(-1.47598e-130 -2.48208e-08 8.56049e-09)
(2.98475e-132 -3.39327e-08 5.46472e-08)
(-3.75654e-134 5.24821e-08 9.58544e-08)
(7.30343e-152 1.51779e-08 2.04187e-07)
(-8.84509e-161 1.50638e-08 1.86096e-07)
(-1.95117e-163 -1.67161e-08 -1.61674e-08)
(-2.13989e-186 -6.30063e-08 -7.36502e-08)
(-6.74464e-191 2.7529e-08 1.67418e-07)
(-2.67499e-199 1.86895e-08 3.40686e-07)
(9.06285e-235 -4.90819e-08 -2.15261e-09)
(-2.78696e-311 2.40837e-08 -1.41763e-07)
(1.04479e-313 1.64543e-08 5.77442e-08)
(1.66168e-317 -1.85141e-08 1.3108e-07)
(0 -1.05442e-08 -2.65749e-07)
(0 -1.56244e-08 2.86579e-07)
(0 6.00639e-08 -6.61519e-09)
(0 2.85747e-08 -1.29323e-07)
(0 1.54285e-08 1.40842e-07)
(6.52263e-24 3.76865e-08 3.15137e-08)
(3.73526e-31 -9.01529e-08 1.41591e-07)
(1.46216e-37 1.2303e-07 1.08395e-07)
(-2.43781e-41 -2.81251e-08 2.3443e-07)
(5.34922e-42 -4.79781e-08 2.12613e-07)
(6.60248e-45 -1.10123e-08 3.70643e-08)
(1.03171e-45 -4.45862e-08 5.22631e-08)
(-9.3337e-47 6.77416e-08 -2.4635e-07)
(-8.43773e-68 -2.0483e-09 2.20477e-07)
(3.03861e-70 -6.07918e-08 2.49805e-07)
(-1.97032e-74 2.06636e-08 2.7743e-07)
(1.16152e-76 4.82143e-09 1.09527e-07)
(-4.12463e-85 -9.51758e-08 1.22842e-07)
(1.19831e-87 -1.72278e-08 2.44244e-07)
(2.32619e-117 -7.77897e-08 1.96748e-07)
(-1.45061e-117 2.86665e-08 2.03871e-07)
(1.1249e-119 3.17086e-08 1.11043e-07)
(-1.95242e-135 -1.42647e-07 -6.77354e-07)
(2.60593e-135 1.74782e-08 2.51074e-07)
(-2.14965e-138 3.86588e-08 6.52704e-08)
(1.19385e-139 4.24545e-08 2.56579e-07)
(-6.76699e-142 1.63173e-08 1.12398e-07)
(-1.13098e-153 8.01064e-08 -7.82193e-07)
(-2.91582e-162 3.82497e-08 -2.58182e-08)
(2.496e-170 -6.61926e-09 7.07539e-08)
(2.66535e-178 3.19957e-08 1.393e-07)
(8.81396e-193 -4.4295e-08 -6.76551e-08)
(2.38161e-206 7.85192e-08 -1.55706e-06)
(1.12669e-310 -4.0908e-08 1.03701e-07)
(1.88862e-313 -1.69514e-08 1.5738e-07)
(-2.64521e-316 -1.27501e-08 3.54908e-08)
(0 2.55417e-08 -3.91508e-08)
(0 3.98829e-08 3.48954e-07)
(0 -1.72808e-09 4.95239e-08)
(0 -2.37945e-08 2.54499e-07)
(0 9.93371e-10 1.95951e-07)
(0 1.02691e-09 1.36029e-07)
(-3.03277e-24 5.69773e-08 3.65619e-09)
(5.51088e-28 -5.15203e-09 1.03583e-08)
(-4.43998e-35 4.07005e-08 -5.53202e-07)
(1.87583e-42 -1.13394e-08 6.60227e-08)
(-3.50767e-43 -6.97535e-08 6.00155e-08)
(-1.22412e-48 7.65844e-08 2.13434e-08)
(-7.02444e-51 1.2248e-08 -2.44396e-09)
(-4.92133e-53 4.24551e-08 2.84632e-07)
(7.75095e-70 -2.25499e-08 5.28393e-08)
(-2.33266e-72 -1.02222e-07 1.03712e-07)
(5.24134e-77 7.93341e-08 8.3539e-08)
(-2.32606e-79 2.95409e-08 1.2479e-07)
(-4.18153e-87 2.08918e-08 4.10093e-07)
(1.39884e-101 3.74287e-08 1.47362e-07)
(7.17692e-110 -9.57343e-08 7.87079e-08)
(-2.16586e-110 9.13041e-08 3.68434e-08)
(8.58791e-112 1.50406e-08 5.97204e-08)
(1.95242e-135 1.36409e-08 6.51282e-07)
(-6.43919e-136 4.58951e-09 6.82554e-08)
(6.40609e-142 -3.09425e-08 1.31093e-08)
(-5.27732e-142 5.01898e-08 5.62327e-08)
(3.41129e-145 6.98004e-09 3.35535e-08)
(1.03472e-155 -1.32153e-07 8.48019e-07)
(-5.47908e-172 -2.06237e-08 1.53533e-08)
(-6.35938e-173 -2.50893e-09 8.56428e-09)
(-6.21283e-181 -1.00604e-07 6.86659e-08)
(1.6159e-183 4.19469e-09 -4.80214e-09)
(-2.51335e-186 7.26459e-08 1.71334e-06)
(-4.51007e-313 1.73592e-09 3.01184e-08)
(-3.85747e-316 -1.71224e-08 7.9357e-08)
(4.94066e-324 1.76517e-09 1.02375e-08)
(0 2.87139e-08 1.75018e-08)
(0 3.84949e-08 -7.32164e-08)
(0 0 0)
(0 -3.96274e-08 8.91955e-08)
(0 1.6624e-08 4.94751e-08)
(0 1.29373e-08 -1.758e-09)
(1.34903e-22 8.29437e-07 1.18389e-07)
(3.86643e-30 -6.12332e-08 -4.5832e-07)
(5.19102e-35 -4.99424e-08 -5.67269e-08)
(-1.47718e-32 -5.03017e-07 -3.18653e-07)
(4.63755e-32 1.63799e-08 -2.83838e-07)
(-3.16024e-32 6.44555e-07 -1.42136e-07)
(-1.5465e-38 -2.52321e-08 -2.86311e-07)
(0 0 0)
(3.27601e-65 -2.16073e-07 -1.81786e-07)
(-2.88948e-68 -3.5399e-07 -4.6977e-07)
(1.63237e-73 5.69991e-07 -2.37965e-07)
(-5.75338e-76 3.67485e-08 -2.73954e-07)
(1.30519e-80 -7.53992e-09 1.62147e-07)
(1.06343e-124 -2.44286e-07 -4.25837e-08)
(3.88223e-124 -7.29991e-07 -9.06555e-08)
(-3.94824e-124 8.46162e-07 -3.48181e-07)
(-9.97438e-125 8.19141e-08 -3.73483e-07)
(0 0 0)
(1.48396e-152 -2.0981e-07 -2.81025e-07)
(-1.94058e-158 -2.49889e-07 -1.58173e-07)
(6.97037e-155 3.52902e-07 -3.03112e-07)
(-9.9554e-159 1.15377e-07 -2.26905e-07)
(-5.16331e-285 -1.66677e-07 4.64501e-08)
(7.1213e-285 -3.53527e-08 -2.21479e-07)
(-1.9685e-285 2.82201e-07 -2.16398e-07)
(1.17205e-287 -2.47831e-07 -2.34531e-07)
(-1.20754e-288 1.95675e-07 -1.38862e-07)
(4.84214e-292 2.18897e-08 -1.6125e-07)
(5.20999e-311 -2.15042e-07 -1.31263e-07)
(5.32384e-314 3.14256e-07 -2.15301e-07)
(-6.91692e-322 -3.07998e-07 -9.5629e-08)
(-2.59161e-317 -1.63369e-08 -9.31858e-08)
(0 2.40666e-07 2.6815e-07)
(0 -5.02094e-08 -2.55951e-07)
(0 -3.06513e-08 -2.8428e-07)
(0 1.24751e-07 -7.34347e-08)
(0 6.87842e-10 -4.27568e-07)
(-5.41471e-23 -1.52127e-08 -1.33476e-08)
(-2.6551e-30 8.64392e-08 2.41924e-07)
(-5.37091e-35 2.78979e-08 1.89914e-07)
(1.84908e-35 -1.09474e-07 5.94251e-08)
(-9.79432e-36 -1.31282e-07 6.82448e-08)
(8.28267e-37 2.66723e-08 -4.2701e-08)
(-3.00381e-38 7.29257e-08 -8.85919e-08)
(-7.5029e-46 1.33558e-08 -1.268e-07)
(-5.19369e-64 -1.16786e-07 -7.59512e-08)
(9.83384e-67 -6.68197e-08 -3.11262e-08)
(-7.63089e-73 2.0955e-07 -5.06528e-08)
(6.24937e-85 -9.31394e-08 5.06366e-09)
(0 0 0)
(-2.20913e-120 -6.92673e-10 -2.30891e-09)
(8.48243e-129 -1.94831e-07 -6.23198e-08)
(-3.65497e-129 9.65035e-08 3.07859e-08)
(-2.54925e-129 1.51724e-07 2.32477e-07)
(-3.36709e-132 5.92518e-09 -1.77749e-09)
(-4.1479e-152 -1.40173e-07 1.66179e-07)
(-9.87607e-158 -5.77629e-08 5.17921e-09)
(-9.71834e-154 1.85865e-07 3.66151e-08)
(2.40952e-157 4.04738e-08 -4.35383e-08)
(2.33103e-167 3.43638e-08 -4.48717e-07)
(-3.30311e-291 -8.34911e-08 3.56108e-08)
(-1.81643e-293 -1.18314e-07 9.64674e-09)
(-4.49195e-294 9.22389e-08 9.42712e-08)
(1.40925e-295 2.72887e-08 3.04626e-09)
(-6.77151e-292 8.28429e-08 -9.96641e-07)
(-4.31032e-310 -4.0125e-08 5.11596e-08)
(-9.7676e-313 -1.24843e-07 7.86444e-08)
(-9.74297e-321 1.30625e-08 -1.1234e-07)
(1.65953e-315 6.49242e-08 4.55086e-08)
(0 -8.48378e-09 2.96993e-09)
(0 5.83328e-08 -1.02809e-07)
(0 -1.61341e-07 1.81932e-08)
(0 6.28187e-08 2.30385e-08)
(0 6.68239e-09 4.63821e-08)
(1.88416e-22 -4.0482e-09 1.30827e-08)
(2.20731e-26 1.1212e-08 1.95786e-07)
(1.07366e-34 -5.99637e-08 -2.59288e-07)
(1.06689e-35 -3.81912e-09 2.72753e-07)
(-1.74605e-37 3.5821e-08 2.29567e-07)
(2.44462e-38 2.79467e-08 9.18499e-08)
(-2.3625e-38 -3.71652e-09 2.79402e-07)
(1.41594e-43 -1.02821e-07 1.80533e-08)
(-7.62403e-51 6.52199e-08 2.06548e-07)
(-1.61009e-59 -1.40194e-10 3.00259e-07)
(7.1924e-76 -6.01212e-08 2.57871e-07)
(-1.89273e-83 6.99347e-09 2.15644e-07)
(1.56247e-85 7.19701e-08 2.15914e-08)
(7.24167e-119 6.81843e-10 2.27281e-09)
(-8.54482e-127 -4.53368e-08 2.91811e-07)
(2.42059e-126 -1.38532e-08 7.49394e-08)
(-1.79011e-126 -8.00094e-09 1.92639e-07)
(2.106e-127 2.66573e-08 -6.65676e-07)
(3.06991e-152 -6.70614e-09 1.88633e-07)
(-3.26072e-158 -4.90274e-08 8.96294e-08)
(5.41146e-153 -2.46725e-08 2.27809e-07)
(-9.33693e-156 -2.43369e-08 2.06128e-07)
(-7.10821e-161 5.01709e-08 4.23357e-07)
(1.95601e-292 -9.46092e-09 9.72034e-08)
(7.36852e-295 -4.01977e-09 1.05993e-07)
(1.44431e-295 -7.06004e-08 -9.19715e-08)
(-2.40139e-296 4.50379e-08 -7.27715e-08)
(1.92936e-292 -3.51512e-08 1.17877e-06)
(2.06823e-309 -4.94471e-08 -1.70324e-08)
(1.42395e-311 -2.6716e-09 -8.35058e-08)
(3.09236e-319 5.34449e-08 9.63308e-08)
(-8.61659e-314 2.55192e-08 1.7918e-07)
(0 -4.92656e-08 -4.4765e-07)
(0 5.63607e-08 2.55506e-07)
(0 2.24444e-08 2.56431e-07)
(0 6.05335e-09 1.13504e-08)
(0 1.46665e-09 3.38674e-07)
(-4.07144e-20 2.12015e-08 -3.40644e-09)
(1.69087e-26 3.2762e-08 1.13893e-08)
(-8.38178e-32 -1.87222e-08 6.64374e-07)
(7.7185e-31 1.12445e-08 4.79795e-08)
(-7.23892e-31 1.42115e-08 3.80419e-08)
(3.6e-32 -2.45977e-09 -4.20686e-09)
(-2.24484e-34 -2.61717e-08 8.21825e-08)
(2.08235e-36 3.95487e-09 1.49305e-07)
(3.20911e-64 9.80667e-09 8.08464e-08)
(3.80139e-66 6.51838e-09 7.55413e-08)
(4.21196e-74 -1.84739e-08 6.26619e-08)
(1.11075e-78 1.8996e-08 3.44019e-08)
(-3.96993e-101 2.52374e-08 -3.63268e-07)
(-1.63789e-115 -5.40562e-09 -9.71906e-09)
(6.13775e-122 -6.35329e-09 6.31467e-08)
(-2.2093e-117 7.08843e-09 -8.19719e-09)
(-1.27186e-129 -1.57199e-08 1.99267e-08)
(-2.04826e-133 5.78444e-08 -1.94593e-07)
(-4.91911e-147 -2.99677e-08 -5.30392e-09)
(5.92662e-147 1.51348e-08 7.36684e-09)
(-1.32628e-147 -2.18058e-08 3.63801e-08)
(3.21576e-148 6.49977e-09 5.51508e-08)
(-2.8276e-150 -1.61331e-08 -1.44565e-06)
(-5.68745e-294 -2.61383e-08 9.08093e-08)
(-1.18813e-296 1.33978e-08 6.6358e-08)
(-2.4637e-297 -4.91068e-08 1.29745e-07)
(1.04337e-299 6.91667e-08 1.45666e-07)
(3.02645e-297 3.84926e-08 -1.55573e-06)
(-1.26928e-304 -2.11688e-08 5.08136e-08)
(1.93533e-304 -4.28262e-09 1.15914e-07)
(-4.25174e-306 2.27387e-09 8.90221e-09)
(5.84432e-307 3.56983e-08 4.6385e-08)
(0 -3.52666e-09 3.60378e-07)
(0 -8.68978e-09 7.81012e-08)
(0 2.67403e-09 3.68352e-08)
(0 -2.53705e-11 4.57735e-09)
(0 6.52624e-09 4.00467e-08)
(6.68823e-19 1.07544e-07 -1.9289e-07)
(-3.71808e-26 1.45403e-08 4.36196e-09)
(2.79678e-44 -2.18001e-08 6.54016e-09)
(-7.42781e-44 -4.51867e-08 -4.62967e-09)
(8.42563e-44 2.93071e-08 4.48385e-09)
(-2.56215e-39 1.92727e-08 -2.18814e-09)
(9.83022e-45 1.57306e-08 2.27743e-09)
(-9.26259e-44 -1.76797e-07 -6.0701e-07)
(8.63199e-64 -1.8832e-08 1.90845e-08)
(-1.03766e-63 -6.7953e-08 -3.80865e-09)
(1.75289e-64 7.44019e-08 8.86606e-09)
(-6.86247e-66 1.40346e-08 -3.17791e-09)
(4.92492e-101 -7.65823e-08 1.50568e-07)
(-9.90732e-109 -6.33715e-08 -3.1458e-08)
(2.03765e-109 -6.74663e-09 6.25788e-09)
(-1.87134e-110 5.77636e-08 1.15669e-08)
(8.28826e-112 8.6844e-09 3.16197e-09)
(7.40721e-135 -1.01067e-07 7.2905e-07)
(-9.29951e-143 2.40425e-08 2.60935e-08)
(2.94038e-145 -1.74541e-08 -7.87942e-10)
(-8.96624e-148 -5.08465e-10 1.3971e-08)
(4.2618e-150 1.47711e-08 1.3773e-08)
(-1.39032e-152 5.94794e-08 1.44278e-06)
(5.26361e-296 -1.41885e-08 5.68225e-09)
(5.20121e-300 -7.68458e-09 7.25889e-09)
(8.69557e-300 2.18793e-08 6.39111e-08)
(-2.07988e-302 1.63981e-08 5.34848e-08)
(-3.02645e-297 -1.18173e-07 1.55981e-06)
(-1.20987e-303 -4.72064e-08 6.15299e-08)
(9.68258e-304 9.91263e-09 7.97085e-08)
(-1.11476e-304 6.0943e-08 8.51085e-09)
(4.48808e-306 3.52176e-08 1.149e-08)
(0 -1.45818e-08 -8.29717e-07)
(0 0 0)
(0 -3.65175e-08 2.9232e-09)
(0 2.30831e-08 6.22439e-09)
(0 1.08217e-08 -3.24655e-09)
(2.61312e-19 -4.09757e-07 1.11621e-07)
(-6.32616e-19 3.59484e-07 -2.94158e-07)
(-9.72607e-38 -6.53972e-07 2.06689e-08)
(-9.87953e-38 4.80825e-07 -2.91987e-07)
(2.01467e-38 2.60231e-07 -1.76334e-07)
(5.79294e-41 -3.0132e-07 -4.24598e-08)
(-4.17014e-41 2.67287e-07 -1.30136e-07)
(2.05691e-45 -3.52256e-08 -2.02299e-07)
(4.24085e-59 1.00291e-07 -9.59483e-08)
(-1.90421e-60 3.31714e-07 -2.20792e-07)
(1.76645e-64 -9.47905e-08 -3.21259e-08)
(-1.76645e-64 9.47905e-08 3.21259e-08)
(-9.54992e-102 -4.5521e-07 9.98472e-08)
(-1.31751e-93 3.21475e-07 -4.82641e-08)
(-4.60118e-108 1.99054e-07 -2.28167e-07)
(1.15515e-110 -2.94566e-07 -2.00422e-07)
(-1.15515e-110 2.56219e-07 -1.43965e-07)
(-7.32785e-137 -6.07176e-08 -2.62358e-07)
(3.85249e-144 -1.98494e-07 -1.34432e-07)
(-1.21815e-146 2.09153e-07 -1.25334e-07)
(2.1445e-148 -2.01677e-07 -1.46712e-07)
(-2.72046e-149 -6.98899e-08 -1.93322e-07)
(2.33763e-150 3.62637e-07 4.86609e-08)
(3.08203e-189 -1.83436e-07 -2.8885e-07)
(-7.00606e-192 2.33872e-07 -2.04228e-07)
(3.42216e-194 -2.28367e-07 -1.56797e-07)
(-1.03728e-195 1.58358e-07 -2.27252e-07)
(-6.84041e-210 -3.64464e-07 -2.14198e-07)
(6.85105e-214 1.13756e-07 -1.24738e-07)
(-9.87697e-220 2.18911e-07 -2.13808e-07)
(1.95466e-222 -8.12957e-08 -8.39412e-08)
(-2.17263e-227 1.74042e-07 -1.83965e-07)
(0 -1.94111e-08 9.43026e-07)
(0 -2.311e-08 -2.22461e-07)
(0 -1.72643e-07 -1.40374e-07)
(0 1.86184e-07 -5.43846e-08)
(0 1.07937e-08 -1.68906e-07)
(-1.21357e-19 -3.30829e-08 -1.0567e-07)
(-7.57621e-24 1.19311e-07 2.00675e-07)
(-1.89349e-35 -2.15813e-07 -5.04998e-08)
(2.52716e-36 -6.26783e-08 1.13155e-08)
(-1.81552e-37 1.15911e-07 3.65642e-08)
(-7.67829e-39 3.05628e-08 -7.13453e-08)
(-4.75268e-41 4.34664e-08 1.02177e-07)
(2.74848e-53 -1.67306e-07 7.96088e-07)
(-2.17603e-60 -1.11528e-07 1.32485e-07)
(2.35602e-60 2.6591e-08 -1.30898e-08)
(-2.06427e-61 6.31049e-08 -9.97174e-08)
(2.62944e-72 -2.97665e-08 -9.92215e-08)
(-8.82954e-77 -3.3575e-08 -1.91154e-07)
(2.24637e-85 -4.58049e-08 2.25675e-07)
(-8.05162e-88 7.84375e-08 4.77693e-08)
(2.63555e-116 -3.26005e-08 9.96677e-08)
(5.87678e-117 8.60349e-08 6.94524e-08)
(4.27984e-139 -1.19577e-07 3.83527e-07)
(-7.54784e-148 -7.92805e-08 1.58238e-07)
(9.32213e-152 8.90304e-10 -1.10919e-07)
(-2.61151e-152 8.69303e-08 6.16514e-08)
(6.3845e-156 7.79609e-08 5.07447e-08)
(7.55594e-163 -3.35995e-08 -8.18848e-07)
(-1.20069e-187 -5.3472e-08 1.60166e-07)
(4.53898e-190 1.70863e-08 2.02679e-08)
(-2.81824e-192 -9.67862e-08 2.69746e-08)
(2.81058e-194 1.22099e-07 5.56043e-08)
(2.10458e-203 4.28516e-08 -2.17494e-07)
(-1.36162e-206 -3.07186e-08 1.19723e-07)
(8.26859e-228 -1.08056e-07 2.75388e-08)
(1.2818e-233 5.59796e-08 -7.19677e-08)
(-3.85331e-236 4.53646e-08 9.6384e-09)
(0 2.2421e-08 -9.65981e-07)
(0 2.16477e-08 -4.71486e-08)
(0 -1.16075e-07 5.3863e-08)
(0 6.25246e-08 -2.39109e-08)
(0 1.64435e-08 -3.34938e-08)
(1.66729e-19 5.53043e-08 6.17319e-08)
(1.36615e-23 -3.18986e-08 1.63859e-07)
(1.90328e-35 3.13154e-08 2.05864e-07)
(-9.22782e-36 -7.85846e-08 1.84622e-08)
(1.04588e-36 1.00262e-07 -1.05319e-07)
(7.77732e-38 -1.04269e-08 2.58969e-08)
(1.61705e-40 3.0436e-08 6.47043e-08)
(0 0 0)
(8.67778e-63 -5.71305e-08 3.88384e-08)
(-1.71948e-63 4.02827e-08 -1.80635e-07)
(1.73909e-68 -4.48794e-08 -1.40213e-07)
(4.60983e-72 -1.30203e-08 -1.78353e-07)
(1.82022e-76 9.92118e-08 2.10844e-07)
(-2.23713e-93 -3.88075e-08 2.27799e-08)
(-8.03896e-116 -2.66214e-09 -7.95353e-08)
(-1.88044e-117 -2.84022e-08 4.47874e-08)
(-3.36278e-118 5.90435e-09 6.61331e-08)
(-1.84623e-125 1.46549e-08 4.80997e-09)
(2.07684e-147 -3.62821e-08 7.27193e-08)
(5.47541e-149 1.59064e-08 2.23049e-08)
(1.12344e-150 -5.95056e-08 -1.05919e-07)
(-6.21474e-157 2.34699e-08 -3.57565e-08)
(1.15347e-160 8.14344e-08 4.9157e-07)
(1.77646e-184 -2.12786e-08 1.54336e-07)
(-2.4063e-188 -1.78327e-09 -1.40521e-07)
(2.03902e-190 -7.5258e-08 -1.67084e-07)
(-1.70948e-192 -5.85704e-08 2.02772e-07)
(8.73393e-200 1.00501e-07 3.3736e-07)
(-2.87215e-214 -2.38365e-09 -5.19283e-09)
(4.08443e-222 -3.45591e-08 -9.41629e-08)
(-7.93631e-225 -1.19918e-08 1.07723e-07)
(6.15605e-228 5.39689e-08 1.59063e-07)
(0 -9.53035e-08 9.87845e-07)
(0 6.00766e-08 1.64349e-07)
(0 1.2503e-08 -1.48505e-07)
(0 1.21041e-08 7.18912e-09)
(0 2.60148e-08 -3.51197e-09)
(-5.39582e-20 -1.01351e-09 7.20328e-09)
(-2.97513e-24 3.64063e-08 -1.39941e-08)
(-2.50823e-30 -1.37392e-07 -6.20107e-07)
(1.28351e-30 -9.82733e-08 1.20637e-07)
(1.07639e-30 1.24408e-07 1.31432e-07)
(1.48311e-31 1.86418e-08 2.86267e-08)
(-1.62918e-40 -6.55887e-09 -1.29939e-09)
(-5.83657e-51 2.3375e-08 -7.9657e-07)
(1.00475e-60 1.21948e-08 3.92761e-08)
(1.23615e-66 -2.30557e-08 1.69898e-07)
(5.96695e-67 4.68569e-10 2.13325e-07)
(7.49091e-71 1.14004e-08 1.77387e-07)
(-1.11491e-68 3.62041e-08 -9.08387e-07)
(-4.28441e-116 -5.93387e-08 2.86133e-08)
(4.75356e-117 3.16621e-08 1.52153e-07)
(6.8228e-119 -2.00071e-09 3.80413e-08)
(9.3125e-120 3.80974e-08 -3.073e-08)
(4.73126e-135 -4.33671e-09 -1.40017e-06)
(-1.17923e-141 -1.07172e-07 2.43736e-08)
(5.15624e-142 8.11098e-08 2.30662e-08)
(-1.00084e-143 1.33955e-08 1.59216e-07)
(1.79235e-154 4.6023e-08 9.36862e-08)
(-1.66246e-167 1.06724e-08 9.76729e-08)
(-9.10476e-177 -3.74867e-08 2.88815e-08)
(1.54044e-179 2.77012e-08 1.70096e-07)
(-7.32293e-183 -1.67081e-08 1.02359e-07)
(6.32795e-185 2.04397e-08 9.33614e-08)
(-6.19679e-225 -6.94721e-08 6.99461e-08)
(2.33552e-216 2.52203e-08 8.11486e-08)
(3.24384e-226 1.65548e-08 1.15966e-07)
(-9.04446e-231 -3.21217e-08 9.13476e-10)
(-3.32733e-234 -3.84876e-08 1.56389e-08)
(4.94875e-238 1.69515e-08 -1.39714e-06)
(0 -2.46159e-08 8.13877e-08)
(0 4.89497e-10 1.47907e-07)
(0 -2.09094e-08 5.38168e-08)
(0 2.92145e-08 1.61243e-07)
(3.78789e-21 3.79043e-08 2.42765e-08)
(5.5865e-25 2.2406e-08 2.18539e-08)
(2.14755e-35 6.10838e-08 6.00991e-07)
(2.27397e-36 6.41123e-09 3.80034e-08)
(1.77517e-36 -4.76513e-08 7.45386e-08)
(-1.23699e-42 1.80017e-08 -5.22475e-09)
(4.72406e-41 2.38255e-08 1.483e-08)
(5.83657e-51 -1.20676e-07 7.85746e-07)
(1.73779e-57 6.70647e-08 2.12558e-08)
(-1.78291e-61 -3.5206e-08 1.34155e-07)
(2.93105e-61 -1.87012e-08 2.86333e-08)
(-1.24788e-61 3.21112e-08 4.11888e-08)
(9.97229e-63 1.15689e-08 8.58796e-08)
(1.65517e-118 -6.45473e-08 1.21625e-08)
(-8.81493e-119 6.77229e-08 1.42158e-09)
(-1.14604e-120 -4.27759e-08 2.20021e-08)
(-2.34083e-121 5.36255e-08 4.68231e-08)
(-4.73126e-135 -4.35263e-08 1.41453e-06)
(9.26867e-142 -3.51479e-08 -3.89213e-09)
(-4.7817e-143 9.78657e-09 7.76549e-09)
(1.24997e-144 3.75574e-08 7.6058e-08)
(-1.40733e-146 1.26476e-08 3.92964e-08)
(9.12289e-170 1.39269e-07 -1.00131e-06)
(-1.89902e-185 1.57552e-09 5.25173e-09)
(-2.82305e-189 -4.79366e-08 8.12015e-08)
(1.9057e-190 6.32739e-08 1.3531e-07)
(3.0742e-193 6.43791e-09 2.13377e-08)
(3.35881e-233 -3.44293e-08 -6.01227e-08)
(-6.91792e-243 -9.40653e-09 1.787e-08)
(1.14768e-233 2.41348e-08 8.69221e-08)
(-5.81186e-240 4.69346e-09 2.14125e-08)
(1.61113e-241 -1.8304e-08 1.31758e-08)
(0 1.17285e-07 1.40821e-06)
(0 1.12946e-09 1.83468e-08)
(0 -4.70381e-08 8.10798e-08)
(0 6.0512e-09 1.14684e-08)
(0 3.20981e-08 4.01799e-08)
(7.27811e-18 -3.50938e-07 -7.72363e-08)
(-5.25603e-18 3.34773e-07 -6.79189e-08)
(2.01844e-35 -2.44098e-07 -4.80233e-07)
(-5.20022e-37 2.09652e-07 -1.33259e-07)
(-1.77429e-36 7.07361e-08 -1.59955e-07)
(1.59209e-40 -2.37136e-07 -5.50462e-08)
(1.3933e-41 3.84459e-07 1.93316e-08)
(-7.74274e-42 1.82616e-08 -2.33765e-10)
(-1.74826e-78 2.94682e-08 -1.43872e-07)
(1.75731e-75 9.15271e-09 -1.81859e-07)
(-1.46432e-68 -1.44594e-07 -3.89831e-08)
(-1.01941e-75 1.85448e-07 3.34657e-08)
(1.34152e-68 5.43925e-09 8.34501e-07)
(-6.55273e-112 -6.36374e-08 -1.14161e-07)
(-8.2344e-118 -3.5106e-07 -1.28879e-07)
(1.03859e-118 4.58193e-07 4.64956e-08)
(-3.39245e-122 9.03327e-09 -1.85046e-07)
(0 0 0)
(-3.76233e-185 -2.67634e-07 -1.07774e-07)
(2.28652e-184 3.19011e-07 -9.57046e-08)
(-1.12079e-181 -6.69659e-08 -2.12687e-07)
(7.07861e-180 -4.98889e-07 8.37337e-08)
(-4.44758e-172 4.34036e-07 6.1263e-07)
(5.57071e-214 -2.71682e-07 -2.56648e-07)
(1.53487e-232 3.38995e-07 -2.57819e-07)
(-1.9398e-245 -2.22165e-07 -1.46571e-08)
(-4.10361e-247 2.18086e-07 1.05914e-09)
(0 -4.38868e-08 -1.31659e-08)
(0 -1.29452e-07 -1.30991e-07)
(0 2.5327e-07 -2.07431e-07)
(0 -2.00286e-07 -8.01008e-08)
(0 1.66293e-07 -1.60088e-07)
(0 1.58826e-08 -5.32207e-09)
(0 -1.04407e-08 -2.0283e-07)
(0 -1.99897e-07 -6.12181e-09)
(0 1.79632e-07 -7.62239e-09)
(0 2.28656e-08 -5.54813e-10)
(-1.00701e-18 -5.59277e-08 -6.11613e-08)
(-1.73581e-23 8.5722e-08 7.74366e-08)
(-3.02711e-31 -2.26286e-07 8.10144e-09)
(2.09314e-30 -5.02957e-08 -3.66769e-07)
(-2.23589e-30 -9.29869e-08 -3.53107e-08)
(9.85825e-31 6.56696e-08 -5.98789e-08)
(-5.40489e-31 3.414e-08 -6.38984e-09)
(1.01636e-44 6.63701e-09 -1.1947e-06)
(5.4216e-84 -4.87471e-08 6.65981e-08)
(1.58977e-82 -1.07223e-07 6.76897e-08)
(1.44759e-74 9.08797e-10 -3.52191e-08)
(-3.17142e-80 3.71675e-08 -4.75684e-08)
(-6.62203e-113 -5.45466e-08 -1.63637e-08)
(7.12588e-112 2.63873e-08 7.82982e-08)
(6.97941e-114 -1.20904e-07 -2.44704e-07)
(-3.95087e-114 9.50163e-08 -1.43334e-07)
(1.16197e-115 1.00149e-08 6.19615e-08)
(-1.26895e-118 3.19696e-08 -1.08966e-06)
(2.02265e-188 -3.4236e-08 6.27566e-08)
(-6.50999e-186 -5.40238e-08 -5.04554e-08)
(5.25017e-184 -6.86308e-10 4.12595e-08)
(-3.40415e-182 3.81465e-08 4.17396e-08)
(7.36492e-175 3.92164e-08 3.78309e-07)
(-1.09154e-211 -1.49045e-08 1.47718e-07)
(-1.22304e-226 -5.83314e-08 -8.60878e-08)
(-3.27248e-239 -1.05779e-07 -1.23617e-07)
(9.36451e-244 5.37897e-08 -1.23899e-07)
(1.62776e-245 8.87015e-08 -1.15765e-06)
(0 -5.43427e-08 9.21878e-08)
(0 -9.16574e-08 4.11878e-08)
(0 4.30119e-08 -7.82871e-08)
(0 6.17133e-08 -1.534e-08)
(0 -3.81215e-09 -1.61533e-06)
(0 2.35801e-08 -1.34885e-07)
(0 -8.47646e-08 -1.65289e-07)
(0 3.08023e-08 -1.02795e-07)
(0 1.47615e-08 -2.05222e-07)
(9.50492e-19 1.26958e-08 4.5738e-08)
(2.90136e-23 3.70237e-08 7.06529e-08)
(1.50044e-33 2.0684e-08 5.11185e-07)
(4.98828e-35 6.99553e-09 -3.11708e-09)
(3.18382e-36 5.27994e-08 3.89699e-08)
(3.96922e-37 -3.11145e-08 9.47349e-09)
(9.00256e-39 -8.66895e-09 2.20715e-08)
(-3.26931e-44 1.73463e-08 6.20541e-07)
(-7.6576e-84 -6.01112e-08 -1.46036e-07)
(-9.24898e-86 1.10181e-08 -5.73943e-08)
(-1.44759e-74 3.64306e-08 5.75527e-08)
(-1.71167e-86 2.45897e-08 1.96006e-09)
(1.19855e-98 -9.48221e-08 2.35827e-08)
(-2.49246e-105 9.23313e-08 -1.96947e-07)
(-2.44781e-119 -2.91776e-08 -8.72164e-08)
(1.46885e-120 -2.69036e-08 -1.35047e-07)
(1.01801e-121 4.35951e-08 9.69423e-08)
(4.9677e-123 -3.38299e-08 1.09022e-06)
(-1.31972e-194 -4.8644e-08 -9.96631e-08)
(-2.65598e-193 -7.56071e-08 4.52852e-08)
(-1.08948e-189 -5.39257e-08 -9.06546e-08)
(2.52938e-188 6.59409e-08 6.90246e-09)
(-2.95524e-195 4.7169e-08 -6.50447e-08)
(1.40554e-209 -5.17503e-08 1.80056e-07)
(-3.22701e-218 1.81265e-08 -2.32892e-08)
(3.13052e-222 -1.36323e-07 -1.99936e-07)
(9.58491e-234 4.48084e-08 1.46355e-07)
(2.47032e-238 4.10544e-08 7.67932e-07)
(0 -3.23006e-08 -8.67967e-08)
(0 -4.07664e-08 -8.29079e-08)
(0 -1.64832e-08 1.31465e-07)
(0 6.25345e-08 1.59986e-07)
(0 -4.72095e-08 8.17353e-07)
(0 4.0487e-08 2.32856e-07)
(0 4.51866e-08 -1.37686e-07)
(0 2.70783e-08 -1.19113e-07)
(0 2.32896e-10 1.34553e-08)
(5.70246e-24 9.44675e-08 -8.81092e-08)
(-5.1606e-24 1.35517e-08 -2.29788e-08)
(-6.0602e-30 -1.16263e-07 -1.55141e-06)
(6.04912e-30 5.63778e-08 3.60979e-07)
(-2.11512e-36 1.27114e-08 1.73686e-07)
(-4.78577e-38 3.85139e-09 7.95921e-09)
(-8.50803e-40 -4.43564e-09 -1.30512e-08)
(1.19777e-44 2.43302e-08 7.78929e-08)
(3.47071e-84 -7.8224e-09 1.91647e-07)
(2.08853e-87 -5.39288e-09 9.25259e-08)
(-8.07473e-93 -1.99154e-08 -1.43034e-09)
(5.87768e-83 3.12382e-08 -6.90201e-09)
(-4.5992e-96 1.53953e-08 -2.78455e-07)
(1.4451e-104 -1.14365e-08 1.00935e-07)
(8.31486e-120 8.39255e-09 3.37354e-07)
(-1.30392e-121 -1.81534e-08 1.54283e-07)
(-9.58801e-123 -5.11014e-08 6.79392e-08)
(8.82719e-130 6.67971e-08 -2.00384e-08)
(5.76453e-197 -1.04131e-08 1.26267e-07)
(2.12596e-196 -4.08171e-08 3.77431e-08)
(2.00825e-191 -6.97104e-08 1.32228e-07)
(-2.95007e-190 9.71206e-08 9.05824e-08)
(1.65121e-197 -7.6736e-09 9.03243e-08)
(-4.22107e-203 1.11166e-08 1.25544e-08)
(3.21805e-226 -1.3663e-08 1.56002e-07)
(3.60622e-239 1.37285e-08 2.19997e-07)
(-5.2962e-244 1.82957e-08 6.63612e-08)
(-1.56022e-245 2.96456e-08 -2.87123e-07)
(0 -2.49603e-08 1.64658e-07)
(0 1.13221e-08 9.31169e-08)
(0 -7.82394e-09 4.8628e-09)
(0 2.17339e-08 5.15041e-08)
(0 -7.62937e-08 6.96479e-07)
(0 -4.54332e-09 9.89419e-08)
(0 1.18588e-08 1.9834e-07)
(0 1.13336e-08 2.59735e-07)
(0 3.79377e-09 1.65162e-07)
(-1.21707e-24 -5.80189e-09 -5.86377e-08)
(9.43522e-25 2.41511e-08 -1.15365e-08)
(9.63016e-33 2.59484e-08 1.59242e-06)
(3.50882e-36 2.6247e-09 1.92302e-08)
(5.876e-37 -3.14366e-08 9.18072e-08)
(2.07329e-40 9.61891e-09 6.65329e-09)
(6.75674e-41 7.70339e-09 1.69036e-08)
(-1.96566e-45 3.94587e-08 -2.45274e-07)
(2.78675e-85 4.03988e-09 1.34663e-08)
(-2.71821e-89 -1.51168e-08 9.8408e-08)
(-1.63519e-88 5.17147e-09 1.1768e-08)
(-4.09657e-80 1.68712e-08 2.46508e-08)
(-2.46187e-90 -2.1266e-08 -4.73364e-07)
(2.44166e-111 -1.22988e-08 1.52384e-07)
(-8.87276e-119 -9.91041e-09 6.76568e-08)
(4.87482e-120 2.89403e-08 6.40689e-08)
(-2.13849e-121 1.06367e-08 1.28634e-08)
(-1.38431e-176 3.9681e-08 -1.09903e-07)
(-1.83863e-199 -3.51964e-08 9.15391e-08)
(2.96846e-202 -3.04892e-08 2.02932e-08)
(-6.61097e-195 8.12648e-08 7.14653e-08)
(1.28941e-192 2.05356e-08 2.69848e-08)
(-1.13346e-192 1.16277e-08 -1.12471e-06)
(-1.54244e-210 2.74268e-09 9.14225e-09)
(1.92412e-237 -3.59696e-08 1.07193e-07)
(7.77901e-244 7.02704e-09 4.58292e-08)
(1.4718e-246 4.41407e-08 1.42808e-08)
(4.67764e-248 1.2148e-07 -8.27832e-07)
(0 -2.10947e-08 8.69508e-09)
(0 -4.70959e-08 8.17147e-08)
(0 4.15139e-08 1.91439e-08)
(0 3.28748e-08 1.19089e-08)
(0 7.05221e-08 -8.09356e-07)
(0 0 0)
(0 -4.37707e-08 6.59563e-08)
(0 -4.71319e-09 1.57259e-08)
(0 2.63559e-08 8.52203e-09)
(4.69344e-23 2.20258e-07 1.89526e-07)
(1.78253e-25 -1.0913e-07 5.5642e-08)
(-8.9575e-26 1.21152e-07 4.95492e-09)
(1.40583e-28 -5.13283e-07 -4.15692e-07)
(-1.75395e-28 4.04385e-07 -3.06827e-08)
(3.48089e-29 7.51565e-08 -1.17625e-07)
(-2.7406e-42 -8.72992e-10 5.59494e-09)
(2.15269e-46 -5.12248e-08 2.29698e-07)
(5.23863e-62 -9.5828e-08 2.73852e-08)
(7.44901e-63 2.72769e-08 -1.92659e-07)
(-8.5798e-69 -1.04872e-07 -4.3577e-08)
(5.89667e-72 1.84094e-07 3.13071e-08)
(3.71194e-93 -3.07041e-08 4.37879e-07)
(-2.13496e-106 -9.41209e-08 -1.33216e-07)
(-1.38428e-109 8.84908e-08 -1.48369e-07)
(-6.81459e-111 -1.58241e-08 -1.66634e-07)
(-6.88484e-116 6.8396e-08 -1.00077e-07)
(-1.06292e-173 -4.18217e-08 -2.60263e-07)
(-1.2086e-177 -1.61411e-07 -5.89641e-08)
(3.88188e-181 3.99483e-08 -5.41948e-08)
(-8.89047e-184 -1.23331e-07 -5.25242e-08)
(3.07707e-185 1.4863e-07 1.90383e-08)
(-3.05225e-187 1.40713e-07 8.9832e-07)
(2.29067e-281 -7.46915e-08 -7.43292e-08)
(3.63424e-274 1.10291e-07 -1.50182e-07)
(2.29372e-258 -3.2734e-07 3.4737e-09)
(-3.30505e-250 -8.14431e-08 1.34602e-07)
(-2.13347e-250 2.2673e-07 8.22197e-07)
(3.44407e-298 -2.21751e-07 -1.54202e-08)
(1.53533e-293 7.9163e-08 -3.98673e-08)
(-2.37002e-295 6.26081e-08 -1.90148e-08)
(-3.89521e-302 7.8221e-08 4.21893e-10)
(0 -3.30449e-08 9.34281e-07)
(0 -6.41453e-09 -7.13492e-08)
(0 -8.29676e-08 -1.00313e-07)
(0 -4.21123e-07 -2.41253e-07)
(0 4.62214e-07 7.13548e-08)
(2.70652e-26 1.51463e-09 -5.04876e-09)
(-6.32717e-31 1.8509e-08 -2.57645e-07)
(1.35029e-31 -3.12948e-08 -1.59651e-06)
(3.13088e-33 -2.37495e-08 6.33015e-08)
(5.74124e-34 7.10941e-08 -1.8356e-07)
(1.59561e-35 3.53886e-08 -1.65126e-07)
(7.16596e-49 1.32722e-08 -2.0244e-08)
(-1.3601e-47 -4.99781e-08 1.97658e-07)
(6.05677e-54 5.78282e-08 -2.06635e-07)
(-1.04618e-55 3.72052e-08 7.32219e-08)
(1.19413e-57 2.24213e-08 -3.8441e-08)
(-5.92817e-60 1.05952e-08 2.72668e-09)
(-3.80704e-93 -2.05824e-08 3.36443e-07)
(-8.80861e-99 -2.32291e-08 -2.77259e-07)
(1.12585e-104 -4.31017e-08 9.79534e-08)
(2.67234e-105 7.72736e-08 -1.99306e-07)
(1.24466e-123 8.99679e-09 -7.64224e-08)
(1.37208e-173 -6.5815e-08 9.64955e-08)
(3.07117e-177 -3.68817e-08 -1.82001e-07)
(-1.13339e-178 -8.77883e-08 -1.19508e-07)
(1.13322e-181 9.81539e-08 -2.83001e-07)
(-9.58611e-183 6.42249e-08 -1.05018e-07)
(9.2154e-185 2.12999e-08 1.48152e-08)
(-1.71585e-280 -2.07659e-08 -1.0501e-07)
(-1.37824e-272 -3.34721e-08 -3.46092e-07)
(-1.99993e-268 -1.06704e-07 -1.16506e-07)
(-2.81508e-276 2.65633e-08 -2.27419e-07)
(4.00851e-253 -2.80619e-08 4.70891e-07)
(9.04704e-279 6.05661e-08 -8.99011e-08)
(-5.85746e-283 -4.69786e-08 -3.22749e-07)
(7.8504e-286 3.63941e-08 -4.69582e-08)
(4.91002e-310 1.92004e-08 -3.66112e-07)
(0 0 0)
(0 2.91988e-08 -6.57847e-08)
(0 -2.85219e-08 -1.5617e-07)
(0 7.06687e-08 1.71133e-07)
(0 9.89392e-09 -4.48363e-08)
(2.91863e-23 7.90853e-08 -1.40412e-07)
(1.69314e-25 3.29996e-08 2.51221e-07)
(-1.35029e-31 3.33412e-09 1.58813e-06)
(-1.17256e-33 -1.36838e-07 2.99952e-07)
(-1.33174e-34 4.68084e-08 1.37803e-07)
(-2.31268e-36 6.76738e-08 2.19952e-07)
(1.52354e-42 1.37543e-08 2.15917e-08)
(3.51224e-49 -1.59013e-07 2.81575e-07)
(-6.35267e-57 2.94763e-08 -1.77434e-07)
(-2.55182e-63 1.18915e-08 -1.43954e-07)
(-1.68261e-65 1.10202e-09 1.22764e-08)
(3.82479e-68 9.16664e-09 -1.87332e-08)
(8.31919e-87 -4.07664e-08 -2.34801e-07)
(9.75267e-97 9.39166e-09 1.04738e-07)
(-4.01313e-99 3.42706e-09 1.3767e-08)
(-1.96091e-102 1.60804e-09 2.71679e-07)
(-6.62594e-125 1.53334e-09 1.43558e-07)
(-1.81946e-173 -4.77998e-08 -1.72121e-07)
(6.32313e-172 -5.5803e-09 2.09281e-08)
(-6.32303e-172 -1.14582e-08 6.04646e-08)
(-3.29072e-187 -5.92712e-08 -5.58624e-08)
(-9.42487e-190 8.71392e-09 1.62445e-08)
(-2.2488e-190 -1.35019e-08 1.77522e-07)
(1.59788e-279 -6.71622e-08 1.52124e-07)
(2.22839e-271 -6.60014e-09 2.58744e-07)
(1.865e-278 6.74217e-08 4.70036e-08)
(1.60791e-274 5.02653e-08 1.07277e-07)
(3.70361e-295 -8.32557e-08 -7.86193e-07)
(-1.3167e-286 6.5118e-08 -9.46988e-08)
(-2.33489e-291 3.21793e-08 -1.01821e-07)
(3.27589e-294 4.83965e-08 3.92425e-08)
(-3.26708e-311 -4.65734e-08 1.36927e-07)
(0 -5.76767e-08 -1.25333e-07)
(0 4.08866e-08 6.93162e-08)
(0 9.05221e-09 -7.00036e-08)
(0 -3.21196e-09 1.17429e-08)
(0 -9.61469e-11 -2.1129e-07)
(-2.78892e-24 4.8636e-08 -1.38076e-07)
(-6.36823e-32 -8.2775e-08 5.18248e-08)
(1.14441e-34 1.21382e-07 -1.95734e-06)
(1.39251e-34 -3.88579e-09 5.79492e-08)
(1.01134e-35 -8.73465e-08 8.34664e-08)
(1.40082e-37 2.90386e-08 6.30185e-08)
(-1.28245e-43 -5.83661e-08 -2.67144e-08)
(8.06252e-46 8.73369e-08 -2.62014e-08)
(3.93574e-62 1.17186e-08 2.61416e-07)
(3.08326e-65 -5.51002e-08 1.49694e-07)
(1.68298e-68 2.34822e-08 3.0117e-08)
(-1.17002e-70 4.54507e-08 -5.59026e-09)
(-8.97929e-79 -1.26713e-08 -6.29967e-07)
(-1.6979e-104 -6.1273e-08 2.44972e-07)
(1.31004e-108 3.72143e-08 4.41918e-08)
(-8.4991e-109 3.4405e-08 8.2998e-08)
(4.54903e-125 -5.80214e-09 3.84593e-08)
(3.40142e-173 -1.51917e-08 -1.01001e-06)
(-1.35939e-176 7.16193e-08 2.76593e-07)
(1.0462e-178 1.12175e-08 7.67096e-09)
(-7.31044e-186 -4.74036e-09 4.01367e-07)
(1.93468e-187 -6.95096e-08 6.09307e-08)
(1.52074e-193 1.61167e-07 -6.18802e-07)
(-8.46419e-278 1.46224e-08 5.7904e-08)
(-2.60819e-270 -7.58996e-08 1.88027e-07)
(-2.68098e-277 3.66923e-09 5.03594e-08)
(-3.76073e-273 1.10471e-07 1.25692e-07)
(4.25081e-299 -1.27046e-08 9.18074e-08)
(2.86633e-289 -1.85459e-08 1.68047e-07)
(2.91937e-294 -2.76063e-09 4.08278e-07)
(-6.72279e-297 -2.65959e-08 3.06319e-09)
(8.80727e-303 7.09116e-08 2.48543e-07)
(0 -2.92575e-08 2.12854e-07)
(0 7.59202e-09 -6.71227e-09)
(0 7.1151e-09 2.80463e-07)
(0 2.4733e-09 -7.43627e-10)
(0 1.01387e-10 2.2825e-07)
(-8.67652e-25 4.45471e-08 1.98423e-07)
(1.9854e-28 1.53938e-08 5.07221e-09)
(-1.14427e-34 -4.44154e-08 1.93425e-06)
(-3.36058e-36 -5.59511e-10 2.41356e-09)
(8.51261e-44 -1.92188e-08 -1.94308e-09)
(-1.14505e-44 -3.69453e-08 1.72948e-08)
(5.14244e-46 -7.35647e-08 -1.19099e-08)
(-5.25013e-48 1.3781e-07 4.13433e-08)
(-4.08325e-64 -1.19131e-08 1.6565e-07)
(-1.92086e-67 -3.01313e-08 7.97119e-08)
(4.39332e-75 -3.64133e-08 4.84373e-10)
(2.58705e-73 4.74406e-08 -3.08948e-08)
(4.04577e-82 7.68947e-08 6.81063e-07)
(-1.24925e-106 -1.70505e-08 3.45278e-08)
(1.69095e-113 -2.51884e-08 1.88392e-08)
(-2.32099e-115 3.49899e-08 -1.51216e-08)
(0 0 0)
(-1.88974e-173 -9.17923e-09 1.45353e-06)
(9.02275e-178 -2.37939e-08 5.53121e-09)
(-8.62354e-181 -1.02597e-08 2.05835e-08)
(7.51002e-184 9.28989e-09 5.7612e-08)
(-3.9048e-185 2.67015e-08 2.3776e-08)
(6.97841e-188 -6.56539e-08 5.95466e-07)
(-4.65487e-264 -1.88296e-08 -5.1663e-09)
(5.23741e-264 -7.46295e-08 7.97398e-09)
(-5.90874e-265 8.0602e-08 7.74175e-09)
(8.33638e-267 1.50467e-08 2.25177e-08)
(-4.76475e-300 -8.09309e-08 7.00293e-07)
(-2.17106e-292 5.22455e-08 3.69524e-08)
(-1.05537e-296 -4.27141e-08 5.15659e-08)
(4.06402e-300 6.13232e-08 2.86477e-08)
(-2.64766e-306 7.61446e-09 1.4482e-08)
(0 -1.16474e-07 -8.57935e-07)
(0 2.08403e-08 8.64165e-09)
(0 9.51188e-09 2.37435e-08)
(0 0 0)
(0 1.16214e-11 4.76001e-08)
(-5.99043e-24 9.02029e-07 9.13938e-08)
(-6.45985e-23 8.16823e-08 -9.40572e-08)
(0 0 0)
(-1.65917e-38 -5.24514e-08 -1.03758e-07)
(3.9224e-41 -5.52294e-07 -9.21037e-08)
(-2.63573e-42 4.79091e-07 -2.63817e-08)
(-1.26308e-44 -5.95369e-08 2.03149e-08)
(7.37564e-46 1.59903e-07 -4.79705e-08)
(-3.71971e-70 -4.18262e-07 -1.46724e-07)
(-2.30136e-72 3.48441e-07 9.13297e-08)
(2.75924e-77 -1.39548e-08 -1.48604e-09)
(-2.81648e-76 9.24682e-08 2.81735e-08)
(5.23056e-90 -3.19518e-08 1.91582e-07)
(-5.16509e-152 -6.85361e-08 -2.80023e-08)
(5.67693e-151 -2.64854e-07 -1.51939e-08)
(-5.24367e-151 3.09338e-07 -1.18849e-07)
(4.34409e-147 -8.28501e-08 3.31523e-09)
(-4.11022e-151 8.43493e-08 -8.59695e-09)
(2.77502e-176 -3.36125e-07 -3.44967e-07)
(9.67688e-178 2.82903e-07 7.53054e-08)
(1.76308e-176 4.97938e-08 -2.72594e-07)
(-1.73867e-184 1.60486e-09 4.81452e-10)
(5.89566e-220 -6.69597e-08 -3.46916e-07)
(2.07641e-246 5.79225e-09 -1.73765e-09)
(-6.31694e-238 -5.29912e-08 -1.92066e-07)
(-1.05697e-238 -1.86035e-07 3.0091e-08)
(3.70408e-239 2.03283e-07 -2.22089e-07)
(0 0 0)
(0 6.56707e-09 -6.22948e-08)
(0 -9.84331e-08 -2.64904e-07)
(0 -1.27736e-07 4.76925e-08)
(0 2.7516e-07 -3.54689e-07)
(0 8.33129e-08 7.24964e-07)
(0 -6.94648e-08 -8.3856e-08)
(0 5.13611e-08 -2.24689e-07)
(0 1.5606e-08 -4.77219e-09)
(0 5.8362e-11 -2.9441e-07)
(-3.13821e-32 -2.10532e-09 -6.42391e-10)
(-2.88523e-28 3.02567e-10 9.38883e-08)
(0 0 0)
(4.1537e-37 -5.70595e-08 7.01845e-08)
(-1.2052e-39 2.82965e-09 7.62064e-08)
(1.73541e-40 6.14358e-08 -1.80051e-07)
(2.11959e-52 -7.36226e-09 1.30373e-08)
(0 0 0)
(3.34308e-64 3.76899e-10 7.46388e-08)
(-3.4694e-64 1.46894e-08 -6.50935e-08)
(1.26323e-65 -1.77107e-08 -8.70945e-09)
(-4.87358e-88 2.30021e-08 -7.94659e-09)
(1.94113e-95 2.13922e-09 -6.41778e-10)
(3.60939e-158 -6.61604e-08 -7.89667e-08)
(3.0037e-157 1.98006e-08 3.43564e-08)
(1.37013e-156 5.35629e-08 -1.40947e-07)
(-4.34367e-147 -1.03351e-09 5.14195e-09)
(1.5802e-155 2.36341e-09 -7.08989e-10)
(5.23997e-171 -4.39752e-08 2.07905e-07)
(-1.79679e-171 2.35003e-08 5.53854e-08)
(-3.68508e-171 3.92126e-08 1.65973e-07)
(2.41849e-172 1.06396e-08 -3.43445e-09)
(-4.35985e-220 5.28761e-08 3.13946e-07)
(-1.14185e-246 1.69994e-10 5.09986e-11)
(5.64438e-237 2.99254e-08 4.09326e-08)
(3.60754e-237 -4.56141e-08 1.00368e-08)
(-7.34354e-238 1.77792e-08 7.16234e-08)
(0 -2.17511e-08 -6.52543e-09)
(0 -1.10366e-08 1.71896e-08)
(0 4.06061e-08 1.82436e-07)
(0 -1.72669e-08 1.08338e-08)
(0 -6.39103e-08 2.90529e-07)
(0 -2.36112e-08 9.67158e-08)
(0 -1.01008e-08 4.64765e-08)
(0 2.84847e-08 2.1286e-07)
(0 3.27356e-09 7.92979e-09)
(0 4.11486e-10 2.78348e-07)
(-3.9291e-23 1.5489e-07 -6.22384e-08)
(2.04295e-26 2.62858e-08 7.88564e-09)
(2.34471e-31 -5.09162e-08 -1.52732e-08)
(-2.632e-31 3.88777e-08 3.0826e-08)
(3.07723e-32 -6.73524e-08 4.64845e-08)
(-2.09556e-33 6.79209e-08 1.9741e-07)
(5.20331e-35 3.69143e-08 1.10743e-08)
(-3.09931e-69 -2.66393e-08 -7.99128e-09)
(3.18292e-69 2.60215e-08 1.00506e-08)
(4.38368e-70 4.1884e-09 6.05241e-08)
(1.46039e-78 -1.5138e-08 1.32883e-08)
(-4.28678e-80 -8.04941e-08 3.3194e-08)
(2.12929e-82 9.15793e-08 -2.74714e-08)
(-8.55373e-159 -4.32623e-08 1.07894e-07)
(-1.57258e-158 -2.95621e-08 6.19471e-08)
(-5.42743e-157 1.54302e-08 1.57187e-07)
(9.18439e-164 7.14139e-08 2.14243e-08)
(2.60425e-183 -8.32811e-08 -2.49813e-08)
(-6.94016e-177 6.68845e-08 4.45283e-08)
(-2.10341e-177 2.85733e-09 9.36875e-09)
(1.04758e-176 -2.18421e-08 8.12435e-08)
(-7.58595e-179 7.82779e-09 5.787e-09)
(-1.53581e-220 8.44079e-09 3.12764e-08)
(-6.30403e-228 -2.40616e-09 4.10751e-09)
(6.02293e-229 -4.92402e-08 1.29551e-07)
(-1.69476e-229 -3.65239e-08 2.29332e-08)
(1.54908e-230 1.21503e-07 1.08259e-07)
(0 0 0)
(0 6.13202e-09 5.09847e-08)
(0 -2.33756e-08 5.26362e-08)
(0 -9.24849e-08 -6.44804e-09)
(0 1.27529e-07 4.25587e-08)
(0 0 0)
(0 -4.29122e-09 3.22675e-08)
(0 1.75351e-09 1.62392e-08)
(0 -6.55248e-10 2.64406e-09)
(0 4.5933e-11 1.59072e-08)
)


// ************************************************************************* //
