/*--------------------------------*- C++ -*----------------------------------*\
| =========                 |                                                 |
| \\      /  F ield         | OpenFOAM: The Open Source CFD Toolbox           |
|  \\    /   O peration     | Version:  2.2.x                                 |
|   \\  /    A nd           | Web:      www.OpenFOAM.org                      |
|    \\/     M anipulation  |                                                 |
\*---------------------------------------------------------------------------*/
FoamFile
{
    version     2.0;
    format      ascii;
    class       vectorField;
    location    "0.01";
    object      torque;
}
// * * * * * * * * * * * * * * * * * * * * * * * * * * * * * * * * * * * * * //


2405
(
(-4.75807e-11 -1.63775e-27 1.21434e-28)
(4.44117e-12 2.68643e-27 -2.4586e-27)
(-1.92313e-10 5.65071e-26 -2.45865e-27)
(-2.22948e-11 -2.14283e-26 3.03271e-28)
(1.82944e-11 7.72907e-29 -1.1334e-27)
(-4.31684e-11 7.09347e-27 -1.3087e-27)
(-3.415e-11 6.26671e-27 -1.30079e-28)
(8.41949e-11 7.9523e-27 -2.08276e-28)
(6.97818e-12 2.34818e-28 -1.0469e-28)
(-5.6234e-12 2.67625e-30 1.09177e-28)
(-2.04553e-11 9.74773e-27 1.35719e-28)
(-1.66986e-11 -4.52318e-32 1.3013e-28)
(1.64166e-10 -3.49192e-27 -8.31679e-27)
(1.89475e-11 -2.3304e-27 8.67156e-29)
(-1.69075e-11 2.99938e-27 -5.96821e-28)
(2.16969e-12 9.93996e-32 -2.65952e-30)
(-3.61026e-11 -7.27222e-28 -1.21002e-29)
(-1.33555e-10 -6.08322e-27 4.77157e-30)
(4.33788e-11 -1.70923e-26 4.76618e-30)
(6.31856e-11 -1.21319e-35 6.43206e-31)
(8.40614e-12 -3.20618e-29 9.82727e-29)
(4.99584e-11 2.16768e-26 -6.2495e-29)
(-8.27961e-11 4.8725e-26 -1.22359e-28)
(6.05959e-12 2.45101e-27 -3.41294e-27)
(9.4032e-12 6.63145e-28 -2.55465e-27)
(1.84852e-11 -4.45176e-34 9.71698e-28)
(2.61199e-11 -2.15488e-29 1.13407e-28)
(-8.147e-11 7.22284e-27 -1.6986e-28)
(6.72542e-11 -3.10095e-27 9.97445e-29)
(-1.76728e-12 2.72705e-33 3.00926e-28)
(-4.68644e-11 -1.45381e-27 3.1334e-29)
(-2.54936e-11 -1.88178e-26 -7.43543e-28)
(1.11608e-11 2.1682e-29 -4.85621e-28)
(7.75872e-12 4.54752e-34 2.5789e-28)
(1.591e-12 3.5657e-36 -1.14692e-30)
(-1.24626e-11 -4.68006e-27 -1.14286e-30)
(5.08249e-14 -1.04981e-40 -3.31379e-47)
(1.56066e-11 4.1015e-28 -5.7083e-28)
(-3.60913e-11 1.68043e-27 -3.98465e-28)
(-1.29269e-10 2.88886e-26 -3.53397e-32)
(-5.29547e-11 -2.23872e-26 -9.81907e-33)
(-3.50341e-11 -4.56758e-39 -1.57248e-32)
(-3.47173e-11 7.86853e-27 -3.68217e-33)
(-4.23109e-11 6.25659e-27 6.41978e-33)
(1.2531e-10 7.9523e-27 -5.56813e-33)
(4.34122e-11 2.34819e-28 7.22304e-35)
(3.1783e-11 2.35431e-32 -1.91303e-33)
(-5.30758e-12 8.39157e-27 -5.13698e-33)
(-1.09597e-10 -1.7013e-32 7.0693e-32)
(3.104e-11 2.0243e-28 9.39313e-32)
(1.41997e-11 -4.61125e-27 2.50874e-33)
(-3.68278e-11 1.24957e-28 3.78794e-33)
(-1.82155e-11 5.77279e-39 7.45338e-33)
(-2.25377e-13 -6.82074e-28 2.88303e-33)
(-7.30426e-11 1.39403e-26 2.76988e-32)
(7.7965e-12 -1.74726e-26 1.72396e-32)
(-4.96795e-12 -9.151e-36 -7.64366e-33)
(-2.35084e-11 1.37848e-38 2.80169e-33)
(2.46142e-11 2.16768e-26 4.15046e-32)
(-1.2893e-10 4.8725e-26 3.34616e-32)
(1.16647e-11 2.74322e-27 -1.39157e-33)
(-3.82511e-12 6.70036e-28 -1.31063e-33)
(1.00279e-11 -2.05032e-35 8.72249e-34)
(1.25785e-11 -1.99487e-29 1.24732e-33)
(-1.56785e-10 7.46411e-27 -9.13912e-33)
(-9.28671e-12 -3.10095e-27 -9.06682e-34)
(1.95766e-11 -1.39214e-33 -6.96316e-33)
(-5.36093e-13 -1.93877e-27 4.3481e-33)
(-8.25866e-12 -1.94844e-26 -2.4255e-32)
(-4.07013e-11 1.91297e-29 1.115e-35)
(-8.3189e-12 4.27567e-34 -6.51047e-40)
(1.37187e-11 1.52039e-37 -2.66588e-34)
(-7.50814e-13 -4.68006e-27 3.68272e-33)
(-2.73367e-12 3.80467e-40 -1.09433e-34)
(2.29971e-10 1.04258e-33 -4.54918e-26)
(9.77818e-12 5.17815e-32 -4.88017e-27)
(-1.93219e-10 -1.26562e-44 -7.82592e-39)
(-1.794e-10 3.84713e-33 2.20069e-37)
(8.25046e-11 1.58648e-43 2.17823e-37)
(-1.10933e-10 2.43076e-34 -2.22937e-38)
(-1.00701e-10 -6.0023e-43 -1.24322e-38)
(-4.82524e-11 5.01704e-40 1.47373e-34)
(1.02477e-10 -6.00126e-32 -3.2714e-33)
(1.17577e-11 -2.11971e-38 3.70885e-33)
(3.48294e-11 -1.44349e-37 -3.7128e-32)
(-6.74078e-12 -1.52579e-37 -4.51448e-32)
(3.03398e-11 2.45702e-26 6.44448e-32)
(1.06355e-10 -9.58165e-32 9.04159e-37)
(2.2379e-10 4.58738e-42 -1.25063e-36)
(1.00044e-10 -4.46325e-42 -2.21097e-36)
(-1.63758e-11 -1.34865e-33 4.22839e-39)
(0 0 0)
(-3.0243e-11 4.28806e-33 6.66989e-39)
(-1.06086e-10 -2.26621e-43 6.08486e-38)
(7.50639e-11 6.53351e-44 -2.31896e-37)
(-1.97895e-10 -4.81121e-44 -2.6697e-37)
(8.52224e-11 1.60218e-40 4.02429e-38)
(6.76924e-11 1.04027e-42 4.86045e-37)
(6.14733e-11 -4.22699e-32 4.02654e-37)
(-5.21889e-11 2.68492e-37 4.75616e-37)
(2.26156e-10 2.90942e-31 -4.87248e-37)
(7.16267e-11 2.38061e-42 -1.0017e-36)
(3.93698e-11 -3.51347e-33 -6.07696e-37)
(8.1246e-11 -1.39213e-33 -7.11078e-37)
(-3.27214e-11 1.11127e-32 -1.69136e-37)
(-4.67803e-11 -1.38976e-32 6.80026e-38)
(-5.54808e-11 -2.23222e-30 7.80462e-36)
(4.06775e-11 1.29508e-43 4.481e-49)
(-1.18399e-10 1.55384e-42 -1.20068e-36)
(9.529e-11 -1.12333e-31 -1.75046e-36)
(1.30417e-10 1.96009e-40 -1.99227e-37)
(2.36454e-12 -2.92148e-27 -2.95773e-35)
(8.78931e-11 3.04583e-32 3.1761e-34)
(4.39516e-11 -2.71127e-34 -1.64947e-36)
(-1.24145e-10 2.19408e-33 1.29559e-39)
(-1.62144e-10 8.40459e-44 1.34185e-39)
(4.86941e-11 1.30741e-33 2.90058e-39)
(4.62935e-11 -5.27929e-43 3.57461e-48)
(-1.01805e-10 5.26674e-40 2.3156e-37)
(3.06893e-11 -8.73556e-32 1.36206e-37)
(-2.01879e-11 2.04476e-39 4.5816e-38)
(1.66269e-11 1.45454e-38 -2.09706e-38)
(-1.19852e-11 2.65625e-40 2.38738e-39)
(-1.08247e-10 -2.72642e-45 -4.86766e-41)
(-9.13675e-11 -4.0478e-31 -2.50631e-37)
(-4.13546e-11 4.60615e-42 -1.08938e-37)
(2.1475e-11 -5.36482e-43 6.39865e-39)
(-2.65978e-11 -1.471e-32 -2.07667e-38)
(6.37016e-11 -4.24232e-38 -6.93765e-39)
(-3.69262e-11 2.59576e-32 4.39846e-39)
(-1.00595e-10 -3.40909e-43 1.89125e-41)
(9.90739e-11 -3.98813e-43 1.20778e-41)
(4.81795e-11 -1.2729e-44 -6.59374e-42)
(1.9611e-10 -1.12094e-40 2.41168e-43)
(4.62372e-11 3.76541e-42 5.76149e-48)
(-7.46005e-13 8.03291e-33 1.0273e-37)
(-1.99462e-11 -6.1716e-39 8.10008e-38)
(1.64921e-10 -2.35724e-32 1.95705e-38)
(-5.11771e-11 -2.22407e-43 -7.73112e-40)
(-6.68884e-11 3.08533e-32 -9.5304e-38)
(-3.87716e-11 -2.03306e-43 6.2268e-39)
(2.91548e-11 3.30866e-32 -3.69118e-38)
(2.4705e-11 -5.42234e-33 1.00744e-37)
(-2.76407e-11 -4.9308e-45 5.92237e-42)
(5.61926e-11 -1.6727e-43 5.92237e-42)
(-6.32669e-11 -6.19223e-43 9.10811e-38)
(6.38358e-11 1.22057e-32 -2.06891e-37)
(8.80861e-12 3.72394e-45 1.75795e-38)
(-1.15979e-11 6.4613e-27 3.07263e-29)
(-5.16539e-11 -1.7438e-32 2.45837e-33)
(-8.31975e-11 -3.35717e-32 -8.15139e-35)
(8.87846e-12 -1.57642e-33 5.08296e-39)
(-6.27532e-11 -1.25163e-43 -1.04564e-38)
(2.6286e-12 1.04154e-32 -8.3553e-39)
(-1.28308e-11 2.66033e-43 7.52953e-39)
(5.17648e-11 1.54729e-39 -6.55967e-42)
(-4.75765e-11 -8.79436e-32 6.92145e-39)
(4.15821e-11 6.51728e-41 1.9566e-38)
(-3.18875e-11 -1.84935e-39 9.38151e-39)
(2.88132e-11 1.77211e-40 -1.04941e-39)
(-6.814e-11 -2.70831e-45 4.75279e-41)
(-3.92821e-12 -2.48364e-32 -5.04346e-37)
(-5.1241e-11 -1.97439e-42 -4.65571e-37)
(2.51467e-11 1.729e-43 6.11178e-38)
(3.07313e-11 1.35376e-32 -1.43585e-38)
(1.34476e-10 -4.24225e-38 -6.94005e-38)
(8.07731e-11 6.7079e-32 -1.10699e-37)
(3.64296e-11 7.45162e-44 1.86363e-38)
(-2.55114e-11 6.29827e-44 -2.10287e-49)
(4.63957e-11 -4.31437e-45 -1.70987e-49)
(-5.89157e-11 -2.72712e-40 8.51634e-46)
(1.40089e-11 -3.04618e-42 1.55579e-39)
(3.63781e-12 -1.26581e-31 2.17915e-37)
(-3.495e-11 2.77415e-40 -1.67796e-41)
(2.53363e-11 7.46163e-34 3.62746e-40)
(2.93625e-11 -2.29053e-43 1.79115e-41)
(-1.87404e-11 6.72254e-32 -2.74091e-38)
(9.5573e-12 -1.84653e-42 -1.55419e-37)
(-5.58872e-11 2.77904e-31 7.16687e-37)
(-9.24201e-12 1.60886e-33 6.84403e-37)
(-2.27103e-11 -1.16309e-43 -1.255e-38)
(-1.04129e-12 -2.14424e-43 -2.27765e-49)
(-1.00104e-11 9.02606e-43 1.70383e-48)
(-1.21936e-11 -4.51789e-31 2.71724e-38)
(-1.52918e-12 6.20762e-45 -1.9882e-39)
(2.77193e-11 1.01722e-27 -6.52202e-33)
(-1.55855e-11 1.43215e-33 4.30482e-34)
(-3.37198e-11 -3.07456e-32 6.69061e-38)
(-1.64048e-12 7.66326e-35 8.67761e-41)
(4.31621e-12 -7.86239e-44 5.05613e-39)
(-3.20502e-11 9.25347e-33 -1.34614e-39)
(-5.39577e-11 3.70129e-44 -4.83113e-39)
(-6.5733e-11 -3.69884e-40 3.82186e-40)
(-4.61777e-11 -2.51592e-33 3.3894e-38)
(3.22597e-11 -9.70119e-42 1.86121e-39)
(-1.41643e-11 2.10874e-40 2.72641e-40)
(-1.4656e-11 -8.50029e-41 -1.55384e-39)
(-3.22837e-11 4.72723e-47 3.4731e-41)
(3.09446e-11 2.84128e-31 1.23174e-37)
(5.63817e-13 1.19929e-42 3.12431e-38)
(1.37494e-11 -6.36106e-44 -7.67545e-39)
(1.18807e-11 2.6562e-32 -6.39766e-39)
(-1.82626e-11 -1.21713e-45 -3.75766e-39)
(6.10353e-11 4.31493e-32 -4.78816e-38)
(2.53347e-11 2.20953e-44 7.27823e-39)
(-3.32422e-11 5.57239e-45 -2.71531e-40)
(7.08582e-11 -9.98852e-46 1.14712e-41)
(5.83311e-11 9.71196e-49 -2.85104e-43)
(-1.11349e-12 -5.20969e-42 -3.06799e-38)
(4.2693e-12 -2.23357e-31 5.58155e-38)
(-1.73115e-11 -2.86484e-42 -1.22458e-37)
(2.33514e-11 -9.27577e-36 -9.87034e-38)
(-8.89478e-12 -5.35064e-42 -5.48929e-37)
(-3.50009e-11 3.44871e-33 -6.32319e-37)
(-1.34096e-11 -2.08709e-42 1.86109e-38)
(-1.39122e-11 2.23105e-31 4.25072e-38)
(5.3938e-11 -6.86637e-33 -2.0333e-37)
(-3.76189e-11 -6.28433e-45 1.69466e-49)
(-1.51104e-11 8.2386e-44 3.27136e-50)
(1.45484e-11 -1.35053e-43 6.62762e-39)
(2.52541e-11 -8.3353e-31 1.46985e-37)
(-5.8522e-12 -3.13055e-44 1.18958e-38)
(1.5491e-12 -7.77627e-27 -1.96098e-30)
(1.40528e-12 -1.46608e-33 1.32173e-33)
(-5.25063e-11 -2.64799e-33 1.32171e-33)
(0 0 0)
(3.72185e-12 2.0146e-44 -3.24352e-41)
(3.19442e-11 -9.75592e-35 -1.02852e-40)
(-3.39295e-11 -1.16614e-43 4.23473e-41)
(-2.94415e-11 -3.70423e-40 -1.43999e-42)
(1.81441e-11 5.80847e-32 2.1072e-38)
(-8.10095e-12 3.07334e-43 -4.1459e-41)
(-3.10943e-11 1.76167e-46 -5.66975e-42)
(-2.51159e-11 3.40482e-42 3.47094e-41)
(5.55471e-11 5.70388e-46 -1.07984e-42)
(6.17944e-12 -4.91444e-49 3.76289e-41)
(1.83789e-11 -2.12721e-43 3.76289e-41)
(1.44632e-11 2.81527e-45 9.57054e-40)
(1.2667e-11 -3.37045e-34 1.12359e-39)
(1.12162e-10 4.33679e-44 7.64977e-40)
(1.43419e-10 -2.26019e-33 -7.8855e-40)
(8.74664e-12 6.24871e-46 1.98823e-44)
(-8.70761e-12 3.82227e-50 1.21841e-44)
(-1.34572e-11 -9.20644e-48 -6.78005e-45)
(-2.35971e-11 -1.01992e-50 9.18128e-46)
(-7.22803e-12 7.44221e-43 -5.79938e-40)
(1.61268e-11 -4.64736e-32 9.91668e-39)
(3.02026e-11 5.03065e-44 1.488e-39)
(1.77192e-12 5.77156e-38 -4.57189e-40)
(-5.84665e-11 2.48053e-42 2.99032e-38)
(-7.27485e-11 -2.94099e-32 1.17714e-38)
(-5.74259e-12 3.45203e-44 -4.09562e-40)
(-4.10219e-12 -3.2825e-32 -5.0351e-38)
(-1.5092e-11 1.24271e-43 3.56354e-38)
(-7.48832e-11 9.20883e-44 -2.50482e-49)
(-1.64161e-11 -1.67163e-55 6.7255e-50)
(-1.09256e-11 2.10961e-44 -2.98929e-38)
(1.50149e-11 -2.57202e-31 1.04414e-37)
(-4.37404e-12 7.65254e-45 -6.32276e-51)
(7.7087e-11 3.3517e-28 4.1931e-28)
(2.06103e-11 -6.39699e-33 6.528e-27)
(-5.12069e-12 -4.26342e-33 -2.1001e-29)
(-5.21544e-11 4.69653e-59 2.48054e-52)
(-1.01724e-10 5.78248e-46 -6.0746e-51)
(-4.1552e-11 2.18223e-52 8.34018e-50)
(-1.31957e-10 -1.92588e-53 -3.11044e-48)
(-7.38821e-11 5.95869e-41 2.21336e-46)
(-2.62795e-11 2.35403e-61 5.622e-67)
(-3.22298e-12 -2.81105e-59 -3.6829e-65)
(2.86789e-11 -6.5173e-47 -1.55957e-51)
(2.54247e-10 2.15203e-57 -1.74658e-51)
(2.88894e-10 5.18386e-46 4.17736e-52)
(-1.56111e-11 2.36815e-76 3.6807e-70)
(-4.90981e-11 9.32193e-76 4.59401e-70)
(-4.3117e-11 1.17481e-75 9.13313e-71)
(1.34275e-12 6.52524e-66 -5.05298e-72)
(1.31253e-11 2.31107e-47 1.23601e-53)
(1.10174e-14 -9.33551e-63 -3.40422e-68)
(-1.26901e-10 3.19663e-64 9.88769e-61)
(-6.74485e-11 -2.60025e-64 -2.42023e-58)
(-2.99222e-11 -2.1108e-62 2.59279e-57)
(1.04503e-10 7.16092e-52 4.76321e-57)
(6.09786e-11 -8.96558e-63 -1.11457e-57)
(1.28176e-10 -1.34657e-64 5.3419e-59)
(3.70085e-13 -1.79918e-67 -1.63695e-61)
(-5.29985e-11 -7.53496e-70 1.81173e-75)
(-7.62882e-11 -8.18331e-51 -1.26976e-56)
(1.04603e-10 1.2476e-61 1.00981e-55)
(-1.28422e-10 -1.79731e-59 -4.56709e-54)
(-1.42917e-10 -1.04264e-57 4.71978e-52)
(-6.66853e-11 2.46986e-56 2.35954e-51)
(4.22411e-11 -6.73632e-44 -2.64189e-49)
(9.09701e-12 1.26603e-60 3.3434e-66)
(2.61448e-11 -1.00758e-64 5.05208e-67)
(8.52208e-11 1.58593e-65 6.75864e-67)
(5.88954e-11 -3.33101e-66 1.69907e-67)
(-4.79932e-11 2.2369e-28 1.22898e-27)
(1.12096e-11 -5.09998e-34 -1.04161e-28)
(4.12894e-11 1.02751e-33 -3.89783e-39)
(1.10005e-11 3.95029e-42 -6.31058e-48)
(3.46812e-11 -9.54572e-44 8.26422e-50)
(3.40866e-11 -1.46225e-49 3.26337e-51)
(-1.01984e-10 -8.96555e-51 -1.15766e-52)
(9.66393e-11 -2.28945e-59 1.87665e-54)
(2.52881e-11 2.07754e-61 5.71787e-67)
(6.22884e-11 -1.68774e-59 -3.76837e-66)
(-8.0917e-12 7.5446e-68 5.05244e-65)
(8.77186e-11 -1.42236e-57 -1.26874e-63)
(3.43077e-11 3.49825e-70 -8.81857e-65)
(-1.0373e-10 9.60924e-77 1.0892e-70)
(4.79758e-11 8.65257e-77 -1.35674e-71)
(4.16509e-11 4.39152e-76 -1.04714e-70)
(-1.40904e-10 -2.39372e-65 4.72204e-71)
(-2.10632e-11 2.18166e-47 1.33106e-53)
(-6.30182e-11 -3.99337e-60 1.29647e-54)
(-8.22017e-11 -7.55869e-63 -2.74608e-57)
(-4.71337e-11 3.77443e-65 3.75623e-62)
(-8.06398e-12 7.94602e-64 -2.08857e-60)
(1.25793e-10 -5.20469e-52 1.63671e-57)
(-1.06166e-10 5.88501e-64 6.3749e-59)
(-6.28479e-11 6.75686e-66 -1.92994e-60)
(5.37804e-11 -2.42346e-68 3.29566e-62)
(-6.87613e-11 3.67072e-68 -4.33441e-74)
(-1.13002e-10 1.40329e-50 1.53972e-56)
(5.99224e-11 -9.21943e-62 -1.27501e-56)
(-2.98189e-11 4.49082e-63 -3.61743e-57)
(2.56902e-11 1.31688e-61 -2.86418e-57)
(1.93533e-12 7.88161e-59 1.19386e-58)
(1.6746e-12 9.11249e-60 -2.10634e-54)
(1.86892e-12 3.52067e-60 -2.10634e-54)
(-2.96092e-11 -9.4091e-63 -2.85874e-57)
(-5.60712e-11 -2.1159e-63 -2.73556e-57)
(1.23468e-11 4.53516e-64 1.23183e-58)
(-2.00139e-11 1.53435e-27 -3.31273e-29)
(-1.18177e-11 6.14649e-34 -2.03804e-29)
(-3.55148e-11 8.70508e-37 6.59172e-31)
(-2.41087e-12 -5.04376e-41 -1.05532e-46)
(2.48946e-11 1.66861e-42 4.93312e-48)
(5.95444e-11 1.45315e-47 -4.60299e-50)
(-8.84473e-11 7.55156e-49 3.08792e-51)
(1.50689e-12 1.3698e-58 -7.09948e-53)
(1.95852e-11 -2.65099e-62 -6.87267e-67)
(-5.58569e-11 1.04761e-59 1.51175e-65)
(-3.5205e-12 3.96672e-68 -1.09177e-65)
(-4.14772e-12 1.30788e-58 6.02898e-65)
(-3.03646e-11 -4.5734e-70 4.029e-65)
(-2.52588e-11 3.2654e-77 -3.37286e-72)
(1.3604e-11 -2.15915e-76 9.77807e-72)
(3.17817e-11 5.19101e-77 -9.17318e-72)
(-8.14177e-11 8.55328e-65 -3.16918e-71)
(4.80986e-11 -1.29415e-48 -4.04019e-55)
(3.64438e-13 5.14343e-61 -5.51157e-56)
(2.13474e-11 8.45364e-64 1.72139e-58)
(-2.83154e-11 -1.7342e-66 -5.20124e-62)
(1.91385e-11 -4.8755e-65 2.98892e-62)
(1.39742e-11 5.81502e-53 2.75445e-59)
(-1.74217e-11 -6.55498e-66 -3.89932e-61)
(5.61796e-11 -2.42514e-67 1.07351e-62)
(-7.10187e-11 2.44983e-69 -1.11837e-74)
(-3.51256e-11 2.11568e-68 -6.9478e-74)
(8.75308e-11 2.50074e-50 6.25639e-56)
(-7.34303e-11 -1.18656e-61 -2.01863e-57)
(5.25675e-11 5.56596e-63 -1.59149e-57)
(3.34382e-11 8.4587e-63 4.5631e-58)
(2.50442e-11 -4.60773e-61 -8.40319e-67)
(2.99778e-12 1.89171e-69 1.79347e-64)
(3.51506e-11 1.25774e-60 1.54688e-64)
(4.76581e-11 -1.80248e-62 -2.8152e-65)
(-2.87639e-11 4.68972e-64 6.71186e-70)
(9.81141e-12 -2.46626e-65 -1.35609e-71)
(-5.94174e-11 1.65578e-27 -1.06133e-27)
(4.22826e-11 5.18301e-34 -2.92962e-28)
(-2.1159e-11 3.36829e-41 3.23183e-36)
(-5.78945e-12 5.05976e-40 3.05546e-36)
(-2.59336e-11 -4.75344e-42 -1.71737e-37)
(-5.4571e-11 -1.71591e-44 4.59604e-39)
(2.04313e-11 -3.50292e-47 -3.75904e-41)
(-3.23608e-12 -1.99513e-65 -5.38839e-71)
(-3.23747e-11 1.09501e-63 2.13487e-69)
(-1.20455e-10 -7.4174e-61 -9.30802e-67)
(3.16591e-11 -3.36547e-68 -2.30427e-68)
(2.83352e-11 -1.1004e-59 8.44492e-66)
(-1.75862e-10 2.7794e-71 -6.98467e-67)
(-1.03799e-11 5.67833e-78 -1.32551e-72)
(-9.47154e-11 -3.39857e-76 7.81832e-73)
(-2.94822e-11 -6.39018e-77 8.14828e-72)
(-2.92954e-12 2.22274e-65 9.1971e-72)
(8.53902e-11 -3.43737e-53 3.93077e-59)
(2.99948e-12 -1.04294e-62 -3.46392e-60)
(-3.49181e-11 -2.86981e-66 5.56974e-65)
(7.93509e-12 1.43945e-68 -1.78215e-63)
(1.38387e-11 2.41156e-66 9.06901e-62)
(4.67409e-11 -5.82542e-54 1.12014e-61)
(-2.65246e-13 4.6049e-66 -2.45029e-61)
(-1.75596e-11 4.56581e-70 4.41056e-63)
(-9.67758e-11 1.43923e-70 -4.0466e-65)
(3.08206e-11 -1.37334e-68 2.8053e-68)
(2.34732e-11 -7.25873e-51 -1.30306e-56)
(-7.13313e-11 -5.3439e-62 -1.33859e-57)
(2.40845e-12 -6.99814e-63 1.22101e-59)
(6.82844e-12 -4.24356e-64 -3.17071e-62)
(-4.69481e-11 5.40068e-67 1.4882e-64)
(1.77794e-10 6.20005e-72 -1.88736e-66)
(4.76691e-11 7.36026e-60 -3.16777e-67)
(-1.31061e-11 -2.29686e-64 7.54583e-68)
(-2.31109e-11 -6.46566e-65 1.8983e-70)
(-4.41517e-12 2.64044e-67 6.52316e-75)
(7.70048e-11 3.27026e-28 1.95602e-30)
(7.34756e-12 6.31686e-34 2.13743e-31)
(-1.98199e-10 1.10553e-34 -4.07974e-34)
(-1.58765e-11 -4.98386e-39 -3.79967e-34)
(5.70954e-12 1.4132e-40 2.80069e-35)
(-4.57136e-13 -5.94866e-72 -7.02356e-66)
(-3.74187e-12 5.50705e-58 3.91723e-64)
(-4.28113e-12 -1.99513e-65 9.46861e-72)
(-1.54108e-11 -4.4106e-65 -2.61159e-69)
(-6.08184e-13 1.53262e-62 2.69571e-68)
(5.04456e-11 2.05745e-69 -8.26238e-68)
(-3.16977e-12 6.94997e-62 1.79617e-67)
(-2.34337e-10 -1.34671e-71 1.05863e-78)
(-3.51513e-11 -5.54674e-78 5.31506e-74)
(1.03421e-13 2.8425e-78 -2.80662e-73)
(3.02735e-11 2.07166e-78 1.40895e-72)
(-3.02485e-11 -9.37678e-65 4.87669e-71)
(1.41347e-10 -3.43737e-53 4.04859e-59)
(5.43454e-11 1.71063e-64 -2.2364e-60)
(-3.2553e-11 5.24139e-68 4.7574e-62)
(-2.06196e-11 1.44274e-68 2.50776e-63)
(-3.20819e-12 -1.48355e-67 -5.65875e-63)
(1.1036e-11 5.66277e-55 5.64428e-62)
(2.18813e-11 -4.4408e-66 5.55852e-72)
(-6.28796e-11 -2.25947e-70 6.72952e-76)
(-3.1525e-11 -1.31529e-72 2.86568e-76)
(8.69656e-12 2.51205e-69 -5.53038e-75)
(4.00824e-11 -1.00499e-50 -8.30399e-57)
(9.8934e-11 6.56923e-62 -5.41439e-68)
(8.47881e-12 2.65666e-63 1.0301e-68)
(5.57763e-11 6.35704e-66 9.36926e-70)
(-3.25804e-11 3.50376e-67 -8.70765e-71)
(4.20256e-11 1.73383e-71 7.50915e-77)
(-2.1587e-11 -7.04254e-61 -1.93521e-67)
(-8.33414e-12 1.16372e-62 6.2137e-70)
(-6.22519e-13 3.18011e-66 -1.1412e-72)
(-6.70398e-12 -3.2621e-69 3.45413e-74)
(6.46683e-11 -1.80962e-29 5.8705e-35)
(2.47011e-11 -1.30288e-34 7.66404e-30)
(-1.60405e-10 1.19388e-34 7.66404e-30)
(-5.84429e-11 -2.46964e-41 -6.1223e-47)
(2.14561e-11 -6.22237e-42 -6.49366e-48)
(5.39248e-11 -1.37201e-44 3.32461e-48)
(-3.28473e-12 5.50705e-58 3.98747e-64)
(-1.20365e-10 7.75231e-57 -6.48739e-63)
(8.71603e-11 4.24553e-67 2.2692e-73)
(2.50038e-11 -1.13791e-80 8.71826e-75)
(-3.60522e-11 4.82042e-80 -5.90993e-77)
(-2.55167e-12 -3.27695e-80 1.21791e-79)
(6.76963e-11 -2.85454e-75 -1.97112e-81)
(-1.30298e-11 -1.67721e-89 4.38064e-89)
(1.85521e-10 2.6187e-93 -5.22578e-89)
(1.04002e-10 -6.49899e-84 -4.65136e-89)
(1.00386e-11 2.54195e-96 -1.93222e-101)
(0 0 0)
(-2.20753e-11 5.8491e-71 -2.42628e-65)
(6.48745e-11 6.97766e-70 1.83546e-64)
(-5.01358e-11 -8.361e-69 -2.82e-63)
(1.95657e-11 4.47598e-68 1.1042e-63)
(-1.14774e-11 -7.72523e-56 -2.38792e-61)
(-1.10561e-10 3.50399e-80 2.43598e-74)
(8.91788e-12 -3.19477e-79 -3.35249e-73)
(2.23133e-10 3.02361e-78 1.26841e-72)
(3.10227e-11 -5.84769e-71 4.51133e-74)
(-4.00895e-11 7.32403e-78 -1.58284e-72)
(1.27189e-10 1.6563e-66 -2.87759e-72)
(-9.65585e-11 1.81469e-69 1.67873e-76)
(2.05492e-11 6.10424e-83 1.8022e-76)
(-1.98352e-11 2.24776e-72 1.84247e-76)
(-2.59601e-10 -9.61819e-72 7.45571e-69)
(-1.02762e-10 5.10848e-62 -9.04025e-68)
(5.50921e-11 -2.47482e-74 1.26282e-68)
(7.41534e-11 6.88174e-76 -3.7529e-70)
(2.33972e-12 6.31055e-71 -4.29456e-76)
(-6.74039e-12 -2.11368e-27 -6.53428e-34)
(-4.43352e-11 3.43049e-35 1.50701e-34)
(-1.79637e-11 4.62874e-35 2.46617e-35)
(-2.84133e-11 4.69284e-40 1.54762e-39)
(8.01258e-12 1.24779e-41 1.54762e-39)
(2.96019e-11 5.53563e-43 -1.15237e-50)
(1.41749e-11 1.1827e-44 3.92868e-51)
(-1.60233e-10 -4.26038e-56 -9.01522e-62)
(-4.84323e-11 -2.97308e-69 7.05598e-75)
(-6.48176e-11 1.96008e-80 -1.25033e-74)
(-1.72049e-11 -7.84076e-81 -2.68521e-74)
(-8.26142e-11 -2.4992e-80 -1.42677e-74)
(-5.0491e-11 -2.5414e-75 -1.28162e-81)
(-8.41575e-11 6.18349e-91 1.0647e-83)
(5.08241e-11 1.41932e-92 -1.00481e-85)
(2.7295e-11 2.01597e-84 -8.52098e-90)
(-1.38603e-11 -3.51276e-94 -7.69289e-92)
(-1.55689e-10 -8.95406e-82 1.19933e-87)
(-1.47962e-10 3.11065e-74 1.17076e-70)
(-6.6604e-11 -2.25987e-71 -4.60546e-70)
(-1.1474e-11 1.27403e-72 -5.81987e-70)
(1.20269e-10 1.55676e-75 -4.3647e-72)
(0 0 0)
(-4.99105e-11 -9.00437e-81 -4.61146e-86)
(-5.26486e-11 2.07992e-79 7.04632e-85)
(-5.37113e-11 -2.98221e-79 -3.24954e-85)
(-3.59674e-11 7.1297e-95 1.59996e-100)
(3.80134e-11 3.79308e-78 -1.35899e-84)
(7.36955e-11 1.51459e-66 -2.77707e-72)
(-6.01133e-11 1.44029e-69 1.99425e-73)
(8.18365e-12 6.48509e-82 -6.24064e-76)
(-2.56171e-11 2.18349e-72 4.33066e-78)
(-8.14272e-11 1.1879e-72 4.59866e-78)
(5.35702e-11 -5.53e-92 2.44919e-86)
(1.24112e-11 4.44793e-76 2.72047e-82)
(2.58379e-11 -2.04946e-77 1.38416e-84)
(2.79788e-13 8.97889e-93 -1.14446e-86)
(5.66707e-11 -3.31472e-27 -8.05744e-31)
(-2.4414e-11 7.09208e-35 -8.03913e-31)
(4.6923e-11 -3.54862e-35 3.76141e-41)
(1.44242e-12 -4.16032e-39 3.82958e-43)
(-4.28494e-12 2.19293e-42 -3.96678e-48)
(-1.03162e-12 -4.84385e-42 -1.62525e-49)
(3.23948e-11 -1.97063e-45 1.96631e-49)
(3.20701e-11 1.77232e-55 -5.23424e-50)
(-2.97826e-11 3.84632e-71 4.82717e-77)
(4.11095e-11 8.05832e-81 1.25337e-79)
(4.91423e-11 -4.13364e-80 -2.84109e-82)
(-6.09552e-11 1.38514e-80 4.36985e-86)
(-1.0884e-10 3.13138e-76 6.78754e-82)
(1.211e-11 5.56297e-90 -2.17576e-91)
(-5.37723e-12 -1.15209e-93 2.14492e-90)
(-3.1726e-11 8.51495e-84 1.77098e-89)
(-2.57212e-11 -1.67741e-94 -9.79673e-100)
(-1.04854e-10 -7.80049e-82 1.13191e-79)
(9.19102e-11 -5.19407e-73 -5.9241e-80)
(-5.04531e-13 3.24323e-72 2.6505e-78)
(-7.6899e-12 -5.46425e-74 2.28637e-80)
(7.04591e-11 -4.80575e-75 -2.15676e-80)
(-5.11147e-11 -1.14855e-86 3.29022e-81)
(-1.049e-10 9.26793e-82 5.11735e-88)
(5.87085e-11 -2.80434e-80 1.13636e-86)
(-7.46065e-11 8.88022e-80 2.40014e-86)
(-1.9487e-11 1.71612e-94 -7.42566e-88)
(6.2253e-11 3.81315e-78 4.57464e-75)
(-6.56986e-11 -1.37583e-67 -9.19808e-74)
(2.71784e-11 -3.52822e-70 1.02809e-75)
(-1.36664e-12 -1.20531e-84 1.89804e-83)
(3.3374e-11 -6.38701e-74 3.07469e-81)
(-4.77562e-12 -2.7457e-86 -5.97992e-93)
(1.4901e-10 9.78973e-91 -3.99566e-85)
(2.88867e-11 -3.51895e-78 3.55625e-84)
(-4.30515e-11 4.3765e-79 1.07792e-85)
(7.05653e-12 -1.22921e-93 3.31635e-88)
(-2.60208e-11 8.40634e-30 -2.25596e-28)
(2.21292e-12 -3.46701e-36 1.52074e-42)
(6.1925e-11 9.71245e-36 2.11239e-42)
(-2.5042e-11 2.66367e-38 2.92373e-44)
(-9.91293e-13 -1.65057e-41 5.00297e-48)
(5.80114e-12 1.06353e-40 3.49214e-46)
(3.46591e-11 -1.37976e-44 6.67426e-51)
(-2.18365e-10 -5.12199e-56 -3.78325e-51)
(-2.1207e-11 -1.02497e-73 4.01524e-80)
(6.08042e-11 -3.69401e-82 -1.05096e-81)
(6.0671e-11 -5.52653e-81 -4.24986e-86)
(2.04315e-12 -2.51018e-81 3.58221e-87)
(-1.30749e-10 1.16416e-81 9.38752e-88)
(-3.12948e-11 -1.67888e-91 -1.16599e-88)
(5.01654e-11 2.46398e-95 6.95127e-90)
(-8.27189e-12 9.55642e-99 -1.91129e-93)
(-4.56107e-12 1.62391e-94 7.61566e-96)
(2.69174e-12 1.09092e-82 -1.23386e-81)
(3.31852e-11 9.29752e-74 5.99927e-80)
(3.61302e-11 -6.60558e-73 7.35401e-80)
(-1.40664e-11 -2.76378e-74 -1.57825e-79)
(5.32655e-11 -6.37269e-75 -1.00271e-80)
(2.80382e-11 2.52791e-85 -1.92421e-80)
(-5.9047e-11 -6.45034e-83 -1.47313e-88)
(4.86571e-11 1.96472e-81 2.46992e-88)
(-5.71058e-11 -4.66055e-81 -1.08441e-87)
(-7.76932e-12 1.77002e-95 -6.38102e-89)
(-1.40874e-12 -2.16584e-81 -1.95518e-76)
(-9.71505e-11 4.12077e-69 1.57226e-75)
(6.80344e-12 2.15779e-71 -8.8354e-78)
(7.36155e-12 -9.28072e-84 1.8491e-78)
(3.32947e-11 4.07574e-76 -2.50977e-82)
(1.3069e-11 -2.7457e-86 -5.72534e-92)
(-3.54908e-11 -1.44169e-92 -6.00161e-90)
(-5.87377e-11 1.08449e-93 2.11801e-88)
(5.97551e-12 -4.49767e-81 -5.90809e-88)
(4.27152e-12 6.25355e-96 -2.17477e-103)
(-9.82966e-12 8.98091e-28 5.216e-28)
(-6.30555e-12 1.2112e-34 2.47056e-29)
(2.4748e-11 -8.69368e-37 2.3164e-32)
(-2.0939e-11 -6.28269e-38 1.07291e-32)
(-2.49577e-11 -5.82903e-38 -9.37348e-33)
(-1.0658e-11 -1.18988e-38 3.05503e-33)
(-2.84131e-13 -1.90027e-41 -6.39273e-36)
(-3.00503e-10 1.79143e-56 -2.17034e-63)
(-2.23715e-11 1.79876e-76 9.49909e-83)
(1.96955e-12 2.44637e-92 2.88192e-87)
(1.86424e-11 -3.4187e-81 3.46378e-87)
(9.76893e-13 1.42772e-82 -2.02064e-88)
(-4.38068e-11 1.16416e-81 1.12156e-87)
(2.22286e-11 -4.26794e-94 5.92538e-89)
(-6.59316e-12 2.33224e-98 1.24658e-97)
(-1.02039e-11 -5.15701e-101 -4.77394e-95)
(-1.18642e-11 -2.36021e-95 4.94616e-93)
(-5.07158e-11 -5.22261e-84 -3.66818e-90)
(1.74012e-12 -1.35903e-76 1.44983e-82)
(-9.93862e-12 7.71361e-75 -1.51042e-82)
(-6.11485e-12 1.14022e-75 2.21462e-81)
(1.01133e-11 -6.7938e-87 -1.12304e-81)
(-4.48329e-12 -5.64744e-86 1.60169e-82)
(1.05095e-11 1.82269e-84 1.30612e-90)
(-5.89601e-13 -1.28393e-99 -8.30942e-93)
(1.77769e-12 -1.89939e-101 -8.12382e-93)
(-4.36772e-12 -1.10384e-96 -3.37687e-93)
(8.71916e-11 2.62579e-82 -2.51579e-84)
(3.22948e-12 1.93085e-88 7.94526e-82)
(-2.01973e-11 4.59883e-86 -8.70073e-81)
(-5.42141e-14 7.28479e-86 -9.42631e-81)
(-1.35355e-12 3.1762e-88 7.1458e-83)
(-1.15112e-11 7.96565e-93 -5.44762e-99)
(-3.31365e-12 3.81977e-96 -6.72433e-96)
(5.43593e-12 -3.82909e-96 1.15565e-94)
(4.56892e-12 5.63955e-100 1.19306e-94)
(-6.86165e-12 -4.21817e-98 -2.98369e-96)
(1.18769e-10 -3.11359e-28 1.3069e-26)
(2.61284e-11 4.32109e-33 2.45056e-28)
(-1.50213e-11 3.45896e-49 -2.16936e-43)
(-2.10638e-10 5.38679e-38 -1.58821e-43)
(4.54047e-11 -7.82221e-49 1.06606e-42)
(2.9082e-10 -9.68905e-50 7.63284e-43)
(3.84634e-12 1.53475e-48 1.38043e-43)
(0 0 0)
(-9.88439e-11 -1.49975e-64 -6.93274e-70)
(-3.48881e-10 -7.08743e-67 3.40462e-72)
(-1.74206e-10 -1.65341e-68 -8.65861e-74)
(-3.38888e-11 6.78904e-73 4.40565e-76)
(0 0 0)
(3.84836e-11 -8.70088e-104 -3.31811e-98)
(-3.1672e-11 1.01508e-102 4.11329e-97)
(2.00148e-10 6.80752e-101 2.62778e-95)
(1.3794e-10 3.33985e-97 -5.20061e-93)
(2.79066e-11 1.97173e-85 6.02408e-91)
(4.13316e-11 -8.81887e-108 1.77243e-100)
(-8.36199e-11 -3.13612e-104 -1.34102e-98)
(5.49015e-11 1.20947e-103 2.37067e-97)
(1.73046e-10 -5.32648e-102 -5.57716e-96)
(-5.75464e-11 3.06679e-88 1.10113e-93)
(-5.22117e-11 -1.3521e-128 -3.67525e-134)
(-1.94222e-10 1.08148e-132 4.94216e-135)
(1.81105e-10 -3.55426e-134 -7.83441e-136)
(-1.08321e-12 1.51363e-132 3.90239e-137)
(3.12905e-10 -1.0739e-113 -2.25799e-119)
(-4.01591e-11 9.46201e-115 2.14012e-114)
(3.9855e-10 -5.37342e-110 -4.33682e-117)
(2.73569e-10 -2.00203e-109 1.88548e-114)
(1.18792e-10 7.7826e-107 -3.28245e-112)
(1.12842e-11 9.26518e-93 -5.22729e-99)
(-1.26441e-10 -4.76906e-107 -2.04831e-112)
(-2.01264e-10 1.69251e-110 4.53329e-114)
(-1.16771e-10 -1.20689e-120 4.45654e-114)
(0 0 0)
(-3.85909e-12 8.50154e-41 1.26242e-35)
(4.03748e-11 -1.40934e-33 -2.17931e-35)
(-6.73641e-11 4.38851e-38 -3.43913e-35)
(-8.19527e-11 -7.26935e-39 -3.01942e-44)
(-1.10066e-10 -2.42463e-49 -9.01609e-50)
(8.17893e-11 -6.17341e-50 -6.23983e-50)
(4.9743e-11 1.00009e-48 2.77526e-50)
(-6.83356e-11 -2.84536e-51 1.73687e-57)
(-1.18171e-10 4.2914e-63 -2.4502e-70)
(-5.7245e-11 3.96842e-65 5.45721e-71)
(2.44527e-10 9.38759e-67 -4.0567e-72)
(-5.38891e-11 -1.05586e-70 4.37277e-74)
(-6.70465e-11 -7.53961e-76 -7.85037e-82)
(3.54929e-11 1.96486e-107 2.35638e-112)
(5.36534e-12 -7.60873e-104 -2.94373e-109)
(3.70679e-11 2.39563e-102 2.50399e-108)
(9.27936e-13 -1.03876e-115 7.15585e-110)
(3.73973e-11 -1.71564e-87 4.86678e-93)
(-8.62847e-12 -1.14935e-107 -5.60723e-113)
(-6.96891e-11 1.71872e-105 -5.9259e-103)
(4.42544e-11 3.36095e-105 -5.9259e-103)
(1.39573e-10 -1.32121e-101 -2.16958e-97)
(2.93784e-11 1.65304e-102 -2.16958e-97)
(1.67001e-11 -4.47779e-129 -3.06777e-134)
(-3.20223e-10 -2.42505e-131 1.7881e-136)
(3.08111e-10 5.32252e-134 9.96592e-137)
(-6.85181e-11 1.02944e-131 -9.94826e-138)
(1.79174e-10 -7.00833e-113 3.24301e-110)
(-3.36577e-11 8.66666e-114 -3.3637e-108)
(-5.74936e-11 1.16853e-108 1.39219e-106)
(-4.62146e-11 1.40815e-107 -3.00907e-105)
(1.18145e-10 -5.75794e-106 -3.15168e-105)
(1.7743e-11 -3.97194e-92 -8.58004e-100)
(-9.56145e-11 -1.02095e-107 -3.37114e-103)
(1.4418e-11 7.85682e-109 -3.37114e-103)
(1.28026e-10 1.39901e-120 1.95885e-126)
(-3.36445e-12 -2.64299e-125 1.22028e-128)
(3.51412e-12 6.3577e-23 -4.58379e-29)
(-1.80864e-11 -6.00722e-33 -7.33569e-29)
(-6.16587e-11 -1.58818e-36 2.00426e-31)
(4.67737e-11 4.95209e-41 8.08196e-47)
(6.01315e-11 1.0053e-48 -7.09466e-48)
(2.27803e-11 7.81201e-50 5.25392e-49)
(7.20115e-12 -6.02225e-49 -2.02401e-50)
(-4.75016e-11 -2.84536e-51 1.64626e-57)
(4.24693e-11 -7.35616e-62 -8.22632e-59)
(-5.88274e-12 -2.62068e-63 8.34391e-60)
(3.92909e-11 -4.99896e-65 -3.83837e-63)
(-6.0205e-11 2.45333e-68 4.75207e-65)
(-3.99327e-11 2.92304e-73 -2.49382e-67)
(3.39612e-11 -2.66202e-107 2.75299e-113)
(8.79542e-11 2.61017e-105 1.30571e-112)
(5.63559e-12 -8.18746e-104 1.0845e-109)
(-2.87026e-11 2.37593e-116 -7.64211e-111)
(-5.89242e-11 3.09423e-118 8.46658e-113)
(-5.99003e-11 3.28877e-110 2.68752e-115)
(4.52398e-12 -1.26018e-107 -3.67376e-113)
(6.9127e-11 -6.70294e-107 2.05674e-111)
(-3.53683e-11 -3.27458e-104 -2.75874e-110)
(9.54356e-11 1.34437e-117 -2.04561e-124)
(6.59804e-11 1.12593e-128 1.07487e-134)
(-8.28152e-11 2.31763e-130 -2.6214e-135)
(4.34244e-11 -2.51002e-131 -2.05721e-137)
(-7.85331e-11 6.64243e-132 -2.77336e-138)
(-9.86548e-11 -3.13873e-113 -1.47265e-118)
(7.00127e-11 -5.15707e-115 -1.79647e-115)
(-3.9841e-11 -2.2184e-107 1.79624e-113)
(1.41098e-11 -1.86678e-106 -2.67924e-112)
(-8.14887e-12 7.91504e-105 4.90767e-111)
(-2.80915e-11 -3.17438e-92 1.55862e-98)
(2.25506e-11 3.2879e-107 -4.83608e-114)
(-9.3898e-12 -9.4756e-110 4.53798e-116)
(6.1446e-12 -6.85223e-121 2.98145e-118)
(-2.82223e-12 1.78845e-124 -4.96684e-119)
(3.52463e-12 -2.69027e-24 9.85408e-28)
(5.87552e-12 9.90094e-34 -3.48079e-40)
(7.02656e-11 1.00038e-37 3.02125e-41)
(5.37542e-11 -8.36937e-43 -2.84758e-45)
(4.38732e-11 1.83941e-48 -2.61225e-45)
(-1.22985e-11 -1.48339e-51 2.30132e-46)
(3.79198e-12 6.24926e-50 -4.49689e-48)
(-9.356e-11 -5.77292e-49 3.10911e-55)
(-2.19804e-11 4.59721e-60 5.54763e-55)
(4.81184e-11 1.423e-61 -3.09755e-56)
(-1.12897e-11 2.81213e-63 5.97643e-58)
(-4.66967e-11 1.74068e-67 -2.05611e-60)
(2.11712e-11 -4.08763e-100 6.67598e-106)
(-1.01904e-11 8.29382e-109 2.24021e-114)
(2.91485e-12 -2.4481e-107 -1.05349e-112)
(7.77326e-12 1.42747e-105 1.88833e-111)
(-6.5956e-12 -1.75213e-118 6.93293e-114)
(-2.18591e-11 1.51046e-118 1.40588e-122)
(1.27354e-12 -6.86812e-114 -5.84361e-119)
(-1.36875e-12 3.83813e-122 8.1057e-117)
(2.07749e-12 1.4739e-109 7.15765e-116)
(1.1672e-11 3.74658e-112 -6.65106e-117)
(5.67526e-11 -5.18026e-117 -1.92846e-122)
(-1.26645e-11 -5.04025e-128 -8.19226e-123)
(4.77984e-11 -1.24132e-129 -1.78683e-123)
(-5.9068e-11 -2.98394e-131 5.24257e-125)
(4.93641e-12 -4.76702e-132 -1.68222e-125)
(1.12105e-10 -1.59177e-110 -5.44821e-105)
(-1.13509e-11 4.70937e-109 1.62517e-102)
(3.78889e-11 2.20292e-106 -4.74422e-101)
(-8.95256e-12 1.19166e-104 2.42215e-99)
(1.17424e-11 8.89027e-105 3.39746e-100)
(-2.28437e-11 9.27516e-93 1.45331e-98)
(-7.50094e-12 -3.73605e-108 6.39478e-114)
(1.49398e-11 2.57755e-111 -6.54e-117)
(-1.0395e-11 3.09101e-122 -1.20757e-117)
(-1.14251e-11 -2.37663e-123 5.02735e-118)
(-1.01783e-10 1.67578e-21 -4.58214e-28)
(-8.31881e-12 -1.16317e-33 -1.39551e-28)
(1.19825e-10 6.54304e-38 -1.26067e-43)
(-1.83052e-11 2.68321e-43 2.23929e-45)
(7.54287e-12 7.20087e-51 -6.42937e-46)
(2.00333e-11 -3.51777e-51 -6.52234e-45)
(-1.36463e-12 -1.22481e-50 -4.3231e-45)
(2.00252e-11 -5.77292e-49 -3.50342e-55)
(4.05633e-11 -1.87297e-62 -5.63902e-56)
(-2.03385e-11 -7.70606e-62 1.70127e-56)
(-8.59547e-12 -6.41051e-63 -1.44872e-57)
(-2.29161e-13 1.69806e-66 6.34035e-59)
(-1.3881e-10 4.00732e-100 -6.36943e-106)
(8.60739e-11 1.23807e-111 -6.10872e-106)
(-8.97728e-12 1.19471e-109 3.54129e-106)
(-1.95028e-11 -2.34508e-112 -6.03358e-107)
(0 0 0)
(-1.97611e-10 -5.08722e-117 -3.2706e-122)
(1.57068e-11 5.33958e-116 2.06954e-121)
(-4.95888e-12 -7.18662e-124 -2.1943e-119)
(-4.40915e-12 1.45728e-112 -5.51323e-119)
(1.06125e-10 3.74658e-112 4.9842e-121)
(-1.42258e-10 -2.40018e-116 -2.04694e-119)
(-2.82167e-12 -3.56958e-146 -5.93459e-140)
(-7.19218e-13 -1.37049e-146 8.68966e-140)
(9.45538e-12 2.48996e-131 -1.47535e-137)
(1.51897e-13 2.38378e-133 -1.36778e-139)
(1.49286e-10 2.4705e-112 -8.50066e-117)
(9.51748e-14 5.08397e-113 2.84583e-114)
(-8.89396e-12 3.58432e-118 -7.35121e-113)
(5.60345e-12 -2.35213e-106 -2.121e-112)
(5.73551e-12 3.00402e-118 7.35013e-113)
(4.9554e-12 1.28415e-119 -1.01041e-114)
(0 0 0)
(-1.03108e-11 -1.45212e-114 1.2782e-120)
(-1.56705e-11 3.24651e-127 3.93776e-122)
(-6.3488e-12 1.03977e-127 -2.28007e-122)
(-2.09256e-10 2.37677e-21 -7.91063e-21)
(-7.10456e-11 7.34305e-27 -1.0645e-20)
(3.22648e-11 -9.51118e-39 -1.88551e-43)
(-9.6577e-11 1.24935e-38 -1.8e-43)
(-6.70235e-11 -2.17244e-39 -4.47558e-44)
(-2.02889e-10 -1.18859e-49 -7.53478e-44)
(-6.92346e-11 -2.52893e-40 1.99061e-47)
(0 0 0)
(-4.02059e-11 -3.35794e-61 -3.33214e-67)
(-4.10037e-12 -2.05746e-66 -8.01007e-72)
(-5.89313e-11 -1.75769e-67 -4.46404e-73)
(1.98206e-11 1.36748e-81 6.08081e-76)
(-2.91969e-10 8.09496e-100 5.59855e-106)
(-6.10974e-11 -8.97002e-102 4.76686e-106)
(7.85066e-11 -3.45732e-112 -3.77837e-106)
(6.40217e-11 7.04387e-107 1.22961e-108)
(1.48198e-10 -1.40033e-114 -6.31681e-109)
(-6.15299e-11 8.38685e-116 8.09213e-111)
(1.74533e-10 -8.59176e-130 -2.93474e-124)
(2.08936e-10 -1.21684e-129 -2.17685e-124)
(-6.74961e-11 -1.30223e-127 -3.86502e-122)
(2.2404e-10 1.76654e-126 1.5423e-121)
(4.39544e-11 -1.4838e-116 1.00697e-121)
(-4.26219e-12 -3.43517e-148 -1.27078e-154)
(4.26664e-11 5.83799e-161 -5.67708e-156)
(-1.01347e-10 3.20707e-165 4.36814e-171)
(8.99094e-11 3.95081e-166 -2.8532e-172)
(1.14073e-10 -2.34933e-156 3.70367e-151)
(-1.75718e-11 -1.56634e-156 1.52292e-151)
(-8.78293e-11 5.47007e-157 -2.17384e-151)
(-3.82347e-11 8.21527e-159 -3.6598e-154)
(-2.81603e-11 4.26285e-159 -1.05695e-153)
(-7.94986e-13 -8.41684e-178 4.14006e-184)
(8.46887e-11 0 0)
(-3.55766e-12 0 0)
(2.03003e-11 0 0)
(4.27271e-11 0 0)
(-3.69606e-11 -3.03626e-21 7.38474e-27)
(1.59452e-11 -5.99189e-26 -4.08885e-27)
(-2.21092e-11 -3.34749e-39 5.04683e-34)
(-1.28952e-10 -1.5547e-38 -2.08252e-33)
(-2.85051e-11 3.24279e-39 -2.3064e-33)
(3.20384e-11 -1.36621e-39 -8.72932e-35)
(1.72923e-10 -1.18646e-39 -2.93955e-34)
(1.29448e-10 -6.04452e-40 7.414e-35)
(-4.12996e-11 1.89525e-59 1.231e-65)
(-6.78054e-11 4.4856e-64 2.38174e-68)
(-9.28465e-12 3.3753e-65 -2.42206e-71)
(2.4091e-10 -2.87487e-79 -1.9664e-74)
(1.02229e-10 1.23843e-81 8.2079e-76)
(-3.99364e-11 7.32755e-100 5.07467e-106)
(-1.86117e-11 -5.72937e-114 1.19022e-108)
(5.69907e-11 -1.09883e-104 -2.14407e-110)
(1.32337e-11 -1.89367e-107 6.48482e-113)
(1.5934e-11 -6.52804e-135 1.41025e-140)
(-4.33475e-11 1.17152e-130 2.01659e-126)
(-6.41793e-12 -1.66568e-131 -6.01161e-125)
(-4.51435e-11 -1.5596e-128 2.76177e-124)
(1.09145e-10 -2.80647e-127 -3.33359e-123)
(9.02233e-11 2.63922e-117 -1.29029e-122)
(-1.38016e-10 6.90789e-147 -8.92219e-153)
(-5.37161e-11 -7.60678e-160 3.58202e-154)
(-4.0497e-11 -2.10596e-162 3.83177e-159)
(1.42436e-10 -2.03328e-164 3.83177e-159)
(2.82096e-11 2.56128e-151 9.75029e-157)
(-5.94337e-11 6.26831e-158 1.17077e-157)
(9.99618e-11 -1.54596e-157 1.09366e-162)
(-7.61069e-12 7.10757e-166 -2.04773e-162)
(2.39265e-11 -5.44222e-160 -2.8022e-162)
(-3.28343e-11 2.86773e-176 5.32613e-182)
(1.92247e-11 0 0)
(-8.88516e-11 0 0)
(-4.23384e-11 0 0)
(3.98516e-12 0 0)
(1.26468e-11 -2.5194e-21 -4.60991e-27)
(-7.65566e-12 -3.39894e-26 3.51655e-28)
(6.93175e-12 4.80525e-34 2.09165e-34)
(-6.02695e-11 -2.84205e-38 -2.79817e-34)
(-3.81764e-11 3.29683e-39 -4.88982e-34)
(4.19444e-11 -3.4973e-40 2.49639e-46)
(-9.90499e-12 4.13608e-40 4.44919e-46)
(5.36766e-11 6.03502e-41 7.66739e-47)
(2.35527e-11 -5.93121e-58 -1.3896e-63)
(-5.75497e-11 -6.83094e-62 -5.3081e-66)
(2.52794e-11 -1.32879e-63 4.80034e-67)
(2.29504e-11 -1.52224e-76 -3.5963e-70)
(-3.26364e-11 -2.01544e-78 3.16923e-73)
(3.6209e-11 -3.66885e-98 -7.11257e-104)
(3.94365e-11 5.66809e-112 -2.37643e-106)
(5.9062e-11 1.21859e-102 1.95052e-108)
(-6.767e-11 1.4619e-105 5.43571e-111)
(2.31574e-11 -6.52804e-135 -3.07735e-140)
(1.40081e-11 -5.13083e-132 -8.38701e-138)
(-6.21308e-12 1.21834e-132 4.80799e-139)
(3.69336e-11 -1.0631e-128 9.402e-135)
(3.93545e-11 3.40822e-128 -4.15699e-134)
(2.6208e-11 -1.63838e-139 1.38014e-134)
(-1.51777e-12 -1.11139e-145 -2.71583e-151)
(1.71898e-10 -1.33033e-159 7.04921e-154)
(-9.43282e-11 7.46558e-161 -2.1569e-155)
(-3.32687e-11 2.32742e-162 4.34289e-157)
(5.81963e-11 2.56128e-151 8.64832e-157)
(-3.95919e-11 -9.60985e-159 1.65539e-164)
(-2.66217e-12 1.14784e-158 -6.8639e-165)
(-3.46987e-11 5.31416e-166 5.5904e-166)
(8.01907e-11 -3.54082e-163 -1.35446e-168)
(-2.70404e-12 2.54607e-175 -5.22377e-169)
(-3.06459e-11 0 0)
(-3.19413e-11 0 0)
(-1.50892e-11 0 0)
(2.16337e-11 0 0)
(4.44896e-11 9.71845e-22 -1.29306e-27)
(2.17211e-11 1.09351e-26 2.01952e-28)
(5.06302e-12 7.54636e-34 9.43799e-40)
(-4.05889e-11 5.17472e-41 4.73289e-41)
(2.64597e-11 1.14966e-39 -3.68771e-45)
(-9.78374e-12 7.96719e-41 2.85628e-46)
(3.10845e-12 -6.55477e-41 5.62457e-47)
(4.23232e-11 -3.68227e-42 8.92089e-48)
(2.51639e-11 1.50409e-56 4.05892e-51)
(1.20211e-11 1.48633e-59 -4.10124e-54)
(-3.68968e-11 1.19023e-62 4.22709e-57)
(-9.60595e-11 1.03277e-78 1.39995e-84)
(6.67159e-11 -6.12599e-82 5.69843e-87)
(5.17097e-12 1.88864e-96 -1.95047e-102)
(-4.61001e-13 -2.16627e-99 3.8564e-104)
(7.47183e-11 -1.24927e-100 -1.20476e-106)
(1.03559e-11 -9.57395e-103 -1.39844e-109)
(-1.11144e-11 -2.1243e-104 -3.66598e-110)
(3.92655e-11 3.04968e-133 -2.82955e-139)
(2.01616e-11 -2.59388e-134 -1.25472e-137)
(1.79231e-11 3.29954e-130 1.23122e-136)
(3.75923e-11 -2.77037e-129 2.25419e-135)
(2.65586e-11 2.11472e-140 -2.03497e-137)
(-1.08179e-11 1.68908e-144 1.53903e-139)
(3.19039e-11 7.96328e-161 2.2054e-167)
(-7.47001e-11 -1.59017e-162 5.17943e-168)
(3.02312e-11 -2.65991e-164 1.59419e-170)
(-9.82187e-11 -7.3262e-172 -5.05581e-167)
(-4.20208e-12 6.35262e-160 1.82828e-165)
(1.36514e-11 -3.92162e-160 -1.05617e-166)
(-2.01827e-11 -1.65878e-166 -6.03216e-168)
(9.27811e-11 6.20768e-163 -2.50943e-169)
(1.2878e-10 -3.48635e-176 5.46511e-171)
(4.49316e-11 0 0)
(5.86432e-11 0 0)
(-2.73889e-11 0 0)
(-1.72883e-11 0 0)
(-1.62654e-11 -1.7954e-22 -7.42973e-29)
(-2.96078e-11 -1.50004e-27 3.67984e-34)
(2.24917e-12 -1.44623e-33 -4.69718e-36)
(2.0924e-12 5.57839e-53 9.16111e-47)
(1.71289e-11 -1.91029e-39 -1.95543e-45)
(-1.0145e-11 -9.35347e-42 -1.12654e-45)
(-3.51134e-13 4.64817e-52 1.10683e-46)
(-3.89128e-11 1.12168e-43 1.14053e-49)
(-1.90951e-12 -1.136e-59 1.02725e-65)
(4.30729e-11 -2.76946e-61 -6.15162e-67)
(3.24135e-12 -7.73116e-64 2.43738e-68)
(-7.58099e-11 -9.3747e-78 -1.23612e-70)
(-7.04393e-11 1.36041e-82 -2.90364e-88)
(-1.70551e-11 -1.80205e-95 7.63746e-90)
(1.19266e-12 7.90385e-97 -1.8491e-91)
(-5.71566e-14 1.01454e-98 2.239e-93)
(-6.3167e-11 1.77545e-100 -3.51072e-95)
(1.39263e-11 6.72617e-103 1.53845e-97)
(-2.66163e-11 -8.90872e-135 2.70044e-141)
(-1.47676e-11 4.35635e-137 3.78954e-139)
(-2.9867e-11 -6.18363e-132 7.67192e-138)
(3.30424e-11 1.39961e-145 -3.11475e-139)
(3.0969e-12 -1.29944e-141 4.99349e-141)
(4.90739e-12 -1.16318e-146 8.93326e-153)
(-3.83951e-11 -1.93405e-162 -1.85201e-169)
(2.63044e-11 1.508e-164 -8.89911e-170)
(5.39308e-12 1.93699e-166 1.36761e-173)
(-2.289e-10 8.25723e-173 -1.2214e-178)
(6.20219e-13 2.0941e-176 1.11768e-170)
(2.89153e-13 -9.98672e-163 -1.38699e-168)
(-9.81658e-13 5.79538e-168 -1.86265e-168)
(-2.62929e-11 -2.65383e-164 3.54797e-170)
(1.63819e-11 1.62474e-177 -2.62731e-172)
(-2.31139e-12 0 0)
(-4.20839e-11 0 0)
(-2.90847e-11 0 0)
(3.13923e-12 0 0)
(9.06796e-11 1.78395e-25 1.86239e-27)
(2.77957e-11 5.22062e-29 1.42085e-27)
(6.03692e-11 -3.00114e-33 4.69749e-29)
(-7.11136e-11 -9.40478e-52 -1.24462e-57)
(-1.13133e-10 5.64264e-53 7.45369e-58)
(-8.01785e-11 -7.22955e-63 -3.52193e-58)
(-4.3323e-11 8.31897e-55 4.53885e-53)
(4.04625e-11 -1.39194e-45 -3.56687e-51)
(-1.51545e-11 9.13019e-67 1.9144e-72)
(3.85011e-11 1.42904e-69 -4.01344e-73)
(1.69502e-10 1.48354e-69 2.4175e-74)
(1.20474e-10 6.61557e-73 -1.74658e-74)
(-8.80686e-11 -8.16509e-84 -7.70862e-91)
(8.08202e-11 -1.63385e-110 -2.61964e-116)
(4.63472e-11 2.2575e-112 2.61693e-116)
(-1.66786e-11 6.32906e-115 -4.54638e-114)
(1.69484e-11 1.28373e-114 4.78047e-112)
(1.04674e-10 -3.21506e-104 -1.09713e-109)
(-3.38556e-11 8.0809e-146 -1.02261e-151)
(-4.74664e-12 -6.06339e-159 -1.97016e-153)
(3.52393e-12 -9.62281e-150 -2.39928e-155)
(1.39812e-10 5.62284e-152 -1.04687e-149)
(3.64036e-11 1.6799e-142 1.04058e-147)
(9.09803e-11 0 0)
(2.70645e-12 2.09833e-191 1.53601e-185)
(-5.25334e-12 -1.01378e-188 -9.58153e-183)
(1.83336e-10 6.47229e-186 1.3641e-180)
(-2.56334e-11 -5.82394e-174 -3.36535e-179)
(-8.73523e-11 -1.03122e-200 -3.42925e-194)
(1.08147e-10 2.41981e-197 2.28695e-191)
(6.48328e-12 -3.44403e-195 -2.80895e-189)
(-2.34145e-10 2.54573e-193 2.94079e-187)
(-8.9713e-11 -9.84769e-180 -2.72274e-185)
(-8.96742e-11 0 0)
(6.45069e-11 0 0)
(1.79684e-10 0 0)
(-2.55677e-11 0 0)
(-8.84248e-12 1.31322e-27 -4.07131e-27)
(7.47316e-11 6.73885e-33 -4.28054e-31)
(1.48858e-10 -8.71254e-34 8.35078e-33)
(-5.14603e-11 3.38242e-52 -4.0925e-57)
(-7.10136e-11 -4.18413e-52 2.60411e-60)
(5.3709e-11 -1.59846e-61 9.47664e-59)
(-2.01889e-11 -1.50846e-54 -5.96404e-60)
(0 0 0)
(-5.94802e-11 -3.82868e-66 2.07785e-72)
(1.16711e-11 -1.13157e-67 -2.34682e-73)
(4.69517e-11 -1.48521e-68 2.32841e-75)
(-2.3161e-12 -6.3386e-72 -2.13816e-77)
(1.66345e-12 -2.89625e-123 9.24368e-118)
(7.69617e-11 9.91701e-111 2.1879e-117)
(-8.79424e-11 -2.58567e-111 -6.03371e-117)
(-6.83195e-11 -4.66904e-112 -1.22169e-117)
(6.14911e-11 -1.60149e-113 -3.75295e-119)
(-1.38175e-11 -1.2939e-148 -4.57955e-143)
(-1.19165e-10 -6.12824e-144 -4.08668e-143)
(-3.43217e-11 2.71624e-149 -4.34308e-144)
(3.5405e-11 5.4728e-150 -8.32588e-144)
(1.07357e-10 2.9037e-150 9.38378e-145)
(-4.31945e-11 -2.18878e-144 -7.44681e-147)
(-2.25177e-11 0 0)
(-9.51163e-11 0 0)
(-8.43829e-12 8.29768e-191 1.88081e-196)
(1.2903e-11 -4.04452e-188 -2.18896e-194)
(1.2314e-10 9.8332e-204 -1.51514e-197)
(-1.18234e-11 4.37217e-202 2.70799e-207)
(-2.74903e-11 -1.87455e-199 2.27345e-194)
(8.1162e-11 1.61088e-197 -1.02e-192)
(1.44075e-10 3.87345e-195 1.18267e-191)
(1.84314e-10 -1.37737e-185 5.13597e-191)
(-1.14932e-12 0 0)
(-1.9684e-10 0 0)
(1.4963e-10 0 0)
(3.8325e-11 0 0)
(-7.12716e-11 -7.42351e-28 -2.16009e-28)
(3.09167e-12 -2.2349e-32 -2.7072e-29)
(8.476e-11 5.16892e-34 5.05252e-31)
(-3.55782e-11 -9.50974e-42 -1.31611e-47)
(-1.64707e-11 6.24439e-52 -5.91404e-56)
(2.66035e-11 -4.58258e-61 3.78253e-56)
(6.8178e-12 1.59065e-55 -1.2969e-55)
(5.01884e-11 -1.17591e-61 9.01512e-62)
(7.77607e-11 -5.72867e-66 -1.38575e-61)
(3.68996e-11 8.43445e-67 -2.01405e-61)
(-8.06682e-11 8.95077e-68 2.72947e-62)
(-7.54719e-11 1.21105e-70 -2.61154e-65)
(3.90529e-11 3.57344e-114 1.23916e-105)
(3.45168e-11 2.64191e-110 6.98848e-105)
(-3.69722e-11 -2.3569e-111 5.30034e-105)
(-6.43889e-11 1.64406e-111 -4.03018e-106)
(-1.06974e-12 1.63342e-112 4.5965e-107)
(3.7366e-11 1.33258e-142 1.07243e-137)
(-1.7229e-12 2.61623e-142 1.07243e-137)
(-1.07661e-11 -2.41983e-150 6.62442e-158)
(-5.10245e-11 -1.24991e-149 3.53409e-155)
(5.14526e-11 -1.58346e-151 5.98837e-157)
(-2.02051e-11 -6.45937e-153 1.9012e-158)
(-4.59079e-11 0 0)
(6.27244e-11 0 0)
(-1.32312e-11 0 0)
(-9.95137e-11 5.54305e-191 9.93651e-198)
(0 0 0)
(1.91702e-11 -5.64187e-205 2.62342e-211)
(6.31008e-11 5.15069e-204 1.40537e-207)
(2.77665e-11 2.20039e-200 1.42909e-205)
(-4.72514e-11 -3.04243e-197 -1.33891e-203)
(7.37353e-11 -1.37737e-185 3.84903e-191)
(6.37342e-11 0 0)
(-7.40822e-11 0 0)
(2.49185e-11 0 0)
(6.78774e-12 0 0)
(-5.91402e-11 -4.20676e-27 -5.65459e-27)
(-3.36554e-12 -3.41512e-32 -6.04248e-28)
(-5.60123e-11 7.07157e-38 7.62813e-35)
(-7.10638e-13 5.1559e-40 7.62726e-35)
(6.28267e-11 -5.84613e-45 -8.64739e-39)
(4.9083e-13 -1.01961e-51 -1.17498e-57)
(1.969e-11 2.49886e-54 -4.58953e-60)
(-2.35934e-12 -7.1762e-62 -1.69937e-63)
(-1.20106e-11 -2.98903e-66 2.84166e-65)
(-2.19798e-12 4.852e-72 -1.00288e-66)
(1.43082e-11 -3.10172e-69 6.3418e-69)
(-9.42526e-13 1.61642e-74 4.90351e-81)
(0 0 0)
(7.90301e-12 3.42201e-111 -1.54648e-117)
(4.30685e-12 1.40821e-111 -1.8776e-117)
(-1.48655e-11 -3.68846e-112 9.46164e-118)
(2.80133e-12 -2.85144e-114 -7.51035e-120)
(-3.90013e-11 1.51288e-128 3.37291e-134)
(1.00522e-11 -1.36743e-140 -9.04572e-136)
(1.1861e-11 1.98972e-150 1.27747e-157)
(1.54395e-12 2.32002e-150 2.48326e-156)
(1.38289e-10 1.76227e-152 -4.59354e-159)
(2.64991e-11 -8.32681e-157 1.10425e-158)
(-7.08711e-11 0 0)
(8.4679e-11 0 0)
(6.49249e-12 0 0)
(5.0998e-11 0 0)
(1.49472e-10 -5.76434e-222 -3.72054e-217)
(-7.4117e-11 1.41427e-208 -8.65738e-214)
(-3.72586e-11 1.44244e-204 5.41783e-211)
(-3.25831e-11 -3.15414e-202 -4.7561e-208)
(5.44047e-11 2.48832e-200 1.6468e-206)
(1.69356e-10 0 0)
(-4.96733e-11 0 0)
(4.13174e-11 0 0)
(-2.75269e-11 0 0)
(-7.42402e-13 0 0)
(-1.83704e-10 3.98167e-27 3.03592e-28)
(2.60768e-13 -1.15871e-34 5.25038e-41)
(-8.79848e-11 7.26676e-38 -1.37069e-43)
(-3.48787e-11 -2.00942e-42 1.02285e-44)
(-1.92447e-11 2.21e-50 1.16812e-44)
(-3.52748e-11 8.41635e-51 -1.50083e-45)
(4.33921e-13 1.14107e-51 3.35183e-46)
(-2.45864e-11 -7.38149e-61 2.08961e-66)
(0 0 0)
(4.48586e-12 -1.72627e-74 -3.81984e-77)
(-1.57431e-11 -2.36796e-82 -2.64942e-77)
(-9.89129e-12 1.45325e-74 1.151e-77)
(-8.80389e-11 1.09048e-84 -2.22727e-79)
(1.06278e-12 -3.60154e-131 -2.89677e-122)
(9.32839e-12 -9.47141e-126 2.12095e-120)
(1.11073e-11 1.1471e-113 2.34542e-120)
(8.67097e-12 1.37793e-115 -2.64084e-120)
(1.71796e-10 -4.26991e-127 5.35871e-122)
(2.33878e-11 7.48421e-143 -1.15896e-148)
(6.06582e-12 -1.25943e-151 1.55789e-150)
(-2.14456e-12 -2.00678e-151 -8.22379e-153)
(-2.9245e-11 -5.13665e-155 3.03819e-155)
(-7.59728e-11 -8.32681e-157 -1.8871e-158)
(-8.1134e-12 0 0)
(1.20653e-12 0 0)
(1.39044e-11 0 0)
(-7.52433e-12 0 0)
(1.92804e-10 3.81487e-223 3.55736e-218)
(1.38284e-11 -1.94485e-221 -4.73895e-216)
(-3.76226e-11 -4.98363e-209 8.06205e-214)
(-1.80804e-11 3.21146e-206 -3.71158e-211)
(-5.85798e-13 2.22108e-203 3.42639e-210)
(2.08109e-10 0 0)
(1.8372e-11 0 0)
(-1.15844e-12 0 0)
(8.26659e-14 0 0)
(-1.34289e-12 0 0)
(-1.40578e-11 5.69365e-26 -7.94728e-26)
(-4.50935e-11 6.22191e-33 -1.64632e-27)
(-5.29906e-12 2.47903e-39 -1.54223e-45)
(-1.36748e-10 1.2548e-38 3.36775e-44)
(1.1953e-10 -6.05313e-41 -1.11687e-44)
(2.94039e-10 4.36379e-52 2.44778e-45)
(-1.17698e-11 7.42635e-53 -6.84109e-47)
(-6.73703e-11 6.71326e-59 2.39138e-64)
(-6.47838e-11 -5.546e-72 6.94407e-67)
(-6.1251e-11 4.91025e-75 3.53203e-69)
(1.62294e-11 -2.30956e-76 -1.77163e-70)
(3.50249e-12 -1.60422e-75 4.47619e-72)
(-1.87995e-10 -1.04102e-85 -1.04411e-91)
(-3.53685e-11 1.01866e-114 4.59976e-121)
(3.57671e-11 1.23327e-116 -2.66773e-121)
(7.7265e-11 -7.42582e-118 5.55103e-122)
(-1.74387e-11 -1.53904e-119 3.5762e-125)
(9.33184e-11 1.45206e-128 1.82467e-127)
(9.51863e-11 -1.90105e-149 -9.01021e-155)
(-6.7075e-11 1.66255e-150 8.91077e-156)
(-7.42641e-11 1.57972e-152 -8.224e-158)
(9.17503e-11 3.98885e-155 3.13778e-159)
(0 0 0)
(7.51163e-11 5.55685e-186 1.67083e-191)
(-2.9351e-10 7.1633e-190 -3.416e-194)
(-3.77112e-11 9.30044e-193 4.80006e-197)
(1.9195e-10 2.11132e-198 -1.40381e-199)
(3.05749e-10 -1.59871e-301 -3.87032e-307)
(-2.55761e-10 1.21309e-311 5.42749e-317)
(1.68517e-10 7.06575e-313 3.05528e-318)
(2.56934e-10 -1.14255e-313 4.87329e-318)
(3.35166e-11 2.24713e-317 -7.90505e-323)
(-5.84592e-12 0 0)
(-1.96816e-10 0 0)
(1.36622e-11 0 0)
(-9.96729e-11 0 0)
(9.32261e-12 0 0)
(1.04299e-11 1.06359e-29 2.75832e-31)
(7.92964e-11 5.29034e-34 2.24049e-31)
(-5.57089e-11 1.65911e-35 -3.00154e-41)
(-1.21984e-10 -2.69382e-38 1.83843e-44)
(-2.196e-10 4.62712e-40 2.50204e-45)
(9.27063e-11 7.9035e-52 -2.39111e-46)
(3.00143e-11 -4.02277e-54 8.61955e-50)
(1.24346e-11 -3.94956e-58 -5.35555e-53)
(-9.50543e-13 -5.26627e-74 -8.73018e-80)
(-9.81249e-11 -2.23842e-72 -7.40779e-79)
(-9.95204e-12 1.381e-73 -2.19545e-81)
(-3.28451e-11 2.36628e-77 -2.3801e-82)
(-6.38187e-11 8.65476e-87 -2.7865e-92)
(-1.04467e-10 -2.84433e-115 3.36643e-121)
(-1.30042e-11 -6.04597e-116 -2.8163e-122)
(1.09193e-10 5.4815e-117 -4.15508e-122)
(-2.96505e-11 2.51264e-118 -1.68288e-124)
(-5.64922e-11 -6.81697e-130 -1.07217e-125)
(4.03173e-11 1.98349e-148 -1.66865e-154)
(-5.72098e-11 -1.01839e-146 6.51531e-153)
(2.37517e-10 -1.2701e-151 1.21379e-155)
(1.18816e-10 -3.14382e-154 -8.61084e-162)
(-1.82699e-10 8.09106e-172 1.22995e-177)
(5.31373e-11 -9.93071e-184 -2.54273e-179)
(1.99312e-11 -8.49468e-187 2.23954e-181)
(3.90377e-10 -7.69012e-190 -1.39484e-184)
(7.99667e-11 -3.59437e-195 2.82733e-201)
(1.66961e-10 -6.89316e-300 -1.33634e-305)
(-2.35164e-10 7.41353e-312 6.08846e-307)
(-2.57532e-10 -2.9004e-312 1.70313e-306)
(-2.23551e-11 3.67296e-313 -3.57161e-307)
(1.10681e-11 3.06204e-316 1.0431e-310)
(-5.16348e-11 0 0)
(-1.57999e-10 0 0)
(-8.58592e-11 0 0)
(-4.76571e-11 0 0)
(1.69774e-12 0 0)
(-4.60099e-11 -2.09726e-27 -3.9159e-29)
(6.7536e-11 3.3798e-33 -1.7871e-29)
(-1.75791e-12 3.17462e-35 1.29777e-33)
(1.17241e-10 -2.87851e-38 -6.05832e-34)
(-2.63872e-11 -1.47958e-40 -1.9036e-33)
(1.49521e-11 -6.96507e-53 2.02078e-59)
(-4.83549e-11 -4.0444e-54 -3.26221e-60)
(-4.07362e-11 -1.5735e-57 -3.55189e-60)
(6.22614e-12 2.49209e-75 5.59289e-77)
(4.86402e-11 1.9936e-69 2.80218e-75)
(4.57684e-12 -1.83364e-71 1.90408e-76)
(-6.73855e-11 9.39365e-83 1.54592e-76)
(-8.51033e-12 -7.7556e-105 1.05007e-110)
(4.86224e-11 -1.70637e-115 2.77585e-110)
(-7.5478e-11 2.19346e-115 2.77585e-110)
(1.04632e-11 -3.1609e-116 -8.57725e-122)
(-3.4949e-11 -1.5386e-117 -6.72494e-123)
(2.33247e-11 9.79923e-132 -1.38094e-137)
(3.49498e-11 -1.35971e-148 -2.3226e-143)
(1.88559e-12 1.78276e-144 -2.21223e-143)
(3.70022e-11 4.71172e-150 1.08067e-144)
(-1.0446e-10 -8.17702e-150 -2.29923e-146)
(-1.75046e-10 -4.1359e-170 -5.50275e-177)
(1.10828e-10 5.96107e-182 4.80589e-177)
(-5.76676e-12 7.01223e-185 -1.30747e-179)
(5.16509e-11 3.29675e-187 5.04305e-182)
(-6.36872e-11 -9.9188e-192 -1.99248e-185)
(-8.92465e-11 -6.35688e-300 -1.1909e-305)
(9.91852e-11 7.37762e-312 1.52779e-307)
(-9.67104e-11 3.14513e-313 -8.20044e-309)
(3.17258e-11 -4.0963e-314 6.14744e-310)
(-2.46728e-11 -3.69976e-317 -9.09013e-312)
(5.74084e-11 0 0)
(6.98774e-11 0 0)
(-5.11261e-11 0 0)
(7.78282e-11 0 0)
(2.7902e-12 0 0)
(3.83308e-11 1.27931e-27 1.89726e-29)
(8.97582e-12 -2.05454e-34 3.38812e-30)
(-4.11611e-11 -4.68404e-34 -1.37838e-40)
(1.32822e-11 -5.2533e-39 2.04593e-40)
(1.5653e-11 -1.5633e-40 4.30883e-47)
(-1.27229e-11 2.31247e-52 -4.57098e-47)
(-1.09753e-11 5.6222e-55 1.21963e-48)
(-1.74722e-11 4.55507e-56 -6.57925e-51)
(-5.60399e-11 -3.27768e-77 -7.02864e-74)
(2.59661e-12 -1.80181e-67 -2.01145e-73)
(-1.03962e-11 1.90445e-69 4.75196e-75)
(8.06187e-12 9.65004e-82 -2.73847e-75)
(-2.82532e-11 -7.7556e-105 -1.19353e-110)
(1.12308e-10 9.52186e-115 -3.3907e-109)
(-2.9499e-11 2.79718e-115 -2.73032e-109)
(-2.74455e-11 1.42783e-116 3.00405e-110)
(-2.7801e-12 3.47991e-116 -1.35623e-110)
(1.12798e-11 -1.03542e-133 1.49301e-139)
(-2.05794e-11 2.8147e-146 -6.11718e-141)
(1.21621e-12 -4.08586e-142 1.27338e-142)
(-6.49943e-12 -9.95572e-150 -2.01526e-144)
(9.52992e-12 7.56932e-147 1.74417e-146)
(-3.49521e-11 -5.05199e-150 -1.3637e-155)
(-3.9152e-11 -2.95747e-181 -5.24954e-176)
(1.70341e-11 -3.42256e-183 7.45072e-178)
(-2.64365e-11 -1.96061e-185 -4.253e-180)
(-4.07208e-12 4.46244e-195 1.8877e-201)
(-2.15279e-11 3.7641e-301 -5.77134e-307)
(-5.98306e-12 -8.22426e-314 -3.11831e-308)
(6.30999e-12 -2.15504e-314 1.53855e-310)
(3.65878e-12 -3.26205e-317 6.47727e-312)
(2.81958e-12 -2.87408e-319 -6.90708e-314)
(-3.20972e-11 0 0)
(-2.69326e-11 0 0)
(3.09591e-11 0 0)
(3.65882e-12 0 0)
(-7.1594e-12 0 0)
(-3.02207e-11 2.43297e-27 9.85813e-34)
(-2.41009e-11 1.41908e-34 -4.4615e-36)
(-8.55462e-11 2.88863e-34 -4.45913e-36)
(0 0 0)
(1.07999e-11 5.28915e-42 -9.73274e-49)
(1.1749e-11 -5.46754e-54 9.98138e-49)
(-4.04229e-12 2.09572e-54 -2.30629e-50)
(-4.20125e-11 -2.19476e-57 -7.40273e-59)
(-2.56611e-11 -4.05736e-64 -6.59514e-59)
(-2.85496e-12 9.11705e-66 7.92628e-60)
(-1.05842e-11 5.10611e-68 -1.50217e-61)
(1.52419e-11 -4.312e-83 -9.19089e-90)
(-2.28562e-11 2.11727e-120 1.6278e-115)
(5.31449e-11 6.94866e-116 1.20459e-115)
(5.51987e-11 2.77449e-115 -4.13955e-116)
(-7.80402e-12 -8.56908e-124 8.93574e-118)
(1.50922e-13 -1.8726e-117 -3.16374e-119)
(4.73785e-12 -7.6699e-125 -3.88847e-130)
(2.35748e-11 1.3817e-137 2.24996e-132)
(-4.75339e-12 2.52313e-139 -6.50277e-134)
(-2.86713e-12 2.60922e-141 5.79282e-136)
(-4.45268e-12 -6.0118e-145 -2.33998e-138)
(7.7372e-11 -1.5725e-148 6.6145e-142)
(1.67619e-11 -1.00089e-204 2.33135e-199)
(1.58268e-11 -6.38746e-202 -1.27636e-196)
(1.71068e-11 3.3434e-188 -5.61368e-194)
(9.36927e-12 -1.48593e-198 4.91667e-197)
(4.66771e-12 0 0)
(-7.99012e-13 4.43512e-317 -1.97626e-323)
(7.37088e-12 3.27315e-316 -6.42285e-323)
(8.94322e-12 5.65508e-320 9.88131e-324)
(3.49222e-11 0 0)
(-5.88318e-11 0 0)
(0 0 0)
(-1.87504e-11 0 0)
(-3.28288e-12 0 0)
(-1.39023e-12 0 0)
(1.94196e-11 -2.73209e-26 5.98325e-26)
(-2.77208e-11 6.79024e-34 -4.85363e-28)
(6.15187e-12 2.96762e-34 -2.88323e-29)
(-4.33695e-11 2.43636e-44 -1.56347e-51)
(-2.30292e-11 -9.27576e-45 -4.30691e-50)
(-4.27091e-11 1.18331e-55 2.63009e-50)
(-7.80143e-12 -5.40303e-49 -5.15831e-51)
(6.92599e-11 3.42944e-58 -7.81672e-64)
(3.95797e-11 -1.96214e-71 1.6388e-79)
(2.11047e-11 5.20578e-74 -2.74032e-79)
(5.68186e-11 -3.19031e-77 1.17458e-81)
(-2.98324e-11 5.93146e-82 2.04959e-88)
(-2.9953e-11 -1.04956e-106 1.27718e-114)
(7.71124e-11 -3.02952e-108 -1.1537e-113)
(6.34013e-11 -4.19906e-120 -4.30293e-114)
(-6.23046e-11 3.91979e-121 -4.85579e-117)
(-1.32439e-11 -1.66018e-122 -4.11924e-117)
(4.4817e-12 2.13863e-124 7.36552e-118)
(5.40474e-11 2.6663e-138 4.31661e-144)
(7.63344e-11 -1.13934e-149 -2.49445e-144)
(-9.16935e-13 8.832e-146 4.34106e-146)
(9.80875e-11 -7.84987e-153 -1.02727e-147)
(4.47814e-11 2.72824e-154 1.58253e-148)
(2.32104e-11 2.90599e-172 -3.36961e-179)
(1.3e-10 -4.6206e-186 -3.95681e-180)
(-5.85775e-11 -7.97239e-190 -8.3528e-197)
(5.73589e-11 7.22828e-194 8.09982e-199)
(7.49557e-12 3.88275e-224 1.87491e-229)
(1.3766e-10 -7.51093e-237 -3.93949e-232)
(-7.86571e-13 1.69596e-313 -6.77307e-308)
(-1.17256e-11 6.70735e-316 6.11376e-310)
(-2.1142e-11 -6.99024e-319 -2.13552e-312)
(-2.14749e-11 0 0)
(2.60418e-11 0 0)
(-4.22458e-11 0 0)
(1.36421e-10 0 0)
(1.18149e-10 0 0)
(-3.61131e-11 -6.45577e-28 -4.76721e-27)
(-3.58383e-11 2.34967e-33 4.06423e-28)
(1.14052e-10 -5.0433e-34 -1.64136e-37)
(2.66495e-11 3.03576e-43 -8.06061e-38)
(4.07657e-11 -4.78905e-44 7.87454e-38)
(6.71159e-11 -1.7097e-44 -7.5401e-39)
(-1.8246e-11 5.35157e-47 2.80413e-41)
(1.0086e-10 -1.06606e-56 -6.84197e-63)
(-4.47907e-11 1.67181e-69 -2.70386e-64)
(-1.09358e-10 -5.24816e-72 3.08545e-66)
(1.06932e-10 -1.50772e-74 -3.09945e-68)
(-7.9725e-11 -2.38112e-79 4.13186e-85)
(1.34386e-11 1.21044e-104 -1.75146e-110)
(-5.4257e-11 -6.17702e-107 -4.15521e-113)
(-1.064e-10 -2.94063e-119 -6.18608e-114)
(1.06488e-11 -2.98868e-121 -2.71871e-115)
(-1.43931e-11 9.38926e-123 1.1165e-116)
(0 0 0)
(-1.039e-10 -2.96581e-138 2.22735e-144)
(-2.87654e-11 5.52775e-142 1.50306e-144)
(1.24973e-11 -1.37639e-143 -2.56538e-145)
(-4.95739e-12 1.38399e-144 2.51706e-146)
(-1.1438e-11 2.44778e-153 -6.07006e-148)
(-6.61307e-11 -9.04126e-171 -5.24003e-177)
(-1.24889e-11 -5.40726e-173 -2.93278e-178)
(-1.56609e-11 -1.0578e-189 -3.76892e-185)
(4.42407e-11 -5.46217e-191 -3.76892e-185)
(-8.18565e-11 -2.60056e-214 -9.05785e-220)
(1.18595e-10 3.78635e-234 3.64709e-229)
(-5.29069e-11 4.09074e-238 -1.73026e-232)
(1.04105e-10 8.08739e-315 -2.02292e-308)
(1.14642e-11 3.1598e-317 9.94678e-312)
(4.21225e-11 0 0)
(4.16606e-11 0 0)
(-9.47939e-11 0 0)
(1.48833e-12 0 0)
(3.77333e-11 0 0)
(4.23477e-11 -8.68706e-27 -7.79384e-29)
(4.69657e-11 7.34895e-35 -8.67548e-40)
(-1.83005e-11 6.86504e-36 6.10636e-42)
(-1.0002e-10 -1.47341e-43 -9.29226e-49)
(8.84573e-12 5.42807e-44 -3.80658e-50)
(-1.00933e-11 2.42046e-46 -5.56542e-52)
(-1.72633e-11 8.55334e-49 -7.135e-54)
(-2.89565e-11 1.25651e-55 3.64169e-61)
(-6.1807e-11 -6.44533e-69 9.16398e-64)
(1.88667e-11 1.16314e-71 -9.9728e-66)
(-1.47364e-11 -3.82366e-76 -3.14796e-71)
(-1.46133e-11 -9.92615e-78 -3.14796e-71)
(-9.84599e-11 8.11561e-97 7.00594e-103)
(-1.81755e-11 6.26583e-104 5.37659e-110)
(4.67916e-11 -1.63026e-118 -1.50253e-112)
(-3.51863e-11 1.52431e-119 -6.06745e-114)
(-2.162e-11 8.84937e-122 3.35013e-116)
(6.89e-11 2.13819e-138 9.86883e-133)
(-4.19858e-11 -7.25164e-138 6.97582e-133)
(2.76277e-11 1.7398e-139 -2.83407e-133)
(5.01526e-11 2.33075e-141 5.81924e-135)
(3.40858e-11 -2.55136e-142 -7.51308e-137)
(6.03616e-11 -1.41586e-154 5.36282e-160)
(4.60518e-11 -6.50514e-169 -1.77682e-163)
(1.04967e-12 1.32792e-171 -3.90233e-166)
(-2.41814e-11 -4.69124e-189 -6.50082e-195)
(-7.33515e-11 1.34933e-193 5.36919e-197)
(-1.11144e-11 4.16552e-207 -5.34998e-202)
(1.89091e-11 -1.81257e-237 -2.65541e-244)
(4.58012e-11 5.49854e-314 1.87794e-319)
(1.28528e-11 -2.07899e-316 3.7549e-322)
(-6.72793e-11 -3.32309e-320 0)
(7.8459e-11 0 0)
(-3.30506e-12 0 0)
(1.7485e-13 0 0)
(-1.14739e-11 0 0)
(1.25903e-11 0 0)
(-1.26402e-12 -2.42601e-27 1.45421e-29)
(8.84492e-11 -6.93136e-34 6.30714e-40)
(6.76241e-11 -4.66693e-41 2.45761e-40)
(-2.94613e-11 4.12529e-44 -1.47246e-49)
(-3.18429e-12 -9.29507e-45 -4.09242e-49)
(-7.45171e-11 -1.53973e-47 1.47279e-48)
(1.98148e-11 -4.15796e-50 1.64846e-48)
(7.33513e-11 -7.77908e-55 -1.86674e-49)
(-4.99829e-11 1.65654e-70 -2.56807e-76)
(2.8433e-11 -5.98389e-73 2.94526e-78)
(-8.95736e-11 3.91767e-77 -2.01192e-80)
(-4.29243e-11 -2.31374e-79 3.92922e-85)
(-1.48965e-10 5.57146e-94 -8.20133e-88)
(-2.11622e-11 1.74229e-96 2.39662e-90)
(-5.02734e-11 2.28514e-120 -9.34241e-127)
(-1.48396e-10 -4.95288e-120 3.13996e-126)
(2.33534e-11 -1.54423e-122 2.08336e-127)
(4.59977e-12 -3.90483e-138 1.07342e-144)
(-6.90689e-11 -2.63618e-138 -5.09695e-144)
(1.77999e-11 4.29557e-141 -1.70179e-144)
(3.80861e-12 -2.36657e-142 9.11794e-146)
(6.95901e-12 1.3534e-144 8.89667e-152)
(-2.58687e-10 2.22057e-156 8.338e-163)
(3.1896e-11 -1.86154e-170 -5.83165e-165)
(5.74158e-11 -4.96655e-173 -4.87362e-180)
(2.6658e-11 1.99725e-186 5.3307e-181)
(-7.56662e-11 1.74959e-195 -5.17773e-202)
(-1.207e-10 4.76804e-209 4.81429e-214)
(-5.60426e-11 -2.23534e-313 1.20804e-319)
(7.99312e-11 -3.7618e-316 7.75683e-322)
(-1.55694e-11 5.29041e-319 0)
(-2.10755e-12 0 0)
(3.49297e-12 0 0)
(-2.62356e-11 0 0)
(-3.67686e-11 0 0)
(-6.88135e-11 0 0)
(-1.24896e-11 0 0)
(5.53113e-11 2.74883e-29 8.78662e-29)
(-7.15862e-12 3.09792e-35 1.1022e-30)
(-8.14038e-11 -8.87996e-38 2.3144e-43)
(1.07057e-11 -3.75166e-45 -3.80056e-51)
(-2.34169e-11 7.01533e-46 9.7525e-52)
(-3.27007e-11 2.56323e-51 1.1127e-52)
(2.8113e-12 1.21809e-53 -1.86696e-54)
(7.72477e-11 9.8929e-56 5.02304e-58)
(-2.70491e-11 -1.55019e-72 2.76503e-80)
(1.33038e-11 4.66532e-75 -9.41817e-82)
(2.61943e-11 -1.04815e-79 1.05779e-83)
(-5.88299e-11 4.64854e-82 -3.58198e-85)
(-8.87443e-11 -8.36308e-90 -6.19235e-95)
(-4.97429e-12 -2.79764e-104 5.27158e-109)
(-3.52456e-11 2.40206e-118 6.0339e-113)
(-9.28538e-12 1.98847e-118 -3.98821e-113)
(1.11396e-11 8.00972e-120 1.71758e-114)
(8.20032e-11 -3.90483e-138 1.51178e-144)
(5.10731e-11 1.28784e-138 -1.49532e-144)
(3.05405e-12 -9.18236e-145 2.76034e-145)
(-1.65016e-11 1.01131e-144 -4.27943e-146)
(-2.71488e-11 9.56846e-154 6.82257e-148)
(-2.64307e-10 -2.06943e-158 6.74653e-165)
(1.38217e-11 1.09582e-174 -3.43746e-180)
(-1.24054e-11 1.27188e-175 -2.23224e-181)
(-3.15763e-12 -5.88785e-189 -1.23611e-183)
(-1.09162e-10 -1.73812e-192 3.22175e-186)
(-1.47103e-10 -4.87169e-195 -5.02669e-189)
(1.36845e-11 9.02013e-316 1.04742e-321)
(2.06935e-11 7.71493e-319 0)
(-1.13544e-12 0 0)
(-3.73258e-12 0 0)
(-1.34543e-10 0 0)
(0 0 0)
(-2.21197e-11 0 0)
(-3.32166e-11 0 0)
(3.51588e-12 0 0)
(5.1711e-11 -6.20304e-27 -8.48986e-26)
(1.22462e-10 7.73286e-33 -3.57754e-38)
(-6.29184e-11 -7.37789e-38 2.50472e-43)
(-5.57e-11 2.73825e-39 2.95464e-35)
(1.02735e-10 -2.43283e-40 -3.36583e-35)
(2.58281e-10 -8.81234e-41 -6.32047e-35)
(5.04618e-11 -3.093e-41 1.22917e-46)
(0 0 0)
(2.9579e-11 6.55201e-68 1.0849e-73)
(-3.27972e-11 -5.77832e-71 -5.63611e-75)
(6.70284e-11 1.87736e-81 3.24171e-76)
(-1.42248e-10 -9.92975e-85 -1.15062e-78)
(-9.41222e-11 2.64221e-88 2.61038e-83)
(-8.51662e-11 5.61595e-133 -2.12685e-127)
(1.67073e-10 -9.22257e-132 -1.20182e-126)
(3.48716e-10 -2.48502e-132 -1.18863e-126)
(8.56864e-11 4.97356e-132 -1.99493e-127)
(0 0 0)
(-7.22157e-11 2.96791e-155 7.77276e-162)
(8.33543e-11 -7.71845e-167 -4.88036e-161)
(2.1066e-10 1.394e-157 -1.83323e-161)
(7.5634e-11 -7.21923e-162 -1.26915e-161)
(9.29019e-11 -5.25084e-293 1.03266e-287)
(1.29791e-10 -5.59241e-293 6.41067e-288)
(8.63997e-11 -9.66641e-294 -3.89494e-288)
(-1.91309e-11 -5.2189e-296 1.86108e-290)
(2.00337e-11 -1.82283e-297 -2.41509e-291)
(-4.37783e-11 9.68429e-295 3.21332e-300)
(-1.51653e-11 1.042e-313 5.89865e-319)
(-5.15731e-11 1.06491e-316 -1.42884e-320)
(-1.76834e-10 0 0)
(4.56066e-11 -5.18324e-320 0)
(7.40345e-11 0 0)
(1.00423e-10 0 0)
(-9.31014e-11 0 0)
(1.18989e-10 0 0)
(-1.36981e-12 0 0)
(1.60293e-11 -1.08294e-25 -1.03377e-31)
(9.87865e-11 -2.1606e-33 1.23162e-32)
(-2.60136e-11 -4.62256e-38 3.11509e-38)
(-1.93547e-11 -6.91545e-39 1.28981e-38)
(-2.26804e-10 -1.97437e-41 -1.66696e-38)
(-2.56893e-11 -4.23895e-41 1.45464e-39)
(1.00345e-11 6.70797e-42 -1.28644e-40)
(-2.6712e-11 -1.50058e-48 2.4247e-54)
(-6.47375e-11 -9.07697e-67 -6.28425e-73)
(-7.42774e-11 1.85118e-69 1.43927e-74)
(1.5722e-10 -7.72723e-80 -1.5261e-75)
(-6.64858e-11 -1.40184e-88 4.76291e-93)
(0 0 0)
(1.38534e-12 -4.41826e-123 1.40976e-129)
(-3.13139e-10 -3.39749e-132 -3.48796e-132)
(1.21852e-11 -8.88705e-133 1.66152e-132)
(1.86454e-10 -2.47574e-133 5.1427e-132)
(3.5551e-12 6.2874e-140 -6.73418e-135)
(-1.60323e-10 -2.35999e-155 -4.20112e-161)
(-3.33393e-11 2.93144e-166 -1.05392e-160)
(1.74242e-10 -1.66492e-156 4.82772e-161)
(3.09094e-11 4.67466e-160 1.41483e-166)
(-6.87262e-11 4.66206e-170 7.03479e-176)
(-7.39598e-11 5.84636e-294 8.5527e-300)
(-9.43318e-11 3.34287e-296 -6.29337e-302)
(5.65774e-11 8.416e-297 -7.48453e-303)
(-3.42812e-11 -1.85447e-298 -3.87439e-301)
(-1.55832e-10 5.82556e-295 3.2743e-300)
(-6.96042e-11 -6.53665e-313 1.70171e-318)
(-6.25881e-11 -1.74054e-315 -3.33988e-321)
(1.06325e-11 0 -1.97626e-323)
(-7.42269e-13 3.2154e-318 4.94066e-324)
(5.93997e-12 0 0)
(1.07083e-10 0 0)
(-2.4659e-10 0 0)
(-4.85131e-12 0 0)
(5.35491e-12 0 0)
(2.16905e-12 1.60271e-25 6.1317e-29)
(-3.00857e-11 -7.73811e-33 4.41346e-29)
(3.75615e-12 9.22399e-38 -2.47709e-43)
(8.51306e-11 2.00018e-39 -2.16342e-44)
(-2.99305e-11 -1.21441e-40 -6.41123e-45)
(-4.68317e-11 -4.88906e-41 1.64406e-45)
(-7.40468e-11 2.80257e-41 3.51047e-47)
(8.99507e-12 2.80187e-46 7.23053e-52)
(9.6653e-11 -1.72384e-58 -1.52481e-53)
(-4.446e-11 -8.85034e-69 -3.22018e-62)
(-8.90431e-11 1.2809e-78 9.60922e-85)
(1.72902e-11 5.14782e-88 -3.66348e-86)
(-4.31821e-11 -1.29102e-93 3.12494e-88)
(1.407e-12 1.35997e-121 1.51047e-127)
(-6.78224e-11 -2.4301e-131 1.67459e-129)
(1.0344e-11 2.00657e-133 -1.49223e-129)
(-7.15732e-11 -2.72587e-132 -2.74562e-129)
(2.7983e-12 -4.83476e-135 4.21199e-130)
(1.7391e-12 -4.516e-155 5.4102e-162)
(-3.69124e-11 1.27104e-166 -6.22136e-161)
(-1.19576e-11 7.2143e-156 1.75527e-161)
(3.02791e-11 -1.77285e-158 3.66942e-162)
(-1.80054e-11 2.71274e-169 -1.42164e-163)
(4.91836e-11 -3.68663e-295 8.58366e-301)
(1.82495e-11 -1.42621e-297 -4.32199e-303)
(7.84282e-11 -2.79043e-298 5.71641e-304)
(4.49662e-11 4.79862e-299 -3.15293e-306)
(-7.03052e-11 -3.85872e-295 4.495e-301)
(-9.44463e-11 2.62074e-312 2.19792e-318)
(-5.57753e-12 2.47849e-314 -3.11755e-320)
(2.53386e-11 0 6.32404e-322)
(4.69389e-11 -1.65797e-316 2.96439e-322)
(-6.0603e-12 0 0)
(1.17217e-11 0 0)
(8.81432e-12 0 0)
(4.92181e-12 0 0)
(1.20036e-12 0 0)
(1.38239e-11 -8.08918e-23 1.98379e-28)
(2.32076e-11 2.07231e-33 3.38192e-29)
(2.80949e-11 1.53045e-37 1.67482e-34)
(-3.3545e-11 1.13655e-38 -1.20875e-33)
(-4.94378e-12 -4.28731e-40 -1.30467e-33)
(-2.13928e-12 -3.27442e-40 7.11104e-35)
(-3.60351e-11 -1.12682e-41 -4.40648e-37)
(-3.38903e-11 -3.93215e-44 4.1647e-39)
(3.34118e-11 -6.25429e-67 7.73543e-69)
(2.83395e-11 1.32994e-70 7.73578e-69)
(-3.80117e-11 8.29715e-77 3.99139e-78)
(1.33759e-11 -9.04485e-88 2.2215e-81)
(-5.04754e-11 -7.93986e-104 7.18876e-110)
(3.9775e-12 -3.27298e-118 9.50115e-125)
(-4.53409e-12 6.18519e-130 1.20759e-124)
(8.72564e-13 -4.4186e-120 -8.79502e-126)
(2.70949e-11 2.54371e-132 -1.11026e-138)
(1.85729e-11 3.79252e-136 -1.06265e-138)
(-1.7704e-11 -6.59314e-155 9.83817e-150)
(-4.97956e-12 -4.82405e-155 7.82312e-150)
(-1.74844e-11 -1.51871e-156 -1.37756e-150)
(-5.59266e-11 -3.11783e-157 6.31841e-151)
(5.59123e-11 2.73262e-158 -5.65518e-153)
(-6.98566e-12 1.11644e-296 8.95042e-303)
(7.9108e-12 2.37417e-299 -1.19474e-304)
(-8.32888e-12 4.89261e-300 6.27966e-306)
(3.81779e-11 -2.07843e-302 -5.89091e-308)
(-1.42285e-10 6.05291e-300 -9.20427e-308)
(3.66751e-12 3.59841e-312 5.05611e-307)
(7.87914e-11 -2.00695e-313 3.72397e-307)
(-6.44191e-13 2.61779e-314 -6.16574e-309)
(2.6394e-11 3.48889e-315 1.16886e-309)
(-1.11625e-10 0 0)
(-3.4286e-11 0 0)
(9.15572e-12 0 0)
(-6.52128e-12 0 0)
(-5.93611e-13 0 0)
(-7.87577e-11 1.17533e-21 -2.10607e-28)
(-8.72417e-12 -6.37904e-34 -7.43616e-29)
(1.30801e-11 -3.3084e-52 -5.59357e-47)
(1.6901e-11 -3.30303e-52 3.66848e-47)
(1.661e-11 3.30662e-52 1.67285e-47)
(2.88135e-12 5.1242e-42 -5.04912e-47)
(-4.55497e-12 6.35583e-53 1.96604e-47)
(3.58906e-10 1.77024e-46 -4.18599e-52)
(6.44058e-12 1.20653e-68 -1.73846e-66)
(-4.52515e-12 1.29591e-72 -1.40161e-66)
(-1.30694e-12 1.40583e-73 3.23128e-67)
(6.35585e-12 1.28977e-74 -1.37249e-68)
(5.31924e-11 -6.02988e-104 -3.33614e-110)
(4.54271e-12 1.24494e-116 -1.23795e-111)
(-2.57428e-11 1.86565e-117 3.35992e-112)
(-5.61469e-12 1.40861e-118 -3.41116e-113)
(-6.324e-12 6.32254e-120 1.65765e-114)
(-1.6792e-11 -1.4523e-137 3.1207e-143)
(-5.48415e-11 -9.65974e-152 -1.84818e-145)
(-1.1496e-11 -2.50713e-153 5.84507e-148)
(5.07733e-12 -8.70974e-156 -1.77626e-150)
(2.39293e-11 -1.83786e-159 8.46792e-153)
(8.19201e-11 -2.76542e-158 -2.78342e-155)
(-8.73378e-12 -1.05272e-298 -7.30781e-305)
(-8.49601e-12 -1.0402e-302 3.95773e-307)
(3.76707e-11 -1.73911e-302 -6.81219e-309)
(5.07526e-12 4.15975e-305 2.38942e-311)
(-1.90093e-10 6.05291e-300 -9.15127e-307)
(-1.40505e-11 1.52942e-312 1.02534e-306)
(8.63607e-12 1.08816e-312 1.50857e-306)
(-2.20672e-11 1.0351e-312 -2.04999e-307)
(-1.58433e-11 3.55335e-314 8.97615e-309)
(-1.06808e-10 0 0)
(0 0 0)
(-1.11809e-11 0 0)
(5.37697e-13 0 0)
(6.493e-12 0 0)
(-1.90524e-10 1.26608e-21 -7.60947e-22)
(-6.52493e-11 -8.05084e-27 -1.26522e-21)
(2.52603e-10 -1.95568e-40 -1.04705e-42)
(2.61615e-10 -1.97005e-40 -1.5071e-42)
(-3.74771e-11 4.07712e-41 -4.43665e-43)
(-7.73368e-11 2.74108e-49 -8.16747e-44)
(-4.28201e-13 1.53641e-44 -9.87668e-44)
(3.43758e-11 -4.11383e-48 1.07083e-53)
(-6.08469e-11 6.46546e-67 7.71996e-62)
(3.4055e-11 1.77525e-68 -3.80842e-63)
(-6.42518e-11 2.40948e-73 -3.5329e-67)
(-6.42518e-11 2.40948e-73 -3.5329e-67)
(-1.21192e-10 1.90998e-104 -4.99691e-110)
(-1.74457e-10 -2.63502e-96 -5.38421e-102)
(1.53599e-10 1.87797e-116 -9.20236e-111)
(-6.25843e-11 1.81422e-119 -2.31031e-113)
(3.95969e-11 5.61273e-119 -2.31031e-113)
(-7.15703e-11 1.44845e-139 -6.65106e-145)
(8.1881e-11 -4.10575e-152 7.657e-147)
(1.22548e-10 1.93692e-155 -2.36048e-149)
(1.27441e-11 -1.84752e-157 3.29432e-151)
(-1.64383e-11 -9.82698e-158 -4.50588e-152)
(-9.73244e-11 1.68315e-158 4.67526e-153)
(-1.27768e-13 6.16407e-192 -1.03483e-198)
(8.35636e-11 -1.40121e-194 7.9003e-200)
(-3.78755e-11 6.84432e-197 -4.61364e-203)
(1.13983e-10 -2.07456e-198 4.04114e-204)
(-8.58632e-11 -1.36808e-212 -9.82317e-218)
(1.77601e-11 1.36962e-216 5.92938e-220)
(4.72054e-11 4.15803e-228 -1.96758e-222)
(-2.66631e-11 7.91861e-231 3.90923e-225)
(-4.34426e-11 4.78344e-236 -4.34526e-230)
(-3.88224e-11 0 0)
(4.62228e-11 0 0)
(4.67735e-11 0 0)
(8.19625e-11 0 0)
(-1.34748e-11 0 0)
(-7.24806e-11 -2.23517e-22 -1.02437e-27)
(-1.19989e-10 -3.07962e-26 -1.16915e-27)
(-1.90145e-11 -3.82612e-38 -2.41961e-43)
(4.30323e-11 4.66048e-39 -1.18171e-43)
(2.49952e-11 -2.81591e-40 1.43794e-44)
(4.8151e-11 -1.53369e-41 4.77224e-45)
(9.88989e-11 -7.65461e-44 1.22203e-44)
(-1.65003e-10 -5.49696e-56 -8.4208e-62)
(5.96264e-12 -3.23837e-66 4.25079e-63)
(-4.05372e-11 -1.18809e-68 3.88633e-63)
(4.64949e-11 9.07863e-70 -4.12854e-64)
(5.95329e-11 5.25889e-75 -2.51856e-81)
(2.70332e-12 -1.76591e-79 -3.21028e-85)
(-4.582e-11 -2.8551e-94 4.46053e-88)
(8.17987e-11 4.18769e-96 -1.61032e-90)
(-3.48089e-11 -4.54576e-119 -3.69881e-125)
(9.98778e-11 -1.04448e-119 -2.71656e-126)
(-7.21918e-11 -8.55968e-142 -2.96689e-147)
(-5.42228e-12 -1.47258e-151 -1.34766e-150)
(-2.32172e-11 -2.12289e-153 2.29976e-153)
(2.46785e-11 -4.57437e-155 -5.31765e-156)
(8.58738e-11 1.2565e-159 1.39277e-158)
(1.6448e-10 1.54499e-170 1.51115e-165)
(-7.76209e-11 -2.27809e-190 1.48466e-196)
(-5.13535e-11 8.79771e-193 7.52018e-199)
(-2.01068e-11 -5.4996e-195 -6.84816e-201)
(2.98457e-11 5.20622e-197 2.93317e-202)
(-1.24227e-10 2.70838e-210 4.20341e-206)
(-4.74194e-12 -1.74289e-214 -2.72323e-209)
(-1.29749e-10 -1.64945e-230 2.77718e-237)
(4.61994e-11 -3.19427e-236 3.35222e-242)
(1.722e-11 1.17902e-238 -2.42642e-244)
(-4.70501e-11 0 0)
(5.32424e-11 0 0)
(-7.16873e-11 0 0)
(-2.40678e-11 0 0)
(-1.23896e-11 0 0)
(2.70816e-11 -1.32772e-22 -1.208e-27)
(-8.25188e-11 -1.82042e-26 7.47832e-28)
(6.26319e-11 -3.80656e-38 -9.87199e-44)
(-4.53721e-11 -8.74067e-39 -4.08085e-45)
(-1.13319e-10 1.44704e-39 -5.78017e-45)
(-1.63134e-11 1.24873e-40 2.31225e-46)
(-4.25533e-12 1.39624e-43 -3.48368e-47)
(0 0 0)
(-1.78161e-11 6.21579e-66 -3.43593e-66)
(-2.01366e-12 1.54068e-69 -3.43593e-66)
(3.07736e-11 -3.06866e-70 1.6169e-76)
(1.84485e-12 1.9756e-74 -1.81495e-77)
(-3.66786e-11 -1.76589e-79 1.87454e-79)
(-1.3253e-11 4.47426e-96 -7.15289e-102)
(3.28085e-11 1.42117e-118 -7.16327e-124)
(-3.75927e-11 3.49255e-120 -3.19218e-127)
(-1.10883e-11 6.36243e-121 -1.00985e-126)
(-9.62009e-12 -1.79006e-133 -3.69247e-128)
(-3.55972e-11 3.84911e-150 -3.40111e-156)
(-4.32878e-11 1.05261e-151 4.338e-157)
(4.1012e-11 2.15425e-153 2.05914e-159)
(8.7039e-11 -1.02835e-159 -1.16348e-160)
(1.69574e-10 -2.68686e-168 2.30694e-163)
(1.86527e-11 3.54824e-187 6.11941e-193)
(-2.59269e-12 -4.63384e-191 1.36406e-198)
(9.71111e-12 3.96668e-193 9.37474e-199)
(1.3208e-10 -3.31064e-195 -3.54222e-200)
(1.05041e-10 -7.88938e-208 1.74679e-202)
(2.45822e-13 5.65089e-217 -8.21955e-223)
(3.46024e-12 -1.27266e-230 8.13715e-225)
(3.88561e-11 9.35796e-234 -1.5848e-227)
(4.48214e-11 2.90258e-236 1.23121e-230)
(-5.2108e-12 0 0)
(3.45636e-11 0 0)
(6.8761e-11 0 0)
(1.18771e-11 0 0)
(-2.19125e-11 0 0)
(3.14701e-11 9.27722e-23 -3.62334e-28)
(2.7117e-11 2.85689e-27 -4.36158e-28)
(9.27429e-11 5.63596e-39 5.01641e-33)
(2.48831e-11 2.98002e-38 7.46581e-33)
(-2.63276e-13 -3.60629e-39 2.74602e-33)
(-2.50959e-11 -1.04453e-39 2.96623e-34)
(8.35785e-12 1.37232e-43 4.23932e-49)
(-8.96065e-11 -1.16731e-53 4.64568e-60)
(-1.69679e-11 1.03622e-65 2.01927e-63)
(-1.95737e-11 9.78167e-70 1.26619e-75)
(2.89088e-11 9.21304e-70 4.80011e-76)
(-4.24318e-12 1.78845e-73 -3.24102e-77)
(-5.71415e-11 -2.22982e-71 -9.40797e-78)
(1.20688e-11 8.50262e-119 2.32098e-125)
(4.6169e-11 -9.15451e-120 -4.32365e-126)
(-1.20084e-11 -1.31872e-121 -8.38004e-128)
(1.79546e-11 -1.76887e-122 -3.51283e-128)
(-9.50091e-12 9.46251e-138 2.57826e-144)
(4.40007e-11 -9.75317e-150 -3.36004e-145)
(5.55513e-11 -3.86144e-150 9.91214e-145)
(3.46111e-12 -6.67395e-152 -2.00167e-146)
(3.01445e-11 3.56316e-157 6.69682e-163)
(6.92159e-11 3.2886e-170 -7.05091e-176)
(-5.92304e-12 -1.69422e-184 -1.81479e-179)
(-6.38187e-12 7.43421e-189 3.07798e-182)
(5.04541e-11 1.09603e-191 -1.43927e-185)
(1.24855e-11 2.58067e-193 1.26559e-187)
(4.32938e-11 9.44518e-233 1.23936e-227)
(-9.18772e-12 -4.67103e-219 -3.99806e-225)
(8.13503e-11 3.60393e-233 6.48768e-229)
(6.17006e-12 6.17781e-239 -1.81022e-233)
(-2.53781e-11 5.06558e-240 -6.64758e-237)
(8.59052e-11 -6.86753e-246 9.89749e-241)
(-4.47142e-11 0 0)
(-3.18016e-11 0 0)
(-5.92603e-12 0 0)
(2.17371e-11 0 0)
(-8.28203e-12 -7.57231e-24 3.04998e-27)
(-1.04437e-11 -1.3286e-27 -2.11303e-28)
(1.38528e-10 -4.2951e-38 2.34163e-45)
(3.30433e-11 -4.54793e-39 6.12304e-45)
(-3.32601e-11 -3.55033e-39 5.66688e-45)
(3.04553e-13 1.18721e-50 -2.11581e-45)
(5.66509e-12 -9.43021e-44 1.79248e-46)
(-1.47987e-10 -1.16731e-53 8.11924e-60)
(-3.92651e-11 -1.51274e-65 3.47558e-60)
(-1.77704e-11 -1.47429e-70 3.5658e-64)
(2.04713e-12 -8.28022e-70 1.26947e-64)
(-2.51414e-11 1.1184e-70 -2.09688e-64)
(-9.71843e-11 1.04535e-70 1.99446e-65)
(1.95203e-11 -3.31034e-121 -3.68817e-127)
(2.17533e-11 1.76299e-121 2.3154e-127)
(2.52711e-11 2.29209e-123 3.66597e-130)
(2.87123e-11 4.68167e-124 1.82905e-130)
(3.63784e-12 9.46251e-138 5.68606e-144)
(2.40048e-11 -3.24003e-151 1.66741e-144)
(3.75257e-12 3.90729e-151 -9.06904e-146)
(-9.26183e-12 1.22203e-152 2.44365e-147)
(-4.37935e-11 -1.18533e-155 -2.81467e-149)
(-2.41801e-10 -1.80682e-172 -4.00797e-178)
(3.15104e-12 3.79804e-188 6.60736e-195)
(-5.01919e-11 5.6461e-192 -4.42576e-198)
(4.61293e-11 -3.81139e-193 3.37282e-199)
(1.75696e-13 -6.1484e-196 8.08047e-202)
(-1.90471e-11 -6.71762e-236 1.09937e-244)
(-6.9551e-12 -1.53723e-250 -3.14822e-245)
(2.45166e-11 -2.29536e-236 -3.75233e-243)
(-9.03737e-12 1.16548e-242 3.10423e-245)
(3.91388e-11 -3.22232e-244 -6.91098e-249)
(1.66447e-10 0 0)
(2.25896e-12 0 0)
(-5.03571e-11 0 0)
(-1.11866e-11 0 0)
(2.13931e-11 0 0)
(-1.55312e-10 1.1305e-22 -6.58091e-21)
(-8.07183e-11 2.80041e-27 -1.0512e-20)
(-8.9282e-11 4.03683e-38 -2.93806e-43)
(9.98703e-11 -1.04103e-39 -1.94472e-42)
(-1.23988e-10 -3.54679e-39 -1.1386e-42)
(3.3699e-11 1.55999e-48 3.4318e-43)
(-3.77285e-11 3.17958e-50 -3.10499e-45)
(4.67588e-13 2.45704e-50 -1.54855e-44)
(-7.09365e-11 -5.18011e-87 3.49652e-81)
(-7.78728e-11 -9.87872e-84 -3.50763e-78)
(-2.70571e-11 2.92864e-71 7.49855e-78)
(-4.84589e-11 3.02271e-83 1.92219e-78)
(-1.0669e-11 -2.68304e-71 -3.68461e-77)
(4.77558e-13 -1.31055e-114 1.06964e-120)
(-7.1778e-11 5.47251e-123 -1.23691e-120)
(-9.29919e-11 1.53701e-127 2.07718e-121)
(-1.80677e-11 -6.78489e-125 2.04793e-130)
(0 0 0)
(9.89328e-11 2.80161e-193 7.52466e-188)
(1.82595e-10 1.50222e-192 -3.06812e-187)
(-4.87159e-11 5.90314e-190 2.23394e-184)
(4.30037e-10 -7.91717e-188 -1.37097e-182)
(1.31118e-10 8.8657e-175 3.14624e-180)
(1.15725e-10 1.11414e-216 1.55572e-222)
(9.26536e-11 -1.88016e-240 3.06976e-235)
(-2.51007e-11 -3.87959e-248 -1.74629e-254)
(-1.88869e-11 -8.20724e-250 1.01218e-255)
(-2.6332e-11 0 0)
(-7.34205e-11 0 0)
(-6.80403e-11 0 0)
(-1.48054e-10 0 0)
(-5.31637e-11 0 0)
(1.06442e-11 0 0)
(2.08839e-11 0 0)
(2.80382e-12 0 0)
(1.65115e-11 0 0)
(2.8876e-12 0 0)
(-1.43614e-11 -1.78796e-21 3.01748e-27)
(5.17628e-11 -6.6604e-26 -1.32986e-27)
(-1.49779e-10 -7.76246e-38 6.05259e-34)
(4.30544e-11 -7.39701e-38 -2.97584e-33)
(-1.06405e-10 -4.9066e-39 -2.69043e-33)
(8.61213e-11 4.77699e-40 -1.90304e-34)
(9.98612e-12 -5.09202e-40 -1.08098e-33)
(-1.32719e-11 2.03271e-47 1.78798e-53)
(-5.4666e-11 4.78968e-87 -1.97909e-92)
(-6.02827e-11 2.38039e-85 -5.55631e-85)
(3.91725e-11 2.89518e-77 -3.42108e-83)
(-5.69864e-13 1.30886e-88 -6.34285e-83)
(-3.27279e-11 5.79511e-121 1.32441e-115)
(-8.8093e-11 -1.32207e-114 1.38732e-115)
(2.63247e-11 2.37721e-122 -1.38041e-117)
(5.25737e-11 3.02559e-124 -7.43746e-117)
(-2.76174e-11 1.05474e-123 2.31888e-118)
(-6.87786e-11 -8.35971e-126 -2.5378e-121)
(-1.31669e-10 -5.52538e-195 -4.04475e-191)
(-2.36132e-11 -1.3626e-195 1.29391e-188)
(-6.51114e-11 -1.46088e-191 -1.02406e-186)
(7.22394e-11 2.49167e-189 6.60068e-185)
(-1.20045e-11 -1.47298e-177 3.12947e-183)
(-8.17463e-11 -2.16079e-214 1.30199e-220)
(-7.31041e-11 -2.44609e-229 -3.52362e-235)
(-2.42072e-11 -6.54501e-242 2.98125e-247)
(4.84463e-11 1.87126e-246 7.65605e-252)
(-3.97047e-11 3.25551e-248 1.2357e-253)
(-9.80811e-11 0 0)
(-1.31145e-10 0 0)
(1.51401e-11 0 0)
(5.85748e-11 0 0)
(-7.66556e-12 0 0)
(2.83705e-12 0 0)
(-5.71243e-11 0 0)
(1.04234e-11 0 0)
(1.77106e-11 0 0)
(3.14659e-11 -1.90099e-21 -2.31979e-27)
(1.62757e-11 -4.1696e-26 -2.66931e-28)
(1.00722e-10 2.75586e-36 -3.40437e-42)
(2.58022e-11 -5.56974e-38 -8.46786e-44)
(7.93939e-12 -2.57214e-40 9.32371e-45)
(-5.25538e-13 -6.03365e-40 2.6556e-46)
(4.00525e-11 -1.48538e-41 -1.21116e-46)
(8.66924e-11 7.77673e-50 -2.48094e-47)
(-2.76891e-11 3.17668e-88 -3.30873e-92)
(-3.07424e-11 1.76714e-88 3.97372e-93)
(-3.78165e-11 2.89518e-77 2.97733e-83)
(-5.21867e-12 -3.42456e-89 -8.17384e-93)
(5.5405e-11 2.3971e-101 3.06978e-107)
(6.10573e-11 -5.05975e-113 -4.98492e-108)
(3.11545e-11 2.11439e-122 -4.08957e-129)
(-4.99312e-11 -2.43495e-123 4.74166e-129)
(-3.43315e-11 -1.65329e-124 7.23774e-130)
(-6.76624e-11 -9.93541e-126 1.24223e-131)
(-4.91279e-11 2.61646e-197 -3.7783e-203)
(-1.29762e-11 5.30324e-196 2.09948e-200)
(5.4252e-11 2.09866e-192 -3.30878e-198)
(1.22568e-10 -4.94128e-191 7.0927e-197)
(-7.70885e-12 -3.29429e-200 -5.87746e-198)
(-1.54428e-11 2.76763e-212 7.21898e-218)
(6.92592e-11 1.40455e-226 -6.45278e-221)
(-6.10215e-11 -2.67263e-230 6.26105e-225)
(6.31247e-11 4.43983e-242 1.91708e-236)
(5.39563e-11 -4.54278e-246 4.94064e-241)
(-4.09595e-11 0 0)
(-1.90409e-11 0 0)
(2.18786e-11 0 0)
(5.60461e-11 0 0)
(-1.03794e-11 0 0)
(2.27589e-11 0 0)
(5.91952e-11 0 0)
(5.74613e-11 0 0)
(1.79328e-12 0 0)
(1.99553e-11 -7.47113e-28 1.16916e-26)
(3.04104e-11 6.5072e-27 -2.30193e-28)
(3.28828e-11 -1.62819e-35 1.20983e-32)
(-8.40097e-11 1.15064e-37 1.20983e-32)
(-7.78936e-11 1.88017e-39 -1.76405e-45)
(-1.15519e-11 9.47622e-41 2.27038e-46)
(-1.20471e-11 1.44982e-42 -5.73126e-47)
(7.65275e-11 -1.67223e-47 1.78558e-49)
(5.15318e-13 -8.05612e-87 -1.07044e-92)
(4.18398e-11 -4.06813e-90 1.90809e-97)
(-5.02723e-12 -1.05134e-101 1.61375e-95)
(-8.0823e-12 1.17485e-85 1.6288e-92)
(-4.0317e-11 -9.15046e-99 -4.41063e-105)
(3.808e-11 3.23249e-112 2.89021e-107)
(3.67688e-11 -1.11826e-122 -8.14634e-130)
(-3.63721e-11 2.41963e-124 -9.26762e-130)
(1.29939e-11 1.90955e-125 1.08967e-130)
(4.00782e-11 -1.75178e-137 1.76544e-132)
(5.10771e-11 -1.14555e-199 -6.71313e-206)
(2.0841e-11 -4.25235e-199 4.24818e-203)
(-9.35933e-12 -4.01386e-194 -2.17907e-201)
(-1.43882e-11 5.84856e-193 -3.69955e-199)
(4.28481e-11 -3.30241e-200 -1.68923e-206)
(1.86801e-12 -1.00917e-210 -8.44214e-206)
(1.59717e-11 -6.43611e-229 -1.77694e-235)
(2.51655e-12 -7.21143e-242 1.32495e-245)
(-5.85322e-12 1.05369e-246 3.33917e-250)
(6.85629e-11 3.1018e-248 -1.15283e-253)
(-4.61494e-11 0 0)
(6.27511e-11 0 0)
(4.90723e-12 0 0)
(1.30336e-11 0 0)
(3.63507e-11 0 0)
(-3.01012e-11 0 0)
(-3.06555e-11 0 0)
(-8.49624e-12 0 0)
(-5.65896e-12 0 0)
(6.81343e-11 -3.92837e-27 8.30109e-33)
(-2.69887e-12 -1.69674e-27 3.98412e-33)
(5.97148e-11 -1.92603e-35 -9.33e-42)
(2.58889e-11 -7.018e-39 -1.38171e-43)
(-8.01359e-11 -1.17503e-39 5.15445e-44)
(-1.49633e-11 -4.76755e-43 -5.4518e-44)
(3.86102e-12 -1.20383e-43 3.78988e-45)
(-3.66993e-11 3.12322e-48 -1.57151e-54)
(8.07977e-12 -5.5735e-88 -3.68877e-95)
(1.61169e-11 5.44662e-92 -1.02135e-94)
(5.67161e-12 1.04633e-97 3.26834e-91)
(-2.40602e-12 -8.16964e-83 -2.39989e-88)
(-2.37967e-11 2.07428e-97 -4.92393e-93)
(4.39565e-11 -4.88333e-114 3.17916e-120)
(4.14544e-13 2.7236e-123 -1.56107e-121)
(-2.18897e-11 -9.44522e-126 8.88476e-123)
(-1.40035e-11 -4.19105e-128 -4.27738e-124)
(-7.9363e-11 -2.76862e-179 1.26332e-184)
(5.2806e-13 3.67725e-202 1.71693e-207)
(-2.41372e-11 -2.69608e-210 -5.91457e-205)
(5.05928e-11 1.32219e-197 6.07521e-203)
(-1.53224e-11 -2.57883e-195 -5.85904e-201)
(-2.32462e-11 -2.26691e-195 -9.24627e-201)
(5.48535e-12 3.08489e-213 -3.05306e-219)
(-1.48546e-11 -3.84824e-240 3.3226e-247)
(2.76182e-11 -1.55525e-246 5.51951e-250)
(-1.30895e-11 -2.9435e-249 -1.22735e-252)
(-2.10874e-10 -9.2701e-251 2.51132e-257)
(1.29909e-11 0 0)
(-9.52316e-12 0 0)
(-3.69666e-11 0 0)
(-6.43509e-12 0 0)
(8.86639e-12 0 0)
(0 0 0)
(-2.57592e-11 0 0)
(1.79043e-11 0 0)
(8.31749e-12 0 0)
(-4.70828e-11 1.15659e-26 -5.69953e-27)
(-5.75246e-11 9.51506e-29 9.33561e-29)
(-9.90834e-12 1.10015e-33 -1.7915e-28)
(-6.75849e-11 -3.63561e-36 -2.81171e-31)
(3.67612e-11 -7.48123e-38 -2.11553e-31)
(2.61267e-11 2.46945e-37 6.96178e-32)
(4.73843e-12 5.4812e-45 1.711e-50)
(-6.68805e-12 -3.77552e-49 -1.46955e-53)
(5.68676e-11 1.04773e-64 9.37303e-71)
(7.95499e-11 1.48981e-65 -9.54044e-71)
(1.24619e-11 -4.89142e-77 -1.7136e-71)
(-4.49265e-11 1.06493e-80 1.17933e-74)
(8.51748e-11 7.80433e-96 -2.89555e-101)
(-1.15579e-10 -4.26992e-109 -1.31357e-115)
(-1.33097e-11 -2.76762e-112 -9.03365e-116)
(1.03769e-10 -1.36309e-113 1.4571e-117)
(-1.58051e-12 4.05463e-125 -1.37697e-118)
(-1.36034e-10 -2.13137e-176 -6.95376e-182)
(1.0394e-10 -2.41821e-180 1.066e-183)
(1.17178e-10 7.40414e-184 3.25278e-185)
(8.12826e-11 2.63954e-191 -1.65625e-186)
(1.15918e-10 1.94515e-193 6.03201e-188)
(2.78119e-11 1.39055e-193 -6.10595e-190)
(2.33343e-11 -7.21408e-290 -4.58135e-284)
(2.47909e-11 7.26847e-277 2.52668e-282)
(8.6625e-12 -1.25622e-266 -4.58744e-261)
(2.39568e-10 6.61011e-253 -7.37017e-259)
(1.41175e-10 4.2509e-253 1.05818e-258)
(-3.08403e-11 2.96306e-307 -6.88815e-301)
(-1.04262e-10 3.07073e-296 -6.7004e-301)
(-9.58749e-11 -4.7402e-298 1.66729e-302)
(-4.53127e-11 1.21796e-310 -7.79042e-305)
(-6.60886e-11 0 0)
(1.28298e-11 0 0)
(-1.00607e-10 0 0)
(-1.20795e-10 0 0)
(-1.68481e-10 0 0)
(-3.02926e-12 5.41305e-29 7.72291e-35)
(-3.70168e-11 -1.26543e-33 -2.95364e-39)
(-1.01088e-11 2.70058e-34 -6.11261e-41)
(-8.80155e-11 -2.11508e-36 -8.6007e-42)
(1.54904e-10 -6.56008e-37 -2.5745e-42)
(-2.53752e-11 -2.32218e-38 1.04172e-43)
(-2.65445e-11 1.43319e-51 -5.59813e-58)
(-1.35222e-10 2.5797e-50 -1.3027e-55)
(-1.6381e-10 -1.48536e-61 1.16998e-56)
(1.12339e-11 -5.31057e-64 -2.04483e-58)
(3.45535e-11 5.02396e-67 2.36455e-60)
(-7.91082e-12 2.66145e-69 -1.18563e-62)
(1.07625e-10 7.6141e-96 -4.69911e-101)
(-1.33712e-10 1.54019e-106 -1.76172e-101)
(-4.74856e-11 6.9125e-111 3.31957e-107)
(9.32989e-11 1.56298e-111 5.34308e-108)
(9.17423e-13 -2.40624e-126 1.23805e-131)
(-3.39601e-11 -1.51304e-176 -6.66221e-182)
(-1.33007e-11 1.30572e-180 -2.09264e-184)
(-1.17776e-10 -2.24784e-181 2.54846e-186)
(-4.63076e-11 -7.65172e-191 1.88667e-184)
(4.44701e-12 -3.71895e-191 -1.88036e-185)
(-7.20298e-11 8.98927e-193 1.84308e-187)
(-4.8165e-11 2.08456e-288 3.43172e-283)
(2.56583e-11 -2.6111e-275 -1.26289e-281)
(3.26159e-11 3.99986e-271 1.66528e-276)
(5.07468e-11 -5.63015e-279 -7.57524e-285)
(3.50619e-11 -8.01701e-256 3.76349e-261)
(-5.73155e-11 -2.72412e-286 1.80917e-281)
(9.4123e-12 -1.65773e-292 -1.16835e-285)
(4.60039e-11 4.5962e-294 1.57008e-288)
(-2.58953e-11 -9.65908e-313 2.55498e-318)
(0 0 0)
(-3.27387e-11 0 0)
(-6.51236e-11 0 0)
(9.87132e-11 0 0)
(8.29589e-12 0 0)
(-5.4539e-12 -3.47813e-27 -1.41526e-27)
(-9.4341e-11 1.40817e-33 3.38626e-28)
(6.66754e-12 2.70058e-34 -5.99111e-41)
(-8.79951e-11 1.80156e-36 -1.13501e-42)
(4.48954e-11 2.25895e-37 -1.23338e-43)
(-5.47165e-11 4.06501e-39 -4.43985e-44)
(-3.85467e-11 -1.20329e-50 3.04707e-45)
(-2.27954e-11 -7.02448e-52 2.10735e-58)
(8.44264e-11 3.72696e-63 -1.27016e-59)
(1.16233e-10 5.02878e-66 4.77045e-68)
(8.10211e-12 3.35848e-68 -7.09239e-74)
(-3.74592e-12 -7.60285e-71 4.62155e-76)
(4.28215e-11 1.66384e-89 1.83788e-95)
(-1.33218e-11 -4.43824e-105 1.93447e-99)
(1.18035e-11 4.93706e-108 -8.03411e-102)
(-3.71464e-11 -7.84529e-111 -3.92183e-105)
(-2.01416e-11 -4.94424e-128 -1.48497e-133)
(1.93265e-10 -2.4078e-176 5.70743e-182)
(-5.26208e-12 3.14143e-179 -1.26461e-174)
(-3.23192e-11 1.87879e-180 -1.26461e-174)
(-2.00781e-12 3.81309e-190 -9.43944e-196)
(2.9665e-11 8.75526e-193 8.96188e-197)
(-2.70048e-11 4.4976e-193 -1.38037e-198)
(6.92549e-12 -4.23961e-287 -3.19579e-282)
(1.10779e-10 3.92002e-274 -7.94834e-280)
(5.33726e-11 3.79395e-283 3.64343e-281)
(1.28032e-10 3.10322e-277 -3.52124e-283)
(2.89021e-11 -1.93415e-303 -7.40722e-298)
(3.71972e-11 2.62194e-289 2.50593e-295)
(-1.04219e-11 4.65728e-294 -8.61813e-298)
(4.27664e-11 -6.52405e-297 8.52181e-301)
(2.88505e-11 -4.92449e-314 5.60468e-320)
(5.87265e-11 0 0)
(5.82805e-11 0 0)
(-1.80771e-11 0 0)
(-6.65576e-12 0 0)
(-1.64537e-13 0 0)
(-4.70467e-12 3.19897e-28 2.55242e-29)
(3.40637e-11 1.27352e-34 -2.86098e-40)
(-4.2654e-11 2.28855e-37 2.70315e-41)
(5.25925e-12 -2.65059e-37 3.50287e-43)
(7.46191e-12 -2.02269e-38 1.25553e-44)
(1.85962e-11 -2.80157e-40 5.91242e-45)
(9.09806e-11 1.46649e-51 -2.53264e-46)
(5.24022e-11 5.53885e-54 1.6125e-48)
(1.86764e-11 -7.70815e-65 1.67221e-70)
(8.08397e-11 -6.08971e-68 -2.16227e-74)
(-1.39813e-11 -3.36609e-71 -1.2071e-75)
(2.71095e-13 2.3298e-73 1.00536e-77)
(1.08483e-10 -1.0367e-86 -1.79586e-81)
(-5.10049e-11 3.44578e-107 1.35358e-113)
(5.8128e-12 -2.62051e-111 -3.51517e-115)
(1.27412e-11 1.69986e-111 4.11317e-116)
(-1.16041e-11 -9.09806e-128 -1.60195e-133)
(9.53971e-11 7.5611e-177 1.1094e-181)
(-2.91216e-11 2.3574e-179 -4.77789e-183)
(1.26113e-11 -2.05851e-181 -4.79144e-185)
(3.63338e-11 -1.23276e-190 -1.40017e-188)
(6.47632e-11 -4.96709e-193 3.86423e-190)
(-9.70424e-11 3.04234e-196 -8.68988e-200)
(3.21051e-11 5.69172e-286 1.69284e-280)
(1.97515e-12 -4.37871e-273 -1.15091e-278)
(-6.78165e-11 4.71005e-283 -4.83716e-280)
(5.43115e-11 -6.88958e-276 1.80798e-281)
(-7.17657e-11 8.80717e-306 -8.50251e-302)
(-8.41432e-12 -5.72398e-292 2.06984e-298)
(2.12563e-11 -5.79503e-297 1.50088e-300)
(-1.32564e-11 1.34258e-299 -3.55939e-303)
(3.35775e-11 5.72309e-311 1.76145e-305)
(-5.55784e-11 0 0)
(1.86652e-11 0 0)
(4.34142e-12 0 0)
(1.40284e-12 0 0)
(-2.65203e-14 0 0)
(-1.46456e-11 -7.01867e-27 6.59248e-31)
(-9.56124e-12 1.69017e-36 3.97081e-31)
(-8.8834e-11 2.28855e-37 -1.85686e-43)
(-2.26229e-12 6.72116e-39 7.34732e-45)
(-3.57448e-12 -8.52861e-52 1.26486e-46)
(2.71295e-11 -1.02066e-52 -2.08651e-47)
(-3.43649e-11 -2.40538e-53 1.00747e-48)
(-8.26859e-11 2.97507e-56 -1.05003e-50)
(-2.38261e-11 8.1665e-67 2.46085e-73)
(3.71742e-11 3.84172e-70 -1.5467e-76)
(-1.13163e-11 -4.43382e-83 8.73956e-78)
(4.46008e-11 -5.16315e-76 -2.33969e-80)
(1.02539e-11 2.7339e-89 8.09172e-85)
(-2.19331e-11 2.4985e-109 -2.43939e-115)
(2.2808e-11 -1.46461e-121 3.28906e-116)
(3.0243e-11 -1.93565e-123 -4.64198e-118)
(0 0 0)
(-1.83536e-11 3.77947e-176 6.26777e-182)
(-8.4289e-12 -1.80455e-180 -2.26479e-186)
(-1.12336e-11 1.71882e-183 -3.04292e-186)
(1.46293e-11 2.18219e-191 1.34611e-186)
(-3.66425e-11 3.55539e-193 -7.78169e-188)
(-1.5435e-10 2.16498e-196 1.39568e-190)
(-1.03328e-11 3.71706e-272 9.30975e-267)
(-2.19972e-11 3.72452e-272 8.14467e-267)
(-1.85234e-12 4.94272e-273 -1.1484e-267)
(1.41915e-11 6.33383e-275 1.66728e-269)
(-7.1762e-11 -1.89306e-307 9.52963e-303)
(-2.98112e-11 4.34213e-295 9.23894e-302)
(-2.82715e-11 2.11013e-299 -5.93863e-303)
(-3.28163e-11 -8.11174e-303 1.62814e-305)
(1.39583e-12 -7.16381e-314 -5.29538e-309)
(1.1433e-10 0 0)
(-2.15408e-11 0 0)
(-5.40263e-12 0 0)
(0 0 0)
(2.32428e-14 0 0)
(-1.34757e-10 -4.37666e-27 -2.74753e-25)
(-1.98382e-12 8.47334e-31 -1.29198e-25)
(0 0 0)
(-1.64613e-11 -3.31834e-41 -9.29319e-47)
(2.75481e-11 7.84998e-44 3.12132e-47)
(4.13917e-11 -5.33667e-45 1.76488e-47)
(1.10453e-10 -5.37807e-53 -2.23113e-47)
(9.59419e-11 -4.28676e-54 1.47513e-48)
(-1.03063e-10 -7.43942e-73 -9.81128e-79)
(-1.10329e-10 -4.60221e-75 -4.01724e-79)
(7.02203e-11 2.21195e-85 4.84129e-80)
(9.53379e-11 5.5991e-79 -3.38329e-81)
(-6.39024e-11 -1.04611e-92 -3.15481e-98)
(-2.46141e-12 2.75801e-160 1.03302e-154)
(1.42441e-10 2.60255e-159 -9.28783e-154)
(1.17696e-10 1.25096e-159 -1.01544e-153)
(2.15518e-11 8.68733e-150 -8.31246e-154)
(1.71945e-11 2.97851e-159 -8.22045e-154)
(-7.2628e-11 5.55004e-179 -2.8615e-185)
(-1.65937e-10 1.9354e-180 -2.70833e-185)
(-1.03759e-10 3.52615e-179 7.08652e-185)
(-9.62917e-13 -1.40891e-192 -3.47735e-187)
(1.3392e-10 1.17913e-222 2.83413e-229)
(-3.47534e-12 1.7942e-254 -4.15283e-249)
(1.57886e-11 -1.26339e-240 -3.26531e-246)
(1.18215e-11 -2.11394e-241 -2.99142e-247)
(8.46189e-11 7.40817e-242 3.4178e-248)
(0 0 0)
(-4.20476e-11 0 0)
(-1.05849e-11 0 0)
(-7.48413e-12 0 0)
(-8.72169e-11 0 0)
(1.38106e-10 0 0)
(-6.2649e-11 0 0)
(1.49356e-11 0 0)
(-5.0002e-12 0 0)
(-1.12676e-13 0 0)
(-1.2848e-12 2.79405e-40 6.27643e-35)
(-4.89156e-12 5.77108e-31 5.8901e-35)
(0 0 0)
(-2.90729e-11 7.64373e-40 1.09094e-45)
(5.08309e-11 -2.25325e-42 -2.38307e-46)
(7.07834e-11 3.36453e-43 -4.35771e-47)
(-1.47246e-11 -4.23919e-55 1.23667e-60)
(0 0 0)
(4.96475e-11 2.26191e-72 -6.68616e-67)
(1.79954e-11 2.4013e-72 -6.43351e-67)
(-6.88724e-12 1.09563e-73 2.52645e-68)
(-2.73894e-12 -9.74693e-91 -2.29077e-95)
(1.28353e-12 1.90108e-103 3.88225e-98)
(3.02471e-11 -3.79729e-161 -6.46922e-167)
(4.55314e-11 -5.37836e-160 -3.13485e-166)
(-1.71091e-11 -5.69297e-160 5.03222e-165)
(4.07782e-12 8.68733e-150 -2.58175e-155)
(1.41804e-12 -4.20878e-163 3.1604e-158)
(1.74519e-11 6.87687e-179 -1.048e-173)
(-2.93549e-11 1.08168e-179 -1.73664e-173)
(-1.00126e-10 1.95482e-179 -6.4027e-174)
(-2.86286e-12 1.03436e-181 4.83697e-175)
(1.62087e-10 1.48629e-222 1.36883e-229)
(1.01997e-13 -4.20731e-255 2.28371e-249)
(4.15904e-11 8.76198e-240 -3.23e-246)
(1.28886e-11 6.79229e-240 6.06806e-246)
(1.0049e-10 -1.32054e-240 -2.29275e-246)
(-1.30507e-11 0 0)
(-3.0781e-11 0 0)
(6.84671e-11 0 0)
(1.92504e-11 0 0)
(-1.14864e-10 0 0)
(-2.41463e-11 0 0)
(-6.59905e-11 0 0)
(4.48415e-11 0 0)
(5.19745e-12 0 0)
(2.88659e-13 0 0)
(9.2934e-11 2.35718e-26 7.23847e-29)
(-1.57714e-11 1.31167e-34 4.08589e-29)
(-3.05495e-11 -1.42259e-38 -4.68942e-34)
(-2.5308e-11 -1.34364e-38 -4.11484e-34)
(3.60263e-11 -9.92959e-42 5.33705e-35)
(3.13698e-11 6.28247e-43 -3.98299e-36)
(-2.21486e-11 -1.44505e-43 1.04066e-37)
(-1.59835e-11 1.07225e-76 6.19862e-72)
(-1.72191e-11 -1.67114e-73 6.19862e-72)
(1.12865e-11 -8.76737e-73 3.43059e-79)
(-3.75537e-12 9.45787e-87 2.75017e-81)
(5.34458e-11 9.76809e-90 -8.4884e-83)
(5.49472e-11 -1.0287e-89 4.25858e-85)
(6.04857e-11 1.71074e-161 1.60575e-167)
(8.08249e-11 3.14518e-161 -2.09385e-166)
(-2.59992e-11 1.08549e-159 7.94796e-166)
(-4.28484e-11 -3.28682e-172 1.83688e-166)
(-4.99681e-11 -1.75268e-190 -5.2085e-186)
(-5.77731e-11 1.38803e-179 2.47222e-186)
(-5.71398e-12 4.20682e-180 -2.84772e-186)
(-3.06609e-11 -2.09517e-179 4.01254e-185)
(8.21761e-12 1.51719e-181 -6.63115e-187)
(2.47816e-11 3.07162e-223 -1.58242e-229)
(1.44371e-12 -1.50373e-235 -1.08148e-230)
(-1.4656e-11 -1.82833e-238 5.88644e-232)
(4.1884e-12 -1.30709e-238 -2.76989e-232)
(6.07023e-11 -4.06989e-239 3.09816e-233)
(0 0 0)
(1.22641e-11 0 0)
(6.74876e-12 0 0)
(-1.08909e-11 0 0)
(-5.02226e-12 0 0)
(0 0 0)
(-8.58242e-12 0 0)
(3.4815e-12 0 0)
(-1.40576e-12 0 0)
(9.1866e-14 0 0)
)


// ************************************************************************* //
