/*--------------------------------*- C++ -*----------------------------------*\
| =========                 |                                                 |
| \\      /  F ield         | OpenFOAM: The Open Source CFD Toolbox           |
|  \\    /   O peration     | Version:  2.2.0                                 |
|   \\  /    A nd           | Web:      www.OpenFOAM.org                      |
|    \\/     M anipulation  |                                                 |
\*---------------------------------------------------------------------------*/
FoamFile
{
    version     2.0;
    format      ascii;
    class       vectorField;
    object      kinematicCloudPositions;
}
// * * * * * * * * * * * * * * * * * * * * * * * * * * * * * * * * * * * * * //


(
(0.002 0.002 0.002)
(0.002 0.006 0.002)
(0.002 0.01 0.002)
(0.002 0.014 0.002)
(0.002 0.018 0.002)
(0.002 0.022 0.002)
(0.002 0.026 0.002)
(0.002 0.03 0.002)
(0.002 0.034 0.002)
(0.002 0.038 0.002)
(0.002 0.042 0.002)
(0.002 0.046 0.002)
(0.002 0.05 0.002)
(0.002 0.054 0.002)
(0.002 0.058 0.002)
(0.002 0.062 0.002)
(0.002 0.066 0.002)
(0.002 0.07 0.002)
(0.002 0.074 0.002)
(0.002 0.078 0.002)
(0.002 0.082 0.002)
(0.002 0.086 0.002)
(0.002 0.09 0.002)
(0.002 0.094 0.002)
(0.002 0.098 0.002)
(0.002 0.102 0.002)
(0.002 0.106 0.002)
(0.002 0.11 0.002)
(0.002 0.114 0.002)
(0.002 0.118 0.002)
(0.002 0.002 0.006)
(0.002 0.006 0.006)
(0.002 0.01 0.006)
(0.002 0.014 0.006)
(0.002 0.018 0.006)
(0.002 0.022 0.006)
(0.002 0.026 0.006)
(0.002 0.03 0.006)
(0.002 0.034 0.006)
(0.002 0.038 0.006)
(0.002 0.042 0.006)
(0.002 0.046 0.006)
(0.002 0.05 0.006)
(0.002 0.054 0.006)
(0.002 0.058 0.006)
(0.002 0.062 0.006)
(0.002 0.066 0.006)
(0.002 0.07 0.006)
(0.002 0.074 0.006)
(0.002 0.078 0.006)
(0.002 0.082 0.006)
(0.002 0.086 0.006)
(0.002 0.09 0.006)
(0.002 0.094 0.006)
(0.002 0.098 0.006)
(0.002 0.102 0.006)
(0.002 0.106 0.006)
(0.002 0.11 0.006)
(0.002 0.114 0.006)
(0.002 0.118 0.006)
(0.002 0.002 0.01)
(0.002 0.006 0.01)
(0.002 0.01 0.01)
(0.002 0.014 0.01)
(0.002 0.018 0.01)
(0.002 0.022 0.01)
(0.002 0.026 0.01)
(0.002 0.03 0.01)
(0.002 0.034 0.01)
(0.002 0.038 0.01)
(0.002 0.042 0.01)
(0.002 0.046 0.01)
(0.002 0.05 0.01)
(0.002 0.054 0.01)
(0.002 0.058 0.01)
(0.002 0.062 0.01)
(0.002 0.066 0.01)
(0.002 0.07 0.01)
(0.002 0.074 0.01)
(0.002 0.078 0.01)
(0.002 0.082 0.01)
(0.002 0.086 0.01)
(0.002 0.09 0.01)
(0.002 0.094 0.01)
(0.002 0.098 0.01)
(0.002 0.102 0.01)
(0.002 0.106 0.01)
(0.002 0.11 0.01)
(0.002 0.114 0.01)
(0.002 0.118 0.01)
(0.002 0.002 0.014)
(0.002 0.006 0.014)
(0.002 0.01 0.014)
(0.002 0.014 0.014)
(0.002 0.018 0.014)
(0.002 0.022 0.014)
(0.002 0.026 0.014)
(0.002 0.03 0.014)
(0.002 0.034 0.014)
(0.002 0.038 0.014)
(0.002 0.042 0.014)
(0.002 0.046 0.014)
(0.002 0.05 0.014)
(0.002 0.054 0.014)
(0.002 0.058 0.014)
(0.002 0.062 0.014)
(0.002 0.066 0.014)
(0.002 0.07 0.014)
(0.002 0.074 0.014)
(0.002 0.078 0.014)
(0.002 0.082 0.014)
(0.002 0.086 0.014)
(0.002 0.09 0.014)
(0.002 0.094 0.014)
(0.002 0.098 0.014)
(0.002 0.102 0.014)
(0.002 0.106 0.014)
(0.002 0.11 0.014)
(0.002 0.114 0.014)
(0.002 0.118 0.014)
(0.002 0.002 0.018)
(0.002 0.006 0.018)
(0.002 0.01 0.018)
(0.002 0.014 0.018)
(0.002 0.018 0.018)
(0.002 0.022 0.018)
(0.002 0.026 0.018)
(0.002 0.03 0.018)
(0.002 0.034 0.018)
(0.002 0.038 0.018)
(0.002 0.042 0.018)
(0.002 0.046 0.018)
(0.002 0.05 0.018)
(0.002 0.054 0.018)
(0.002 0.058 0.018)
(0.002 0.062 0.018)
(0.002 0.066 0.018)
(0.002 0.07 0.018)
(0.002 0.074 0.018)
(0.002 0.078 0.018)
(0.002 0.082 0.018)
(0.002 0.086 0.018)
(0.002 0.09 0.018)
(0.002 0.094 0.018)
(0.002 0.098 0.018)
(0.002 0.102 0.018)
(0.002 0.106 0.018)
(0.002 0.11 0.018)
(0.002 0.114 0.018)
(0.002 0.118 0.018)
(0.002 0.002 0.022)
(0.002 0.006 0.022)
(0.002 0.01 0.022)
(0.002 0.014 0.022)
(0.002 0.018 0.022)
(0.002 0.022 0.022)
(0.002 0.026 0.022)
(0.002 0.03 0.022)
(0.002 0.034 0.022)
(0.002 0.038 0.022)
(0.002 0.042 0.022)
(0.002 0.046 0.022)
(0.002 0.05 0.022)
(0.002 0.054 0.022)
(0.002 0.058 0.022)
(0.002 0.062 0.022)
(0.002 0.066 0.022)
(0.002 0.07 0.022)
(0.002 0.074 0.022)
(0.002 0.078 0.022)
(0.002 0.082 0.022)
(0.002 0.086 0.022)
(0.002 0.09 0.022)
(0.002 0.094 0.022)
(0.002 0.098 0.022)
(0.002 0.102 0.022)
(0.002 0.106 0.022)
(0.002 0.11 0.022)
(0.002 0.114 0.022)
(0.002 0.118 0.022)
(0.002 0.002 0.026)
(0.002 0.006 0.026)
(0.002 0.01 0.026)
(0.002 0.014 0.026)
(0.002 0.018 0.026)
(0.002 0.022 0.026)
(0.002 0.026 0.026)
(0.002 0.03 0.026)
(0.002 0.034 0.026)
(0.002 0.038 0.026)
(0.002 0.042 0.026)
(0.002 0.046 0.026)
(0.002 0.05 0.026)
(0.002 0.054 0.026)
(0.002 0.058 0.026)
(0.002 0.062 0.026)
(0.002 0.066 0.026)
(0.002 0.07 0.026)
(0.002 0.074 0.026)
(0.002 0.078 0.026)
(0.002 0.082 0.026)
(0.002 0.086 0.026)
(0.002 0.09 0.026)
(0.002 0.094 0.026)
(0.002 0.098 0.026)
(0.002 0.102 0.026)
(0.002 0.106 0.026)
(0.002 0.11 0.026)
(0.002 0.114 0.026)
(0.002 0.118 0.026)
(0.002 0.002 0.03)
(0.002 0.006 0.03)
(0.002 0.01 0.03)
(0.002 0.014 0.03)
(0.002 0.018 0.03)
(0.002 0.022 0.03)
(0.002 0.026 0.03)
(0.002 0.03 0.03)
(0.002 0.034 0.03)
(0.002 0.038 0.03)
(0.002 0.042 0.03)
(0.002 0.046 0.03)
(0.002 0.05 0.03)
(0.002 0.054 0.03)
(0.002 0.058 0.03)
(0.002 0.062 0.03)
(0.002 0.066 0.03)
(0.002 0.07 0.03)
(0.002 0.074 0.03)
(0.002 0.078 0.03)
(0.002 0.082 0.03)
(0.002 0.086 0.03)
(0.002 0.09 0.03)
(0.002 0.094 0.03)
(0.002 0.098 0.03)
(0.002 0.102 0.03)
(0.002 0.106 0.03)
(0.002 0.11 0.03)
(0.002 0.114 0.03)
(0.002 0.118 0.03)
(0.002 0.002 0.034)
(0.002 0.006 0.034)
(0.002 0.01 0.034)
(0.002 0.014 0.034)
(0.002 0.018 0.034)
(0.002 0.022 0.034)
(0.002 0.026 0.034)
(0.002 0.03 0.034)
(0.002 0.034 0.034)
(0.002 0.038 0.034)
(0.002 0.042 0.034)
(0.002 0.046 0.034)
(0.002 0.05 0.034)
(0.002 0.054 0.034)
(0.002 0.058 0.034)
(0.002 0.062 0.034)
(0.002 0.066 0.034)
(0.002 0.07 0.034)
(0.002 0.074 0.034)
(0.002 0.078 0.034)
(0.002 0.082 0.034)
(0.002 0.086 0.034)
(0.002 0.09 0.034)
(0.002 0.094 0.034)
(0.002 0.098 0.034)
(0.002 0.102 0.034)
(0.002 0.106 0.034)
(0.002 0.11 0.034)
(0.002 0.114 0.034)
(0.002 0.118 0.034)
(0.002 0.002 0.038)
(0.002 0.006 0.038)
(0.002 0.01 0.038)
(0.002 0.014 0.038)
(0.002 0.018 0.038)
(0.002 0.022 0.038)
(0.002 0.026 0.038)
(0.002 0.03 0.038)
(0.002 0.034 0.038)
(0.002 0.038 0.038)
(0.002 0.042 0.038)
(0.002 0.046 0.038)
(0.002 0.05 0.038)
(0.002 0.054 0.038)
(0.002 0.058 0.038)
(0.002 0.062 0.038)
(0.002 0.066 0.038)
(0.002 0.07 0.038)
(0.002 0.074 0.038)
(0.002 0.078 0.038)
(0.002 0.082 0.038)
(0.002 0.086 0.038)
(0.002 0.09 0.038)
(0.002 0.094 0.038)
(0.002 0.098 0.038)
(0.002 0.102 0.038)
(0.002 0.106 0.038)
(0.002 0.11 0.038)
(0.002 0.114 0.038)
(0.002 0.118 0.038)
(0.002 0.002 0.042)
(0.002 0.006 0.042)
(0.002 0.01 0.042)
(0.002 0.014 0.042)
(0.002 0.018 0.042)
(0.002 0.022 0.042)
(0.002 0.026 0.042)
(0.002 0.03 0.042)
(0.002 0.034 0.042)
(0.002 0.038 0.042)
(0.002 0.042 0.042)
(0.002 0.046 0.042)
(0.002 0.05 0.042)
(0.002 0.054 0.042)
(0.002 0.058 0.042)
(0.002 0.062 0.042)
(0.002 0.066 0.042)
(0.002 0.07 0.042)
(0.002 0.074 0.042)
(0.002 0.078 0.042)
(0.002 0.082 0.042)
(0.002 0.086 0.042)
(0.002 0.09 0.042)
(0.002 0.094 0.042)
(0.002 0.098 0.042)
(0.002 0.102 0.042)
(0.002 0.106 0.042)
(0.002 0.11 0.042)
(0.002 0.114 0.042)
(0.002 0.118 0.042)
(0.002 0.002 0.046)
(0.002 0.006 0.046)
(0.002 0.01 0.046)
(0.002 0.014 0.046)
(0.002 0.018 0.046)
(0.002 0.022 0.046)
(0.002 0.026 0.046)
(0.002 0.03 0.046)
(0.002 0.034 0.046)
(0.002 0.038 0.046)
(0.002 0.042 0.046)
(0.002 0.046 0.046)
(0.002 0.05 0.046)
(0.002 0.054 0.046)
(0.002 0.058 0.046)
(0.002 0.062 0.046)
(0.002 0.066 0.046)
(0.002 0.07 0.046)
(0.002 0.074 0.046)
(0.002 0.078 0.046)
(0.002 0.082 0.046)
(0.002 0.086 0.046)
(0.002 0.09 0.046)
(0.002 0.094 0.046)
(0.002 0.098 0.046)
(0.002 0.102 0.046)
(0.002 0.106 0.046)
(0.002 0.11 0.046)
(0.002 0.114 0.046)
(0.002 0.118 0.046)
(0.002 0.002 0.05)
(0.002 0.006 0.05)
(0.002 0.01 0.05)
(0.002 0.014 0.05)
(0.002 0.018 0.05)
(0.002 0.022 0.05)
(0.002 0.026 0.05)
(0.002 0.03 0.05)
(0.002 0.034 0.05)
(0.002 0.038 0.05)
(0.002 0.042 0.05)
(0.002 0.046 0.05)
(0.002 0.05 0.05)
(0.002 0.054 0.05)
(0.002 0.058 0.05)
(0.002 0.062 0.05)
(0.002 0.066 0.05)
(0.002 0.07 0.05)
(0.002 0.074 0.05)
(0.002 0.078 0.05)
(0.002 0.082 0.05)
(0.002 0.086 0.05)
(0.002 0.09 0.05)
(0.002 0.094 0.05)
(0.002 0.098 0.05)
(0.002 0.102 0.05)
(0.002 0.106 0.05)
(0.002 0.11 0.05)
(0.002 0.114 0.05)
(0.002 0.118 0.05)
(0.002 0.002 0.054)
(0.002 0.006 0.054)
(0.002 0.01 0.054)
(0.002 0.014 0.054)
(0.002 0.018 0.054)
(0.002 0.022 0.054)
(0.002 0.026 0.054)
(0.002 0.03 0.054)
(0.002 0.034 0.054)
(0.002 0.038 0.054)
(0.002 0.042 0.054)
(0.002 0.046 0.054)
(0.002 0.05 0.054)
(0.002 0.054 0.054)
(0.002 0.058 0.054)
(0.002 0.062 0.054)
(0.002 0.066 0.054)
(0.002 0.07 0.054)
(0.002 0.074 0.054)
(0.002 0.078 0.054)
(0.002 0.082 0.054)
(0.002 0.086 0.054)
(0.002 0.09 0.054)
(0.002 0.094 0.054)
(0.002 0.098 0.054)
(0.002 0.102 0.054)
(0.002 0.106 0.054)
(0.002 0.11 0.054)
(0.002 0.114 0.054)
(0.002 0.118 0.054)
(0.002 0.002 0.058)
(0.002 0.006 0.058)
(0.002 0.01 0.058)
(0.002 0.014 0.058)
(0.002 0.018 0.058)
(0.002 0.022 0.058)
(0.002 0.026 0.058)
(0.002 0.03 0.058)
(0.002 0.034 0.058)
(0.002 0.038 0.058)
(0.002 0.042 0.058)
(0.002 0.046 0.058)
(0.002 0.05 0.058)
(0.002 0.054 0.058)
(0.002 0.058 0.058)
(0.002 0.062 0.058)
(0.002 0.066 0.058)
(0.002 0.07 0.058)
(0.002 0.074 0.058)
(0.002 0.078 0.058)
(0.002 0.082 0.058)
(0.002 0.086 0.058)
(0.002 0.09 0.058)
(0.002 0.094 0.058)
(0.002 0.098 0.058)
(0.002 0.102 0.058)
(0.002 0.106 0.058)
(0.002 0.11 0.058)
(0.002 0.114 0.058)
(0.002 0.118 0.058)
(0.002 0.002 0.062)
(0.002 0.006 0.062)
(0.002 0.01 0.062)
(0.002 0.014 0.062)
(0.002 0.018 0.062)
(0.002 0.022 0.062)
(0.002 0.026 0.062)
(0.002 0.03 0.062)
(0.002 0.034 0.062)
(0.002 0.038 0.062)
(0.002 0.042 0.062)
(0.002 0.046 0.062)
(0.002 0.05 0.062)
(0.002 0.054 0.062)
(0.002 0.058 0.062)
(0.002 0.062 0.062)
(0.002 0.066 0.062)
(0.002 0.07 0.062)
(0.002 0.074 0.062)
(0.002 0.078 0.062)
(0.002 0.082 0.062)
(0.002 0.086 0.062)
(0.002 0.09 0.062)
(0.002 0.094 0.062)
(0.002 0.098 0.062)
(0.002 0.102 0.062)
(0.002 0.106 0.062)
(0.002 0.11 0.062)
(0.002 0.114 0.062)
(0.002 0.118 0.062)
(0.002 0.002 0.066)
(0.002 0.006 0.066)
(0.002 0.01 0.066)
(0.002 0.014 0.066)
(0.002 0.018 0.066)
(0.002 0.022 0.066)
(0.002 0.026 0.066)
(0.002 0.03 0.066)
(0.002 0.034 0.066)
(0.002 0.038 0.066)
(0.002 0.042 0.066)
(0.002 0.046 0.066)
(0.002 0.05 0.066)
(0.002 0.054 0.066)
(0.002 0.058 0.066)
(0.002 0.062 0.066)
(0.002 0.066 0.066)
(0.002 0.07 0.066)
(0.002 0.074 0.066)
(0.002 0.078 0.066)
(0.002 0.082 0.066)
(0.002 0.086 0.066)
(0.002 0.09 0.066)
(0.002 0.094 0.066)
(0.002 0.098 0.066)
(0.002 0.102 0.066)
(0.002 0.106 0.066)
(0.002 0.11 0.066)
(0.002 0.114 0.066)
(0.002 0.118 0.066)
(0.002 0.002 0.07)
(0.002 0.006 0.07)
(0.002 0.01 0.07)
(0.002 0.014 0.07)
(0.002 0.018 0.07)
(0.002 0.022 0.07)
(0.002 0.026 0.07)
(0.002 0.03 0.07)
(0.002 0.034 0.07)
(0.002 0.038 0.07)
(0.002 0.042 0.07)
(0.002 0.046 0.07)
(0.002 0.05 0.07)
(0.002 0.054 0.07)
(0.002 0.058 0.07)
(0.002 0.062 0.07)
(0.002 0.066 0.07)
(0.002 0.07 0.07)
(0.002 0.074 0.07)
(0.002 0.078 0.07)
(0.002 0.082 0.07)
(0.002 0.086 0.07)
(0.002 0.09 0.07)
(0.002 0.094 0.07)
(0.002 0.098 0.07)
(0.002 0.102 0.07)
(0.002 0.106 0.07)
(0.002 0.11 0.07)
(0.002 0.114 0.07)
(0.002 0.118 0.07)
(0.002 0.002 0.074)
(0.002 0.006 0.074)
(0.002 0.01 0.074)
(0.002 0.014 0.074)
(0.002 0.018 0.074)
(0.002 0.022 0.074)
(0.002 0.026 0.074)
(0.002 0.03 0.074)
(0.002 0.034 0.074)
(0.002 0.038 0.074)
(0.002 0.042 0.074)
(0.002 0.046 0.074)
(0.002 0.05 0.074)
(0.002 0.054 0.074)
(0.002 0.058 0.074)
(0.002 0.062 0.074)
(0.002 0.066 0.074)
(0.002 0.07 0.074)
(0.002 0.074 0.074)
(0.002 0.078 0.074)
(0.002 0.082 0.074)
(0.002 0.086 0.074)
(0.002 0.09 0.074)
(0.002 0.094 0.074)
(0.002 0.098 0.074)
(0.002 0.102 0.074)
(0.002 0.106 0.074)
(0.002 0.11 0.074)
(0.002 0.114 0.074)
(0.002 0.118 0.074)
(0.002 0.002 0.078)
(0.002 0.006 0.078)
(0.002 0.01 0.078)
(0.002 0.014 0.078)
(0.002 0.018 0.078)
(0.002 0.022 0.078)
(0.002 0.026 0.078)
(0.002 0.03 0.078)
(0.002 0.034 0.078)
(0.002 0.038 0.078)
(0.002 0.042 0.078)
(0.002 0.046 0.078)
(0.002 0.05 0.078)
(0.002 0.054 0.078)
(0.002 0.058 0.078)
(0.002 0.062 0.078)
(0.002 0.066 0.078)
(0.002 0.07 0.078)
(0.002 0.074 0.078)
(0.002 0.078 0.078)
(0.002 0.082 0.078)
(0.002 0.086 0.078)
(0.002 0.09 0.078)
(0.002 0.094 0.078)
(0.002 0.098 0.078)
(0.002 0.102 0.078)
(0.002 0.106 0.078)
(0.002 0.11 0.078)
(0.002 0.114 0.078)
(0.002 0.118 0.078)
(0.002 0.002 0.082)
(0.002 0.006 0.082)
(0.002 0.01 0.082)
(0.002 0.014 0.082)
(0.002 0.018 0.082)
(0.002 0.022 0.082)
(0.002 0.026 0.082)
(0.002 0.03 0.082)
(0.002 0.034 0.082)
(0.002 0.038 0.082)
(0.002 0.042 0.082)
(0.002 0.046 0.082)
(0.002 0.05 0.082)
(0.002 0.054 0.082)
(0.002 0.058 0.082)
(0.002 0.062 0.082)
(0.002 0.066 0.082)
(0.002 0.07 0.082)
(0.002 0.074 0.082)
(0.002 0.078 0.082)
(0.002 0.082 0.082)
(0.002 0.086 0.082)
(0.002 0.09 0.082)
(0.002 0.094 0.082)
(0.002 0.098 0.082)
(0.002 0.102 0.082)
(0.002 0.106 0.082)
(0.002 0.11 0.082)
(0.002 0.114 0.082)
(0.002 0.118 0.082)
(0.002 0.002 0.086)
(0.002 0.006 0.086)
(0.002 0.01 0.086)
(0.002 0.014 0.086)
(0.002 0.018 0.086)
(0.002 0.022 0.086)
(0.002 0.026 0.086)
(0.002 0.03 0.086)
(0.002 0.034 0.086)
(0.002 0.038 0.086)
(0.002 0.042 0.086)
(0.002 0.046 0.086)
(0.002 0.05 0.086)
(0.002 0.054 0.086)
(0.002 0.058 0.086)
(0.002 0.062 0.086)
(0.002 0.066 0.086)
(0.002 0.07 0.086)
(0.002 0.074 0.086)
(0.002 0.078 0.086)
(0.002 0.082 0.086)
(0.002 0.086 0.086)
(0.002 0.09 0.086)
(0.002 0.094 0.086)
(0.002 0.098 0.086)
(0.002 0.102 0.086)
(0.002 0.106 0.086)
(0.002 0.11 0.086)
(0.002 0.114 0.086)
(0.002 0.118 0.086)
(0.002 0.002 0.09)
(0.002 0.006 0.09)
(0.002 0.01 0.09)
(0.002 0.014 0.09)
(0.002 0.018 0.09)
(0.002 0.022 0.09)
(0.002 0.026 0.09)
(0.002 0.03 0.09)
(0.002 0.034 0.09)
(0.002 0.038 0.09)
(0.002 0.042 0.09)
(0.002 0.046 0.09)
(0.002 0.05 0.09)
(0.002 0.054 0.09)
(0.002 0.058 0.09)
(0.002 0.062 0.09)
(0.002 0.066 0.09)
(0.002 0.07 0.09)
(0.002 0.074 0.09)
(0.002 0.078 0.09)
(0.002 0.082 0.09)
(0.002 0.086 0.09)
(0.002 0.09 0.09)
(0.002 0.094 0.09)
(0.002 0.098 0.09)
(0.002 0.102 0.09)
(0.002 0.106 0.09)
(0.002 0.11 0.09)
(0.002 0.114 0.09)
(0.002 0.118 0.09)
(0.002 0.002 0.094)
(0.002 0.006 0.094)
(0.002 0.01 0.094)
(0.002 0.014 0.094)
(0.002 0.018 0.094)
(0.002 0.022 0.094)
(0.002 0.026 0.094)
(0.002 0.03 0.094)
(0.002 0.034 0.094)
(0.002 0.038 0.094)
(0.002 0.042 0.094)
(0.002 0.046 0.094)
(0.002 0.05 0.094)
(0.002 0.054 0.094)
(0.002 0.058 0.094)
(0.002 0.062 0.094)
(0.002 0.066 0.094)
(0.002 0.07 0.094)
(0.002 0.074 0.094)
(0.002 0.078 0.094)
(0.002 0.082 0.094)
(0.002 0.086 0.094)
(0.002 0.09 0.094)
(0.002 0.094 0.094)
(0.002 0.098 0.094)
(0.002 0.102 0.094)
(0.002 0.106 0.094)
(0.002 0.11 0.094)
(0.002 0.114 0.094)
(0.002 0.118 0.094)
(0.002 0.002 0.098)
(0.002 0.006 0.098)
(0.002 0.01 0.098)
(0.002 0.014 0.098)
(0.002 0.018 0.098)
(0.002 0.022 0.098)
(0.002 0.026 0.098)
(0.002 0.03 0.098)
(0.002 0.034 0.098)
(0.002 0.038 0.098)
(0.002 0.042 0.098)
(0.002 0.046 0.098)
(0.002 0.05 0.098)
(0.002 0.054 0.098)
(0.002 0.058 0.098)
(0.002 0.062 0.098)
(0.002 0.066 0.098)
(0.002 0.07 0.098)
(0.002 0.074 0.098)
(0.002 0.078 0.098)
(0.002 0.082 0.098)
(0.002 0.086 0.098)
(0.002 0.09 0.098)
(0.002 0.094 0.098)
(0.002 0.098 0.098)
(0.002 0.102 0.098)
(0.002 0.106 0.098)
(0.002 0.11 0.098)
(0.002 0.114 0.098)
(0.002 0.118 0.098)
(0.002 0.002 0.102)
(0.002 0.006 0.102)
(0.002 0.01 0.102)
(0.002 0.014 0.102)
(0.002 0.018 0.102)
(0.002 0.022 0.102)
(0.002 0.026 0.102)
(0.002 0.03 0.102)
(0.002 0.034 0.102)
(0.002 0.038 0.102)
(0.002 0.042 0.102)
(0.002 0.046 0.102)
(0.002 0.05 0.102)
(0.002 0.054 0.102)
(0.002 0.058 0.102)
(0.002 0.062 0.102)
(0.002 0.066 0.102)
(0.002 0.07 0.102)
(0.002 0.074 0.102)
(0.002 0.078 0.102)
(0.002 0.082 0.102)
(0.002 0.086 0.102)
(0.002 0.09 0.102)
(0.002 0.094 0.102)
(0.002 0.098 0.102)
(0.002 0.102 0.102)
(0.002 0.106 0.102)
(0.002 0.11 0.102)
(0.002 0.114 0.102)
(0.002 0.118 0.102)
(0.002 0.002 0.106)
(0.002 0.006 0.106)
(0.002 0.01 0.106)
(0.002 0.014 0.106)
(0.002 0.018 0.106)
(0.002 0.022 0.106)
(0.002 0.026 0.106)
(0.002 0.03 0.106)
(0.002 0.034 0.106)
(0.002 0.038 0.106)
(0.002 0.042 0.106)
(0.002 0.046 0.106)
(0.002 0.05 0.106)
(0.002 0.054 0.106)
(0.002 0.058 0.106)
(0.002 0.062 0.106)
(0.002 0.066 0.106)
(0.002 0.07 0.106)
(0.002 0.074 0.106)
(0.002 0.078 0.106)
(0.002 0.082 0.106)
(0.002 0.086 0.106)
(0.002 0.09 0.106)
(0.002 0.094 0.106)
(0.002 0.098 0.106)
(0.002 0.102 0.106)
(0.002 0.106 0.106)
(0.002 0.11 0.106)
(0.002 0.114 0.106)
(0.002 0.118 0.106)
(0.002 0.002 0.11)
(0.002 0.006 0.11)
(0.002 0.01 0.11)
(0.002 0.014 0.11)
(0.002 0.018 0.11)
(0.002 0.022 0.11)
(0.002 0.026 0.11)
(0.002 0.03 0.11)
(0.002 0.034 0.11)
(0.002 0.038 0.11)
(0.002 0.042 0.11)
(0.002 0.046 0.11)
(0.002 0.05 0.11)
(0.002 0.054 0.11)
(0.002 0.058 0.11)
(0.002 0.062 0.11)
(0.002 0.066 0.11)
(0.002 0.07 0.11)
(0.002 0.074 0.11)
(0.002 0.078 0.11)
(0.002 0.082 0.11)
(0.002 0.086 0.11)
(0.002 0.09 0.11)
(0.002 0.094 0.11)
(0.002 0.098 0.11)
(0.002 0.102 0.11)
(0.002 0.106 0.11)
(0.002 0.11 0.11)
(0.002 0.114 0.11)
(0.002 0.118 0.11)
(0.002 0.002 0.114)
(0.002 0.006 0.114)
(0.002 0.01 0.114)
(0.002 0.014 0.114)
(0.002 0.018 0.114)
(0.002 0.022 0.114)
(0.002 0.026 0.114)
(0.002 0.03 0.114)
(0.002 0.034 0.114)
(0.002 0.038 0.114)
(0.002 0.042 0.114)
(0.002 0.046 0.114)
(0.002 0.05 0.114)
(0.002 0.054 0.114)
(0.002 0.058 0.114)
(0.002 0.062 0.114)
(0.002 0.066 0.114)
(0.002 0.07 0.114)
(0.002 0.074 0.114)
(0.002 0.078 0.114)
(0.002 0.082 0.114)
(0.002 0.086 0.114)
(0.002 0.09 0.114)
(0.002 0.094 0.114)
(0.002 0.098 0.114)
(0.002 0.102 0.114)
(0.002 0.106 0.114)
(0.002 0.11 0.114)
(0.002 0.114 0.114)
(0.002 0.118 0.114)
(0.002 0.002 0.118)
(0.002 0.006 0.118)
(0.002 0.01 0.118)
(0.002 0.014 0.118)
(0.002 0.018 0.118)
(0.002 0.022 0.118)
(0.002 0.026 0.118)
(0.002 0.03 0.118)
(0.002 0.034 0.118)
(0.002 0.038 0.118)
(0.002 0.042 0.118)
(0.002 0.046 0.118)
(0.002 0.05 0.118)
(0.002 0.054 0.118)
(0.002 0.058 0.118)
(0.002 0.062 0.118)
(0.002 0.066 0.118)
(0.002 0.07 0.118)
(0.002 0.074 0.118)
(0.002 0.078 0.118)
(0.002 0.082 0.118)
(0.002 0.086 0.118)
(0.002 0.09 0.118)
(0.002 0.094 0.118)
(0.002 0.098 0.118)
(0.002 0.102 0.118)
(0.002 0.106 0.118)
(0.002 0.11 0.118)
(0.002 0.114 0.118)
(0.002 0.118 0.118)
(0.002 0.002 0.122)
(0.002 0.006 0.122)
(0.002 0.01 0.122)
(0.002 0.014 0.122)
(0.002 0.018 0.122)
(0.002 0.022 0.122)
(0.002 0.026 0.122)
(0.002 0.03 0.122)
(0.002 0.034 0.122)
(0.002 0.038 0.122)
(0.002 0.042 0.122)
(0.002 0.046 0.122)
(0.002 0.05 0.122)
(0.002 0.054 0.122)
(0.002 0.058 0.122)
(0.002 0.062 0.122)
(0.002 0.066 0.122)
(0.002 0.07 0.122)
(0.002 0.074 0.122)
(0.002 0.078 0.122)
(0.002 0.082 0.122)
(0.002 0.086 0.122)
(0.002 0.09 0.122)
(0.002 0.094 0.122)
(0.002 0.098 0.122)
(0.002 0.102 0.122)
(0.002 0.106 0.122)
(0.002 0.11 0.122)
(0.002 0.114 0.122)
(0.002 0.118 0.122)
(0.002 0.002 0.126)
(0.002 0.006 0.126)
(0.002 0.01 0.126)
(0.002 0.014 0.126)
(0.002 0.018 0.126)
(0.002 0.022 0.126)
(0.002 0.026 0.126)
(0.002 0.03 0.126)
(0.002 0.034 0.126)
(0.002 0.038 0.126)
(0.002 0.042 0.126)
(0.002 0.046 0.126)
(0.002 0.05 0.126)
(0.002 0.054 0.126)
(0.002 0.058 0.126)
(0.002 0.062 0.126)
(0.002 0.066 0.126)
(0.002 0.07 0.126)
(0.002 0.074 0.126)
(0.002 0.078 0.126)
(0.002 0.082 0.126)
(0.002 0.086 0.126)
(0.002 0.09 0.126)
(0.002 0.094 0.126)
(0.002 0.098 0.126)
(0.002 0.102 0.126)
(0.002 0.106 0.126)
(0.002 0.11 0.126)
(0.002 0.114 0.126)
(0.002 0.118 0.126)
(0.002 0.002 0.13)
(0.002 0.006 0.13)
(0.002 0.01 0.13)
(0.002 0.014 0.13)
(0.002 0.018 0.13)
(0.002 0.022 0.13)
(0.002 0.026 0.13)
(0.002 0.03 0.13)
(0.002 0.034 0.13)
(0.002 0.038 0.13)
(0.002 0.042 0.13)
(0.002 0.046 0.13)
(0.002 0.05 0.13)
(0.002 0.054 0.13)
(0.002 0.058 0.13)
(0.002 0.062 0.13)
(0.002 0.066 0.13)
(0.002 0.07 0.13)
(0.002 0.074 0.13)
(0.002 0.078 0.13)
(0.002 0.082 0.13)
(0.002 0.086 0.13)
(0.002 0.09 0.13)
(0.002 0.094 0.13)
(0.002 0.098 0.13)
(0.002 0.102 0.13)
(0.002 0.106 0.13)
(0.002 0.11 0.13)
(0.002 0.114 0.13)
(0.002 0.118 0.13)
(0.002 0.002 0.134)
(0.002 0.006 0.134)
(0.002 0.01 0.134)
(0.002 0.014 0.134)
(0.002 0.018 0.134)
(0.002 0.022 0.134)
(0.002 0.026 0.134)
(0.002 0.03 0.134)
(0.002 0.034 0.134)
(0.002 0.038 0.134)
(0.002 0.042 0.134)
(0.002 0.046 0.134)
(0.002 0.05 0.134)
(0.002 0.054 0.134)
(0.002 0.058 0.134)
(0.002 0.062 0.134)
(0.002 0.066 0.134)
(0.002 0.07 0.134)
(0.002 0.074 0.134)
(0.002 0.078 0.134)
(0.002 0.082 0.134)
(0.002 0.086 0.134)
(0.002 0.09 0.134)
(0.002 0.094 0.134)
(0.002 0.098 0.134)
(0.002 0.102 0.134)
(0.002 0.106 0.134)
(0.002 0.11 0.134)
(0.002 0.114 0.134)
(0.002 0.118 0.134)
(0.002 0.002 0.138)
(0.002 0.006 0.138)
(0.002 0.01 0.138)
(0.002 0.014 0.138)
(0.002 0.018 0.138)
(0.002 0.022 0.138)
(0.002 0.026 0.138)
(0.002 0.03 0.138)
(0.002 0.034 0.138)
(0.002 0.038 0.138)
(0.002 0.042 0.138)
(0.002 0.046 0.138)
(0.002 0.05 0.138)
(0.002 0.054 0.138)
(0.002 0.058 0.138)
(0.002 0.062 0.138)
(0.002 0.066 0.138)
(0.002 0.07 0.138)
(0.002 0.074 0.138)
(0.002 0.078 0.138)
(0.002 0.082 0.138)
(0.002 0.086 0.138)
(0.002 0.09 0.138)
(0.002 0.094 0.138)
(0.002 0.098 0.138)
(0.002 0.102 0.138)
(0.002 0.106 0.138)
(0.002 0.11 0.138)
(0.002 0.114 0.138)
(0.002 0.118 0.138)
(0.002 0.002 0.142)
(0.002 0.006 0.142)
(0.002 0.01 0.142)
(0.002 0.014 0.142)
(0.002 0.018 0.142)
(0.002 0.022 0.142)
(0.002 0.026 0.142)
(0.002 0.03 0.142)
(0.002 0.034 0.142)
(0.002 0.038 0.142)
(0.002 0.042 0.142)
(0.002 0.046 0.142)
(0.002 0.05 0.142)
(0.002 0.054 0.142)
(0.002 0.058 0.142)
(0.002 0.062 0.142)
(0.002 0.066 0.142)
(0.002 0.07 0.142)
(0.002 0.074 0.142)
(0.002 0.078 0.142)
(0.002 0.082 0.142)
(0.002 0.086 0.142)
(0.002 0.09 0.142)
(0.002 0.094 0.142)
(0.002 0.098 0.142)
(0.002 0.102 0.142)
(0.002 0.106 0.142)
(0.002 0.11 0.142)
(0.002 0.114 0.142)
(0.002 0.118 0.142)
(0.002 0.002 0.146)
(0.002 0.006 0.146)
(0.002 0.01 0.146)
(0.002 0.014 0.146)
(0.002 0.018 0.146)
(0.002 0.022 0.146)
(0.002 0.026 0.146)
(0.002 0.03 0.146)
(0.002 0.034 0.146)
(0.002 0.038 0.146)
(0.002 0.042 0.146)
(0.002 0.046 0.146)
(0.002 0.05 0.146)
(0.002 0.054 0.146)
(0.002 0.058 0.146)
(0.002 0.062 0.146)
(0.002 0.066 0.146)
(0.002 0.07 0.146)
(0.002 0.074 0.146)
(0.002 0.078 0.146)
(0.002 0.082 0.146)
(0.002 0.086 0.146)
(0.002 0.09 0.146)
(0.002 0.094 0.146)
(0.002 0.098 0.146)
(0.002 0.102 0.146)
(0.002 0.106 0.146)
(0.002 0.11 0.146)
(0.002 0.114 0.146)
(0.002 0.118 0.146)
(0.002 0.002 0.15)
(0.002 0.006 0.15)
(0.002 0.01 0.15)
(0.002 0.014 0.15)
(0.002 0.018 0.15)
(0.002 0.022 0.15)
(0.002 0.026 0.15)
(0.002 0.03 0.15)
(0.002 0.034 0.15)
(0.002 0.038 0.15)
(0.002 0.042 0.15)
(0.002 0.046 0.15)
(0.002 0.05 0.15)
(0.002 0.054 0.15)
(0.002 0.058 0.15)
(0.002 0.062 0.15)
(0.002 0.066 0.15)
(0.002 0.07 0.15)
(0.002 0.074 0.15)
(0.002 0.078 0.15)
(0.002 0.082 0.15)
(0.002 0.086 0.15)
(0.002 0.09 0.15)
(0.002 0.094 0.15)
(0.002 0.098 0.15)
(0.002 0.102 0.15)
(0.002 0.106 0.15)
(0.002 0.11 0.15)
(0.002 0.114 0.15)
(0.002 0.118 0.15)
(0.002 0.002 0.154)
(0.002 0.006 0.154)
(0.002 0.01 0.154)
(0.002 0.014 0.154)
(0.002 0.018 0.154)
(0.002 0.022 0.154)
(0.002 0.026 0.154)
(0.002 0.03 0.154)
(0.002 0.034 0.154)
(0.002 0.038 0.154)
(0.002 0.042 0.154)
(0.002 0.046 0.154)
(0.002 0.05 0.154)
(0.002 0.054 0.154)
(0.002 0.058 0.154)
(0.002 0.062 0.154)
(0.002 0.066 0.154)
(0.002 0.07 0.154)
(0.002 0.074 0.154)
(0.002 0.078 0.154)
(0.002 0.082 0.154)
(0.002 0.086 0.154)
(0.002 0.09 0.154)
(0.002 0.094 0.154)
(0.002 0.098 0.154)
(0.002 0.102 0.154)
(0.002 0.106 0.154)
(0.002 0.11 0.154)
(0.002 0.114 0.154)
(0.002 0.118 0.154)
(0.002 0.002 0.158)
(0.002 0.006 0.158)
(0.002 0.01 0.158)
(0.002 0.014 0.158)
(0.002 0.018 0.158)
(0.002 0.022 0.158)
(0.002 0.026 0.158)
(0.002 0.03 0.158)
(0.002 0.034 0.158)
(0.002 0.038 0.158)
(0.002 0.042 0.158)
(0.002 0.046 0.158)
(0.002 0.05 0.158)
(0.002 0.054 0.158)
(0.002 0.058 0.158)
(0.002 0.062 0.158)
(0.002 0.066 0.158)
(0.002 0.07 0.158)
(0.002 0.074 0.158)
(0.002 0.078 0.158)
(0.002 0.082 0.158)
(0.002 0.086 0.158)
(0.002 0.09 0.158)
(0.002 0.094 0.158)
(0.002 0.098 0.158)
(0.002 0.102 0.158)
(0.002 0.106 0.158)
(0.002 0.11 0.158)
(0.002 0.114 0.158)
(0.002 0.118 0.158)
(0.002 0.002 0.162)
(0.002 0.006 0.162)
(0.002 0.01 0.162)
(0.002 0.014 0.162)
(0.002 0.018 0.162)
(0.002 0.022 0.162)
(0.002 0.026 0.162)
(0.002 0.03 0.162)
(0.002 0.034 0.162)
(0.002 0.038 0.162)
(0.002 0.042 0.162)
(0.002 0.046 0.162)
(0.002 0.05 0.162)
(0.002 0.054 0.162)
(0.002 0.058 0.162)
(0.002 0.062 0.162)
(0.002 0.066 0.162)
(0.002 0.07 0.162)
(0.002 0.074 0.162)
(0.002 0.078 0.162)
(0.002 0.082 0.162)
(0.002 0.086 0.162)
(0.002 0.09 0.162)
(0.002 0.094 0.162)
(0.002 0.098 0.162)
(0.002 0.102 0.162)
(0.002 0.106 0.162)
(0.002 0.11 0.162)
(0.002 0.114 0.162)
(0.002 0.118 0.162)
(0.002 0.002 0.166)
(0.002 0.006 0.166)
(0.002 0.01 0.166)
(0.002 0.014 0.166)
(0.002 0.018 0.166)
(0.002 0.022 0.166)
(0.002 0.026 0.166)
(0.002 0.03 0.166)
(0.002 0.034 0.166)
(0.002 0.038 0.166)
(0.002 0.042 0.166)
(0.002 0.046 0.166)
(0.002 0.05 0.166)
(0.002 0.054 0.166)
(0.002 0.058 0.166)
(0.002 0.062 0.166)
(0.002 0.066 0.166)
(0.002 0.07 0.166)
(0.002 0.074 0.166)
(0.002 0.078 0.166)
(0.002 0.082 0.166)
(0.002 0.086 0.166)
(0.002 0.09 0.166)
(0.002 0.094 0.166)
(0.002 0.098 0.166)
(0.002 0.102 0.166)
(0.002 0.106 0.166)
(0.002 0.11 0.166)
(0.002 0.114 0.166)
(0.002 0.118 0.166)
(0.002 0.002 0.17)
(0.002 0.006 0.17)
(0.002 0.01 0.17)
(0.002 0.014 0.17)
(0.002 0.018 0.17)
(0.002 0.022 0.17)
(0.002 0.026 0.17)
(0.002 0.03 0.17)
(0.002 0.034 0.17)
(0.002 0.038 0.17)
(0.002 0.042 0.17)
(0.002 0.046 0.17)
(0.002 0.05 0.17)
(0.002 0.054 0.17)
(0.002 0.058 0.17)
(0.002 0.062 0.17)
(0.002 0.066 0.17)
(0.002 0.07 0.17)
(0.002 0.074 0.17)
(0.002 0.078 0.17)
(0.002 0.082 0.17)
(0.002 0.086 0.17)
(0.002 0.09 0.17)
(0.002 0.094 0.17)
(0.002 0.098 0.17)
(0.002 0.102 0.17)
(0.002 0.106 0.17)
(0.002 0.11 0.17)
(0.002 0.114 0.17)
(0.002 0.118 0.17)
(0.002 0.002 0.174)
(0.002 0.006 0.174)
(0.002 0.01 0.174)
(0.002 0.014 0.174)
(0.002 0.018 0.174)
(0.002 0.022 0.174)
(0.002 0.026 0.174)
(0.002 0.03 0.174)
(0.002 0.034 0.174)
(0.002 0.038 0.174)
(0.002 0.042 0.174)
(0.002 0.046 0.174)
(0.002 0.05 0.174)
(0.002 0.054 0.174)
(0.002 0.058 0.174)
(0.002 0.062 0.174)
(0.002 0.066 0.174)
(0.002 0.07 0.174)
(0.002 0.074 0.174)
(0.002 0.078 0.174)
(0.002 0.082 0.174)
(0.002 0.086 0.174)
(0.002 0.09 0.174)
(0.002 0.094 0.174)
(0.002 0.098 0.174)
(0.002 0.102 0.174)
(0.002 0.106 0.174)
(0.002 0.11 0.174)
(0.002 0.114 0.174)
(0.002 0.118 0.174)
(0.002 0.002 0.178)
(0.002 0.006 0.178)
(0.002 0.01 0.178)
(0.002 0.014 0.178)
(0.002 0.018 0.178)
(0.002 0.022 0.178)
(0.002 0.026 0.178)
(0.002 0.03 0.178)
(0.002 0.034 0.178)
(0.002 0.038 0.178)
(0.002 0.042 0.178)
(0.002 0.046 0.178)
(0.002 0.05 0.178)
(0.002 0.054 0.178)
(0.002 0.058 0.178)
(0.002 0.062 0.178)
(0.002 0.066 0.178)
(0.002 0.07 0.178)
(0.002 0.074 0.178)
(0.002 0.078 0.178)
(0.002 0.082 0.178)
(0.002 0.086 0.178)
(0.002 0.09 0.178)
(0.002 0.094 0.178)
(0.002 0.098 0.178)
(0.002 0.102 0.178)
(0.002 0.106 0.178)
(0.002 0.11 0.178)
(0.002 0.114 0.178)
(0.002 0.118 0.178)
(0.002 0.002 0.182)
(0.002 0.006 0.182)
(0.002 0.01 0.182)
(0.002 0.014 0.182)
(0.002 0.018 0.182)
(0.002 0.022 0.182)
(0.002 0.026 0.182)
(0.002 0.03 0.182)
(0.002 0.034 0.182)
(0.002 0.038 0.182)
(0.002 0.042 0.182)
(0.002 0.046 0.182)
(0.002 0.05 0.182)
(0.002 0.054 0.182)
(0.002 0.058 0.182)
(0.002 0.062 0.182)
(0.002 0.066 0.182)
(0.002 0.07 0.182)
(0.002 0.074 0.182)
(0.002 0.078 0.182)
(0.002 0.082 0.182)
(0.002 0.086 0.182)
(0.002 0.09 0.182)
(0.002 0.094 0.182)
(0.002 0.098 0.182)
(0.002 0.102 0.182)
(0.002 0.106 0.182)
(0.002 0.11 0.182)
(0.002 0.114 0.182)
(0.002 0.118 0.182)
(0.002 0.002 0.186)
(0.002 0.006 0.186)
(0.002 0.01 0.186)
(0.002 0.014 0.186)
(0.002 0.018 0.186)
(0.002 0.022 0.186)
(0.002 0.026 0.186)
(0.002 0.03 0.186)
(0.002 0.034 0.186)
(0.002 0.038 0.186)
(0.002 0.042 0.186)
(0.002 0.046 0.186)
(0.002 0.05 0.186)
(0.002 0.054 0.186)
(0.002 0.058 0.186)
(0.002 0.062 0.186)
(0.002 0.066 0.186)
(0.002 0.07 0.186)
(0.002 0.074 0.186)
(0.002 0.078 0.186)
(0.002 0.082 0.186)
(0.002 0.086 0.186)
(0.002 0.09 0.186)
(0.002 0.094 0.186)
(0.002 0.098 0.186)
(0.002 0.102 0.186)
(0.002 0.106 0.186)
(0.002 0.11 0.186)
(0.002 0.114 0.186)
(0.002 0.118 0.186)
(0.002 0.002 0.19)
(0.002 0.006 0.19)
(0.002 0.01 0.19)
(0.002 0.014 0.19)
(0.002 0.018 0.19)
(0.002 0.022 0.19)
(0.002 0.026 0.19)
(0.002 0.03 0.19)
(0.002 0.034 0.19)
(0.002 0.038 0.19)
(0.002 0.042 0.19)
(0.002 0.046 0.19)
(0.002 0.05 0.19)
(0.002 0.054 0.19)
(0.002 0.058 0.19)
(0.002 0.062 0.19)
(0.002 0.066 0.19)
(0.002 0.07 0.19)
(0.002 0.074 0.19)
(0.002 0.078 0.19)
(0.002 0.082 0.19)
(0.002 0.086 0.19)
(0.002 0.09 0.19)
(0.002 0.094 0.19)
(0.002 0.098 0.19)
(0.002 0.102 0.19)
(0.002 0.106 0.19)
(0.002 0.11 0.19)
(0.002 0.114 0.19)
(0.002 0.118 0.19)
(0.002 0.002 0.194)
(0.002 0.006 0.194)
(0.002 0.01 0.194)
(0.002 0.014 0.194)
(0.002 0.018 0.194)
(0.002 0.022 0.194)
(0.002 0.026 0.194)
(0.002 0.03 0.194)
(0.002 0.034 0.194)
(0.002 0.038 0.194)
(0.002 0.042 0.194)
(0.002 0.046 0.194)
(0.002 0.05 0.194)
(0.002 0.054 0.194)
(0.002 0.058 0.194)
(0.002 0.062 0.194)
(0.002 0.066 0.194)
(0.002 0.07 0.194)
(0.002 0.074 0.194)
(0.002 0.078 0.194)
(0.002 0.082 0.194)
(0.002 0.086 0.194)
(0.002 0.09 0.194)
(0.002 0.094 0.194)
(0.002 0.098 0.194)
(0.002 0.102 0.194)
(0.002 0.106 0.194)
(0.002 0.11 0.194)
(0.002 0.114 0.194)
(0.002 0.118 0.194)
(0.002 0.002 0.198)
(0.002 0.006 0.198)
(0.002 0.01 0.198)
(0.002 0.014 0.198)
(0.002 0.018 0.198)
(0.002 0.022 0.198)
(0.002 0.026 0.198)
(0.002 0.03 0.198)
(0.002 0.034 0.198)
(0.002 0.038 0.198)
(0.002 0.042 0.198)
(0.002 0.046 0.198)
(0.002 0.05 0.198)
(0.002 0.054 0.198)
(0.002 0.058 0.198)
(0.002 0.062 0.198)
(0.002 0.066 0.198)
(0.002 0.07 0.198)
(0.002 0.074 0.198)
(0.002 0.078 0.198)
(0.002 0.082 0.198)
(0.002 0.086 0.198)
(0.002 0.09 0.198)
(0.002 0.094 0.198)
(0.002 0.098 0.198)
(0.002 0.102 0.198)
(0.002 0.106 0.198)
(0.002 0.11 0.198)
(0.002 0.114 0.198)
(0.002 0.118 0.198)
(0.002 0.002 0.202)
(0.002 0.006 0.202)
(0.002 0.01 0.202)
(0.002 0.014 0.202)
(0.002 0.018 0.202)
(0.002 0.022 0.202)
(0.002 0.026 0.202)
(0.002 0.03 0.202)
(0.002 0.034 0.202)
(0.002 0.038 0.202)
(0.002 0.042 0.202)
(0.002 0.046 0.202)
(0.002 0.05 0.202)
(0.002 0.054 0.202)
(0.002 0.058 0.202)
(0.002 0.062 0.202)
(0.002 0.066 0.202)
(0.002 0.07 0.202)
(0.002 0.074 0.202)
(0.002 0.078 0.202)
(0.002 0.082 0.202)
(0.002 0.086 0.202)
(0.002 0.09 0.202)
(0.002 0.094 0.202)
(0.002 0.098 0.202)
(0.002 0.102 0.202)
(0.002 0.106 0.202)
(0.002 0.11 0.202)
(0.002 0.114 0.202)
(0.002 0.118 0.202)
(0.002 0.002 0.206)
(0.002 0.006 0.206)
(0.002 0.01 0.206)
(0.002 0.014 0.206)
(0.002 0.018 0.206)
(0.002 0.022 0.206)
(0.002 0.026 0.206)
(0.002 0.03 0.206)
(0.002 0.034 0.206)
(0.002 0.038 0.206)
(0.002 0.042 0.206)
(0.002 0.046 0.206)
(0.002 0.05 0.206)
(0.002 0.054 0.206)
(0.002 0.058 0.206)
(0.002 0.062 0.206)
(0.002 0.066 0.206)
(0.002 0.07 0.206)
(0.002 0.074 0.206)
(0.002 0.078 0.206)
(0.002 0.082 0.206)
(0.002 0.086 0.206)
(0.002 0.09 0.206)
(0.002 0.094 0.206)
(0.002 0.098 0.206)
(0.002 0.102 0.206)
(0.002 0.106 0.206)
(0.002 0.11 0.206)
(0.002 0.114 0.206)
(0.002 0.118 0.206)
(0.002 0.002 0.21)
(0.002 0.006 0.21)
(0.002 0.01 0.21)
(0.002 0.014 0.21)
(0.002 0.018 0.21)
(0.002 0.022 0.21)
(0.002 0.026 0.21)
(0.002 0.03 0.21)
(0.002 0.034 0.21)
(0.002 0.038 0.21)
(0.002 0.042 0.21)
(0.002 0.046 0.21)
(0.002 0.05 0.21)
(0.002 0.054 0.21)
(0.002 0.058 0.21)
(0.002 0.062 0.21)
(0.002 0.066 0.21)
(0.002 0.07 0.21)
(0.002 0.074 0.21)
(0.002 0.078 0.21)
(0.002 0.082 0.21)
(0.002 0.086 0.21)
(0.002 0.09 0.21)
(0.002 0.094 0.21)
(0.002 0.098 0.21)
(0.002 0.102 0.21)
(0.002 0.106 0.21)
(0.002 0.11 0.21)
(0.002 0.114 0.21)
(0.002 0.118 0.21)
(0.002 0.002 0.214)
(0.002 0.006 0.214)
(0.002 0.01 0.214)
(0.002 0.014 0.214)
(0.002 0.018 0.214)
(0.002 0.022 0.214)
(0.002 0.026 0.214)
(0.002 0.03 0.214)
(0.002 0.034 0.214)
(0.002 0.038 0.214)
(0.002 0.042 0.214)
(0.002 0.046 0.214)
(0.002 0.05 0.214)
(0.002 0.054 0.214)
(0.002 0.058 0.214)
(0.002 0.062 0.214)
(0.002 0.066 0.214)
(0.002 0.07 0.214)
(0.002 0.074 0.214)
(0.002 0.078 0.214)
(0.002 0.082 0.214)
(0.002 0.086 0.214)
(0.002 0.09 0.214)
(0.002 0.094 0.214)
(0.002 0.098 0.214)
(0.002 0.102 0.214)
(0.002 0.106 0.214)
(0.002 0.11 0.214)
(0.002 0.114 0.214)
(0.002 0.118 0.214)
(0.002 0.002 0.218)
(0.002 0.006 0.218)
(0.002 0.01 0.218)
(0.002 0.014 0.218)
(0.002 0.018 0.218)
(0.002 0.022 0.218)
(0.002 0.026 0.218)
(0.002 0.03 0.218)
(0.002 0.034 0.218)
(0.002 0.038 0.218)
(0.002 0.042 0.218)
(0.002 0.046 0.218)
(0.002 0.05 0.218)
(0.002 0.054 0.218)
(0.002 0.058 0.218)
(0.002 0.062 0.218)
(0.002 0.066 0.218)
(0.002 0.07 0.218)
(0.002 0.074 0.218)
(0.002 0.078 0.218)
(0.002 0.082 0.218)
(0.002 0.086 0.218)
(0.002 0.09 0.218)
(0.002 0.094 0.218)
(0.002 0.098 0.218)
(0.002 0.102 0.218)
(0.002 0.106 0.218)
(0.002 0.11 0.218)
(0.002 0.114 0.218)
(0.002 0.118 0.218)
(0.002 0.002 0.222)
(0.002 0.006 0.222)
(0.002 0.01 0.222)
(0.002 0.014 0.222)
(0.002 0.018 0.222)
(0.002 0.022 0.222)
(0.002 0.026 0.222)
(0.002 0.03 0.222)
(0.002 0.034 0.222)
(0.002 0.038 0.222)
(0.002 0.042 0.222)
(0.002 0.046 0.222)
(0.002 0.05 0.222)
(0.002 0.054 0.222)
(0.002 0.058 0.222)
(0.002 0.062 0.222)
(0.002 0.066 0.222)
(0.002 0.07 0.222)
(0.002 0.074 0.222)
(0.002 0.078 0.222)
(0.002 0.082 0.222)
(0.002 0.086 0.222)
(0.002 0.09 0.222)
(0.002 0.094 0.222)
(0.002 0.098 0.222)
(0.002 0.102 0.222)
(0.002 0.106 0.222)
(0.002 0.11 0.222)
(0.002 0.114 0.222)
(0.002 0.118 0.222)
(0.002 0.002 0.226)
(0.002 0.006 0.226)
(0.002 0.01 0.226)
(0.002 0.014 0.226)
(0.002 0.018 0.226)
(0.002 0.022 0.226)
(0.002 0.026 0.226)
(0.002 0.03 0.226)
(0.002 0.034 0.226)
(0.002 0.038 0.226)
(0.002 0.042 0.226)
(0.002 0.046 0.226)
(0.002 0.05 0.226)
(0.002 0.054 0.226)
(0.002 0.058 0.226)
(0.002 0.062 0.226)
(0.002 0.066 0.226)
(0.002 0.07 0.226)
(0.002 0.074 0.226)
(0.002 0.078 0.226)
(0.002 0.082 0.226)
(0.002 0.086 0.226)
(0.002 0.09 0.226)
(0.002 0.094 0.226)
(0.002 0.098 0.226)
(0.002 0.102 0.226)
(0.002 0.106 0.226)
(0.002 0.11 0.226)
(0.002 0.114 0.226)
(0.002 0.118 0.226)
(0.002 0.002 0.23)
(0.002 0.006 0.23)
(0.002 0.01 0.23)
(0.002 0.014 0.23)
(0.002 0.018 0.23)
(0.002 0.022 0.23)
(0.002 0.026 0.23)
(0.002 0.03 0.23)
(0.002 0.034 0.23)
(0.002 0.038 0.23)
(0.002 0.042 0.23)
(0.002 0.046 0.23)
(0.002 0.05 0.23)
(0.002 0.054 0.23)
(0.002 0.058 0.23)
(0.002 0.062 0.23)
(0.002 0.066 0.23)
(0.002 0.07 0.23)
(0.002 0.074 0.23)
(0.002 0.078 0.23)
(0.002 0.082 0.23)
(0.002 0.086 0.23)
(0.002 0.09 0.23)
(0.002 0.094 0.23)
(0.002 0.098 0.23)
(0.002 0.102 0.23)
(0.002 0.106 0.23)
(0.002 0.11 0.23)
(0.002 0.114 0.23)
(0.002 0.118 0.23)
(0.002 0.002 0.234)
(0.002 0.006 0.234)
(0.002 0.01 0.234)
(0.002 0.014 0.234)
(0.002 0.018 0.234)
(0.002 0.022 0.234)
(0.002 0.026 0.234)
(0.002 0.03 0.234)
(0.002 0.034 0.234)
(0.002 0.038 0.234)
(0.002 0.042 0.234)
(0.002 0.046 0.234)
(0.002 0.05 0.234)
(0.002 0.054 0.234)
(0.002 0.058 0.234)
(0.002 0.062 0.234)
(0.002 0.066 0.234)
(0.002 0.07 0.234)
(0.002 0.074 0.234)
(0.002 0.078 0.234)
(0.002 0.082 0.234)
(0.002 0.086 0.234)
(0.002 0.09 0.234)
(0.002 0.094 0.234)
(0.002 0.098 0.234)
(0.002 0.102 0.234)
(0.002 0.106 0.234)
(0.002 0.11 0.234)
(0.002 0.114 0.234)
(0.002 0.118 0.234)
(0.002 0.002 0.238)
(0.002 0.006 0.238)
(0.002 0.01 0.238)
(0.002 0.014 0.238)
(0.002 0.018 0.238)
(0.002 0.022 0.238)
(0.002 0.026 0.238)
(0.002 0.03 0.238)
(0.002 0.034 0.238)
(0.002 0.038 0.238)
(0.002 0.042 0.238)
(0.002 0.046 0.238)
(0.002 0.05 0.238)
(0.002 0.054 0.238)
(0.002 0.058 0.238)
(0.002 0.062 0.238)
(0.002 0.066 0.238)
(0.002 0.07 0.238)
(0.002 0.074 0.238)
(0.002 0.078 0.238)
(0.002 0.082 0.238)
(0.002 0.086 0.238)
(0.002 0.09 0.238)
(0.002 0.094 0.238)
(0.002 0.098 0.238)
(0.002 0.102 0.238)
(0.002 0.106 0.238)
(0.002 0.11 0.238)
(0.002 0.114 0.238)
(0.002 0.118 0.238)
(0.002 0.002 0.242)
(0.002 0.006 0.242)
(0.002 0.01 0.242)
(0.002 0.014 0.242)
(0.002 0.018 0.242)
(0.002 0.022 0.242)
(0.002 0.026 0.242)
(0.002 0.03 0.242)
(0.002 0.034 0.242)
(0.002 0.038 0.242)
(0.002 0.042 0.242)
(0.002 0.046 0.242)
(0.002 0.05 0.242)
(0.002 0.054 0.242)
(0.002 0.058 0.242)
(0.002 0.062 0.242)
(0.002 0.066 0.242)
(0.002 0.07 0.242)
(0.002 0.074 0.242)
(0.002 0.078 0.242)
(0.002 0.082 0.242)
(0.002 0.086 0.242)
(0.002 0.09 0.242)
(0.002 0.094 0.242)
(0.002 0.098 0.242)
(0.002 0.102 0.242)
(0.002 0.106 0.242)
(0.002 0.11 0.242)
(0.002 0.114 0.242)
(0.002 0.118 0.242)
(0.002 0.002 0.246)
(0.002 0.006 0.246)
(0.002 0.01 0.246)
(0.002 0.014 0.246)
(0.002 0.018 0.246)
(0.002 0.022 0.246)
(0.002 0.026 0.246)
(0.002 0.03 0.246)
(0.002 0.034 0.246)
(0.002 0.038 0.246)
(0.002 0.042 0.246)
(0.002 0.046 0.246)
(0.002 0.05 0.246)
(0.002 0.054 0.246)
(0.002 0.058 0.246)
(0.002 0.062 0.246)
(0.002 0.066 0.246)
(0.002 0.07 0.246)
(0.002 0.074 0.246)
(0.002 0.078 0.246)
(0.002 0.082 0.246)
(0.002 0.086 0.246)
(0.002 0.09 0.246)
(0.002 0.094 0.246)
(0.002 0.098 0.246)
(0.002 0.102 0.246)
(0.002 0.106 0.246)
(0.002 0.11 0.246)
(0.002 0.114 0.246)
(0.002 0.118 0.246)
(0.002 0.002 0.25)
(0.002 0.006 0.25)
(0.002 0.01 0.25)
(0.002 0.014 0.25)
(0.002 0.018 0.25)
(0.002 0.022 0.25)
(0.002 0.026 0.25)
(0.002 0.03 0.25)
(0.002 0.034 0.25)
(0.002 0.038 0.25)
(0.002 0.042 0.25)
(0.002 0.046 0.25)
(0.002 0.05 0.25)
(0.002 0.054 0.25)
(0.002 0.058 0.25)
(0.002 0.062 0.25)
(0.002 0.066 0.25)
(0.002 0.07 0.25)
(0.002 0.074 0.25)
(0.002 0.078 0.25)
(0.002 0.082 0.25)
(0.002 0.086 0.25)
(0.002 0.09 0.25)
(0.002 0.094 0.25)
(0.002 0.098 0.25)
(0.002 0.102 0.25)
(0.002 0.106 0.25)
(0.002 0.11 0.25)
(0.002 0.114 0.25)
(0.002 0.118 0.25)
(0.002 0.002 0.254)
(0.002 0.006 0.254)
(0.002 0.01 0.254)
(0.002 0.014 0.254)
(0.002 0.018 0.254)
(0.002 0.022 0.254)
(0.002 0.026 0.254)
(0.002 0.03 0.254)
(0.002 0.034 0.254)
(0.002 0.038 0.254)
(0.002 0.042 0.254)
(0.002 0.046 0.254)
(0.002 0.05 0.254)
(0.002 0.054 0.254)
(0.002 0.058 0.254)
(0.002 0.062 0.254)
(0.002 0.066 0.254)
(0.002 0.07 0.254)
(0.002 0.074 0.254)
(0.002 0.078 0.254)
(0.002 0.082 0.254)
(0.002 0.086 0.254)
(0.002 0.09 0.254)
(0.002 0.094 0.254)
(0.002 0.098 0.254)
(0.002 0.102 0.254)
(0.002 0.106 0.254)
(0.002 0.11 0.254)
(0.002 0.114 0.254)
(0.002 0.118 0.254)
(0.002 0.002 0.258)
(0.002 0.006 0.258)
(0.002 0.01 0.258)
(0.002 0.014 0.258)
(0.002 0.018 0.258)
(0.002 0.022 0.258)
(0.002 0.026 0.258)
(0.002 0.03 0.258)
(0.002 0.034 0.258)
(0.002 0.038 0.258)
(0.002 0.042 0.258)
(0.002 0.046 0.258)
(0.002 0.05 0.258)
(0.002 0.054 0.258)
(0.002 0.058 0.258)
(0.002 0.062 0.258)
(0.002 0.066 0.258)
(0.002 0.07 0.258)
(0.002 0.074 0.258)
(0.002 0.078 0.258)
(0.002 0.082 0.258)
(0.002 0.086 0.258)
(0.002 0.09 0.258)
(0.002 0.094 0.258)
(0.002 0.098 0.258)
(0.002 0.102 0.258)
(0.002 0.106 0.258)
(0.002 0.11 0.258)
(0.002 0.114 0.258)
(0.002 0.118 0.258)
(0.002 0.002 0.262)
(0.002 0.006 0.262)
(0.002 0.01 0.262)
(0.002 0.014 0.262)
(0.002 0.018 0.262)
(0.002 0.022 0.262)
(0.002 0.026 0.262)
(0.002 0.03 0.262)
(0.002 0.034 0.262)
(0.002 0.038 0.262)
(0.002 0.042 0.262)
(0.002 0.046 0.262)
(0.002 0.05 0.262)
(0.002 0.054 0.262)
(0.002 0.058 0.262)
(0.002 0.062 0.262)
(0.002 0.066 0.262)
(0.002 0.07 0.262)
(0.002 0.074 0.262)
(0.002 0.078 0.262)
(0.002 0.082 0.262)
(0.002 0.086 0.262)
(0.002 0.09 0.262)
(0.002 0.094 0.262)
(0.002 0.098 0.262)
(0.002 0.102 0.262)
(0.002 0.106 0.262)
(0.002 0.11 0.262)
(0.002 0.114 0.262)
(0.002 0.118 0.262)
(0.002 0.002 0.266)
(0.002 0.006 0.266)
(0.002 0.01 0.266)
(0.002 0.014 0.266)
(0.002 0.018 0.266)
(0.002 0.022 0.266)
(0.002 0.026 0.266)
(0.002 0.03 0.266)
(0.002 0.034 0.266)
(0.002 0.038 0.266)
(0.002 0.042 0.266)
(0.002 0.046 0.266)
(0.002 0.05 0.266)
(0.002 0.054 0.266)
(0.002 0.058 0.266)
(0.002 0.062 0.266)
(0.002 0.066 0.266)
(0.002 0.07 0.266)
(0.002 0.074 0.266)
(0.002 0.078 0.266)
(0.002 0.082 0.266)
(0.002 0.086 0.266)
(0.002 0.09 0.266)
(0.002 0.094 0.266)
(0.002 0.098 0.266)
(0.002 0.102 0.266)
(0.002 0.106 0.266)
(0.002 0.11 0.266)
(0.002 0.114 0.266)
(0.002 0.118 0.266)
(0.002 0.002 0.27)
(0.002 0.006 0.27)
(0.002 0.01 0.27)
(0.002 0.014 0.27)
(0.002 0.018 0.27)
(0.002 0.022 0.27)
(0.002 0.026 0.27)
(0.002 0.03 0.27)
(0.002 0.034 0.27)
(0.002 0.038 0.27)
(0.002 0.042 0.27)
(0.002 0.046 0.27)
(0.002 0.05 0.27)
(0.002 0.054 0.27)
(0.002 0.058 0.27)
(0.002 0.062 0.27)
(0.002 0.066 0.27)
(0.002 0.07 0.27)
(0.002 0.074 0.27)
(0.002 0.078 0.27)
(0.002 0.082 0.27)
(0.002 0.086 0.27)
(0.002 0.09 0.27)
(0.002 0.094 0.27)
(0.002 0.098 0.27)
(0.002 0.102 0.27)
(0.002 0.106 0.27)
(0.002 0.11 0.27)
(0.002 0.114 0.27)
(0.002 0.118 0.27)
(0.002 0.002 0.274)
(0.002 0.006 0.274)
(0.002 0.01 0.274)
(0.002 0.014 0.274)
(0.002 0.018 0.274)
(0.002 0.022 0.274)
(0.002 0.026 0.274)
(0.002 0.03 0.274)
(0.002 0.034 0.274)
(0.002 0.038 0.274)
(0.002 0.042 0.274)
(0.002 0.046 0.274)
(0.002 0.05 0.274)
(0.002 0.054 0.274)
(0.002 0.058 0.274)
(0.002 0.062 0.274)
(0.002 0.066 0.274)
(0.002 0.07 0.274)
(0.002 0.074 0.274)
(0.002 0.078 0.274)
(0.002 0.082 0.274)
(0.002 0.086 0.274)
(0.002 0.09 0.274)
(0.002 0.094 0.274)
(0.002 0.098 0.274)
(0.002 0.102 0.274)
(0.002 0.106 0.274)
(0.002 0.11 0.274)
(0.002 0.114 0.274)
(0.002 0.118 0.274)
(0.002 0.002 0.278)
(0.002 0.006 0.278)
(0.002 0.01 0.278)
(0.002 0.014 0.278)
(0.002 0.018 0.278)
(0.002 0.022 0.278)
(0.002 0.026 0.278)
(0.002 0.03 0.278)
(0.002 0.034 0.278)
(0.002 0.038 0.278)
(0.002 0.042 0.278)
(0.002 0.046 0.278)
(0.002 0.05 0.278)
(0.002 0.054 0.278)
(0.002 0.058 0.278)
(0.002 0.062 0.278)
(0.002 0.066 0.278)
(0.002 0.07 0.278)
(0.002 0.074 0.278)
(0.002 0.078 0.278)
(0.002 0.082 0.278)
(0.002 0.086 0.278)
(0.002 0.09 0.278)
(0.002 0.094 0.278)
(0.002 0.098 0.278)
(0.002 0.102 0.278)
(0.002 0.106 0.278)
(0.002 0.11 0.278)
(0.002 0.114 0.278)
(0.002 0.118 0.278)
(0.002 0.002 0.282)
(0.002 0.006 0.282)
(0.002 0.01 0.282)
(0.002 0.014 0.282)
(0.002 0.018 0.282)
(0.002 0.022 0.282)
(0.002 0.026 0.282)
(0.002 0.03 0.282)
(0.002 0.034 0.282)
(0.002 0.038 0.282)
(0.002 0.042 0.282)
(0.002 0.046 0.282)
(0.002 0.05 0.282)
(0.002 0.054 0.282)
(0.002 0.058 0.282)
(0.002 0.062 0.282)
(0.002 0.066 0.282)
(0.002 0.07 0.282)
(0.002 0.074 0.282)
(0.002 0.078 0.282)
(0.002 0.082 0.282)
(0.002 0.086 0.282)
(0.002 0.09 0.282)
(0.002 0.094 0.282)
(0.002 0.098 0.282)
(0.002 0.102 0.282)
(0.002 0.106 0.282)
(0.002 0.11 0.282)
(0.002 0.114 0.282)
(0.002 0.118 0.282)
(0.002 0.002 0.286)
(0.002 0.006 0.286)
(0.002 0.01 0.286)
(0.002 0.014 0.286)
(0.002 0.018 0.286)
(0.002 0.022 0.286)
(0.002 0.026 0.286)
(0.002 0.03 0.286)
(0.002 0.034 0.286)
(0.002 0.038 0.286)
(0.002 0.042 0.286)
(0.002 0.046 0.286)
(0.002 0.05 0.286)
(0.002 0.054 0.286)
(0.002 0.058 0.286)
(0.002 0.062 0.286)
(0.002 0.066 0.286)
(0.002 0.07 0.286)
(0.002 0.074 0.286)
(0.002 0.078 0.286)
(0.002 0.082 0.286)
(0.002 0.086 0.286)
(0.002 0.09 0.286)
(0.002 0.094 0.286)
(0.002 0.098 0.286)
(0.002 0.102 0.286)
(0.002 0.106 0.286)
(0.002 0.11 0.286)
(0.002 0.114 0.286)
(0.002 0.118 0.286)
(0.002 0.002 0.29)
(0.002 0.006 0.29)
(0.002 0.01 0.29)
(0.002 0.014 0.29)
(0.002 0.018 0.29)
(0.002 0.022 0.29)
(0.002 0.026 0.29)
(0.002 0.03 0.29)
(0.002 0.034 0.29)
(0.002 0.038 0.29)
(0.002 0.042 0.29)
(0.002 0.046 0.29)
(0.002 0.05 0.29)
(0.002 0.054 0.29)
(0.002 0.058 0.29)
(0.002 0.062 0.29)
(0.002 0.066 0.29)
(0.002 0.07 0.29)
(0.002 0.074 0.29)
(0.002 0.078 0.29)
(0.002 0.082 0.29)
(0.002 0.086 0.29)
(0.002 0.09 0.29)
(0.002 0.094 0.29)
(0.002 0.098 0.29)
(0.002 0.102 0.29)
(0.002 0.106 0.29)
(0.002 0.11 0.29)
(0.002 0.114 0.29)
(0.002 0.118 0.29)
(0.002 0.002 0.294)
(0.002 0.006 0.294)
(0.002 0.01 0.294)
(0.002 0.014 0.294)
(0.002 0.018 0.294)
(0.002 0.022 0.294)
(0.002 0.026 0.294)
(0.002 0.03 0.294)
(0.002 0.034 0.294)
(0.002 0.038 0.294)
(0.002 0.042 0.294)
(0.002 0.046 0.294)
(0.002 0.05 0.294)
(0.002 0.054 0.294)
(0.002 0.058 0.294)
(0.002 0.062 0.294)
(0.002 0.066 0.294)
(0.002 0.07 0.294)
(0.002 0.074 0.294)
(0.002 0.078 0.294)
(0.002 0.082 0.294)
(0.002 0.086 0.294)
(0.002 0.09 0.294)
(0.002 0.094 0.294)
(0.002 0.098 0.294)
(0.002 0.102 0.294)
(0.002 0.106 0.294)
(0.002 0.11 0.294)
(0.002 0.114 0.294)
(0.002 0.118 0.294)
(0.002 0.002 0.298)
(0.002 0.006 0.298)
(0.002 0.01 0.298)
(0.002 0.014 0.298)
(0.002 0.018 0.298)
(0.002 0.022 0.298)
(0.002 0.026 0.298)
(0.002 0.03 0.298)
(0.002 0.034 0.298)
(0.002 0.038 0.298)
(0.002 0.042 0.298)
(0.002 0.046 0.298)
(0.002 0.05 0.298)
(0.002 0.054 0.298)
(0.002 0.058 0.298)
(0.002 0.062 0.298)
(0.002 0.066 0.298)
(0.002 0.07 0.298)
(0.002 0.074 0.298)
(0.002 0.078 0.298)
(0.002 0.082 0.298)
(0.002 0.086 0.298)
(0.002 0.09 0.298)
(0.002 0.094 0.298)
(0.002 0.098 0.298)
(0.002 0.102 0.298)
(0.002 0.106 0.298)
(0.002 0.11 0.298)
(0.002 0.114 0.298)
(0.002 0.118 0.298)
(0.002 0.002 0.302)
(0.002 0.006 0.302)
(0.002 0.01 0.302)
(0.002 0.014 0.302)
(0.002 0.018 0.302)
(0.002 0.022 0.302)
(0.002 0.026 0.302)
(0.002 0.03 0.302)
(0.002 0.034 0.302)
(0.002 0.038 0.302)
(0.002 0.042 0.302)
(0.002 0.046 0.302)
(0.002 0.05 0.302)
(0.002 0.054 0.302)
(0.002 0.058 0.302)
(0.002 0.062 0.302)
(0.002 0.066 0.302)
(0.002 0.07 0.302)
(0.002 0.074 0.302)
(0.002 0.078 0.302)
(0.002 0.082 0.302)
(0.002 0.086 0.302)
(0.002 0.09 0.302)
(0.002 0.094 0.302)
(0.002 0.098 0.302)
(0.002 0.102 0.302)
(0.002 0.106 0.302)
(0.002 0.11 0.302)
(0.002 0.114 0.302)
(0.002 0.118 0.302)
(0.002 0.002 0.306)
(0.002 0.006 0.306)
(0.002 0.01 0.306)
(0.002 0.014 0.306)
(0.002 0.018 0.306)
(0.002 0.022 0.306)
(0.002 0.026 0.306)
(0.002 0.03 0.306)
(0.002 0.034 0.306)
(0.002 0.038 0.306)
(0.002 0.042 0.306)
(0.002 0.046 0.306)
(0.002 0.05 0.306)
(0.002 0.054 0.306)
(0.002 0.058 0.306)
(0.002 0.062 0.306)
(0.002 0.066 0.306)
(0.002 0.07 0.306)
(0.002 0.074 0.306)
(0.002 0.078 0.306)
(0.002 0.082 0.306)
(0.002 0.086 0.306)
(0.002 0.09 0.306)
(0.002 0.094 0.306)
(0.002 0.098 0.306)
(0.002 0.102 0.306)
(0.002 0.106 0.306)
(0.002 0.11 0.306)
(0.002 0.114 0.306)
(0.002 0.118 0.306)
(0.002 0.002 0.31)
(0.002 0.006 0.31)
(0.002 0.01 0.31)
(0.002 0.014 0.31)
(0.002 0.018 0.31)
(0.002 0.022 0.31)
(0.002 0.026 0.31)
(0.002 0.03 0.31)
(0.002 0.034 0.31)
(0.002 0.038 0.31)
(0.002 0.042 0.31)
(0.002 0.046 0.31)
(0.002 0.05 0.31)
(0.002 0.054 0.31)
(0.002 0.058 0.31)
(0.002 0.062 0.31)
(0.002 0.066 0.31)
(0.002 0.07 0.31)
(0.002 0.074 0.31)
(0.002 0.078 0.31)
(0.002 0.082 0.31)
(0.002 0.086 0.31)
(0.002 0.09 0.31)
(0.002 0.094 0.31)
(0.002 0.098 0.31)
(0.002 0.102 0.31)
(0.002 0.106 0.31)
(0.002 0.11 0.31)
(0.002 0.114 0.31)
(0.002 0.118 0.31)
(0.002 0.002 0.314)
(0.002 0.006 0.314)
(0.002 0.01 0.314)
(0.002 0.014 0.314)
(0.002 0.018 0.314)
(0.002 0.022 0.314)
(0.002 0.026 0.314)
(0.002 0.03 0.314)
(0.002 0.034 0.314)
(0.002 0.038 0.314)
(0.002 0.042 0.314)
(0.002 0.046 0.314)
(0.002 0.05 0.314)
(0.002 0.054 0.314)
(0.002 0.058 0.314)
(0.002 0.062 0.314)
(0.002 0.066 0.314)
(0.002 0.07 0.314)
(0.002 0.074 0.314)
(0.002 0.078 0.314)
(0.002 0.082 0.314)
(0.002 0.086 0.314)
(0.002 0.09 0.314)
(0.002 0.094 0.314)
(0.002 0.098 0.314)
(0.002 0.102 0.314)
(0.002 0.106 0.314)
(0.002 0.11 0.314)
(0.002 0.114 0.314)
(0.002 0.118 0.314)
(0.002 0.002 0.318)
(0.002 0.006 0.318)
(0.002 0.01 0.318)
(0.002 0.014 0.318)
(0.002 0.018 0.318)
(0.002 0.022 0.318)
(0.002 0.026 0.318)
(0.002 0.03 0.318)
(0.002 0.034 0.318)
(0.002 0.038 0.318)
(0.002 0.042 0.318)
(0.002 0.046 0.318)
(0.002 0.05 0.318)
(0.002 0.054 0.318)
(0.002 0.058 0.318)
(0.002 0.062 0.318)
(0.002 0.066 0.318)
(0.002 0.07 0.318)
(0.002 0.074 0.318)
(0.002 0.078 0.318)
(0.002 0.082 0.318)
(0.002 0.086 0.318)
(0.002 0.09 0.318)
(0.002 0.094 0.318)
(0.002 0.098 0.318)
(0.002 0.102 0.318)
(0.002 0.106 0.318)
(0.002 0.11 0.318)
(0.002 0.114 0.318)
(0.002 0.118 0.318)
(0.002 0.002 0.322)
(0.002 0.006 0.322)
(0.002 0.01 0.322)
(0.002 0.014 0.322)
(0.002 0.018 0.322)
)

// ************************************************************************* //
