/*--------------------------------*- C++ -*----------------------------------*\
| =========                 |                                                 |
| \\      /  F ield         | OpenFOAM: The Open Source CFD Toolbox           |
|  \\    /   O peration     | Version:  2.2.x                                 |
|   \\  /    A nd           | Web:      www.OpenFOAM.org                      |
|    \\/     M anipulation  |                                                 |
\*---------------------------------------------------------------------------*/
FoamFile
{
    version     2.0;
    format      ascii;
    class       labelList;
    note        "nPoints: 1632 nCells: 750 nFaces: 3065 nInternalFaces: 1435";
    location    "constant/polyMesh";
    object      neighbour;
}
// * * * * * * * * * * * * * * * * * * * * * * * * * * * * * * * * * * * * * //


1435
(
1
7
2
8
3
9
4
10
5
11
6
12
13
350
8
14
9
15
10
16
11
17
12
18
13
19
20
351
15
21
16
22
17
23
18
24
19
25
20
26
27
352
22
28
23
29
24
30
25
31
26
32
27
33
34
353
29
35
30
36
31
37
32
38
33
39
34
40
41
354
36
42
37
43
38
44
39
45
40
46
41
47
48
355
43
49
44
50
45
51
46
52
47
53
48
54
55
356
50
56
51
57
52
58
53
59
54
60
55
61
62
357
57
63
58
64
59
65
60
66
61
67
62
68
69
358
64
70
65
71
66
72
67
73
68
74
69
75
76
359
71
77
72
78
73
79
74
80
75
81
76
82
83
360
78
84
79
85
80
86
81
87
82
88
83
89
90
361
85
91
86
92
87
93
88
94
89
95
90
96
97
362
92
98
93
99
94
100
95
101
96
102
97
103
104
363
99
105
100
106
101
107
102
108
103
109
104
110
111
364
106
112
107
113
108
114
109
115
110
116
111
117
118
365
113
119
114
120
115
121
116
122
117
123
118
124
125
366
120
126
121
127
122
128
123
129
124
130
125
131
132
367
127
133
128
134
129
135
130
136
131
137
132
138
139
368
134
140
135
141
136
142
137
143
138
144
139
145
146
369
141
147
142
148
143
149
144
150
145
151
146
152
153
370
148
154
149
155
150
156
151
157
152
158
153
159
160
371
155
161
156
162
157
163
158
164
159
165
160
166
167
372
162
168
163
169
164
170
165
171
166
172
167
173
174
373
169
175
170
176
171
177
172
178
173
179
174
180
181
374
176
182
177
183
178
184
179
185
180
186
181
187
188
375
183
189
184
190
185
191
186
192
187
193
188
194
195
376
190
196
191
197
192
198
193
199
194
200
195
201
202
377
197
203
198
204
199
205
200
206
201
207
202
208
209
378
204
210
205
211
206
212
207
213
208
214
209
215
216
379
211
217
212
218
213
219
214
220
215
221
216
222
223
380
218
224
219
225
220
226
221
227
222
228
223
229
230
381
225
231
226
232
227
233
228
234
229
235
230
236
237
382
232
238
233
239
234
240
235
241
236
242
237
243
244
383
239
245
240
246
241
247
242
248
243
249
244
250
251
384
246
252
247
253
248
254
249
255
250
256
251
257
258
385
253
259
254
260
255
261
256
262
257
263
258
264
265
386
260
266
261
267
262
268
263
269
264
270
265
271
272
387
267
273
268
274
269
275
270
276
271
277
272
278
279
388
274
280
275
281
276
282
277
283
278
284
279
285
286
389
281
287
282
288
283
289
284
290
285
291
286
292
293
390
288
294
289
295
290
296
291
297
292
298
293
299
300
391
295
301
296
302
297
303
298
304
299
305
300
306
307
392
302
308
303
309
304
310
305
311
306
312
307
313
314
393
309
315
310
316
311
317
312
318
313
319
314
320
321
394
316
322
317
323
318
324
319
325
320
326
321
327
328
395
323
329
324
330
325
331
326
332
327
333
328
334
335
396
330
336
331
337
332
338
333
339
334
340
335
341
342
397
337
343
338
344
339
345
340
346
341
347
342
348
349
398
344
345
346
347
348
349
399
351
400
352
407
353
414
354
421
355
428
356
435
357
442
358
449
359
456
360
463
361
470
362
477
363
484
364
491
365
498
366
505
367
512
368
519
369
526
370
533
371
540
372
547
373
554
374
561
375
568
376
575
377
582
378
589
379
596
380
603
381
610
382
617
383
624
384
631
385
638
386
645
387
652
388
659
389
666
390
673
391
680
392
687
393
694
394
701
395
708
396
715
397
722
398
729
399
736
743
401
407
402
408
403
409
404
410
405
411
406
412
413
408
414
409
415
410
416
411
417
412
418
413
419
420
415
421
416
422
417
423
418
424
419
425
420
426
427
422
428
423
429
424
430
425
431
426
432
427
433
434
429
435
430
436
431
437
432
438
433
439
434
440
441
436
442
437
443
438
444
439
445
440
446
441
447
448
443
449
444
450
445
451
446
452
447
453
448
454
455
450
456
451
457
452
458
453
459
454
460
455
461
462
457
463
458
464
459
465
460
466
461
467
462
468
469
464
470
465
471
466
472
467
473
468
474
469
475
476
471
477
472
478
473
479
474
480
475
481
476
482
483
478
484
479
485
480
486
481
487
482
488
483
489
490
485
491
486
492
487
493
488
494
489
495
490
496
497
492
498
493
499
494
500
495
501
496
502
497
503
504
499
505
500
506
501
507
502
508
503
509
504
510
511
506
512
507
513
508
514
509
515
510
516
511
517
518
513
519
514
520
515
521
516
522
517
523
518
524
525
520
526
521
527
522
528
523
529
524
530
525
531
532
527
533
528
534
529
535
530
536
531
537
532
538
539
534
540
535
541
536
542
537
543
538
544
539
545
546
541
547
542
548
543
549
544
550
545
551
546
552
553
548
554
549
555
550
556
551
557
552
558
553
559
560
555
561
556
562
557
563
558
564
559
565
560
566
567
562
568
563
569
564
570
565
571
566
572
567
573
574
569
575
570
576
571
577
572
578
573
579
574
580
581
576
582
577
583
578
584
579
585
580
586
581
587
588
583
589
584
590
585
591
586
592
587
593
588
594
595
590
596
591
597
592
598
593
599
594
600
595
601
602
597
603
598
604
599
605
600
606
601
607
602
608
609
604
610
605
611
606
612
607
613
608
614
609
615
616
611
617
612
618
613
619
614
620
615
621
616
622
623
618
624
619
625
620
626
621
627
622
628
623
629
630
625
631
626
632
627
633
628
634
629
635
630
636
637
632
638
633
639
634
640
635
641
636
642
637
643
644
639
645
640
646
641
647
642
648
643
649
644
650
651
646
652
647
653
648
654
649
655
650
656
651
657
658
653
659
654
660
655
661
656
662
657
663
658
664
665
660
666
661
667
662
668
663
669
664
670
665
671
672
667
673
668
674
669
675
670
676
671
677
672
678
679
674
680
675
681
676
682
677
683
678
684
679
685
686
681
687
682
688
683
689
684
690
685
691
686
692
693
688
694
689
695
690
696
691
697
692
698
693
699
700
695
701
696
702
697
703
698
704
699
705
700
706
707
702
708
703
709
704
710
705
711
706
712
707
713
714
709
715
710
716
711
717
712
718
713
719
714
720
721
716
722
717
723
718
724
719
725
720
726
721
727
728
723
729
724
730
725
731
726
732
727
733
728
734
735
730
736
731
737
732
738
733
739
734
740
735
741
742
737
743
738
744
739
745
740
746
741
747
742
748
749
744
745
746
747
748
749
)


// ************************************************************************* //
