/*--------------------------------*- C++ -*----------------------------------*\
| =========                 |                                                 |
| \\      /  F ield         | OpenFOAM: The Open Source CFD Toolbox           |
|  \\    /   O peration     | Version:  2.2.x                                 |
|   \\  /    A nd           | Web:      www.OpenFOAM.org                      |
|    \\/     M anipulation  |                                                 |
\*---------------------------------------------------------------------------*/
FoamFile
{
    version     2.0;
    format      ascii;
    class       vectorField;
    location    "constant/polyMesh";
    object      points;
}
// * * * * * * * * * * * * * * * * * * * * * * * * * * * * * * * * * * * * * //


1632
(
(0 0 0)
(0.004 0 0)
(0 0.01 0)
(0.004 0.01 0)
(0 0.02 0)
(0.004 0.02 0)
(0 0.03 0)
(0.004 0.03 0)
(0 0.04 0)
(0.004 0.04 0)
(0 0.05 0)
(0.004 0.05 0)
(0 0.06 0)
(0.004 0.06 0)
(0 0.07 0)
(0.004 0.07 0)
(0 0 0.02)
(0.004 0 0.02)
(0 0.01 0.02)
(0.004 0.01 0.02)
(0 0.02 0.02)
(0.004 0.02 0.02)
(0 0.03 0.02)
(0.004 0.03 0.02)
(0 0.04 0.02)
(0.004 0.04 0.02)
(0 0.05 0.02)
(0.004 0.05 0.02)
(0 0.06 0.02)
(0.004 0.06 0.02)
(0 0.07 0.02)
(0.004 0.07 0.02)
(0 0 0.04)
(0.004 0 0.04)
(0 0.01 0.04)
(0.004 0.01 0.04)
(0 0.02 0.04)
(0.004 0.02 0.04)
(0 0.03 0.04)
(0.004 0.03 0.04)
(0 0.04 0.04)
(0.004 0.04 0.04)
(0 0.05 0.04)
(0.004 0.05 0.04)
(0 0.06 0.04)
(0.004 0.06 0.04)
(0 0.07 0.04)
(0.004 0.07 0.04)
(0 0 0.06)
(0.004 0 0.06)
(0 0.01 0.06)
(0.004 0.01 0.06)
(0 0.02 0.06)
(0.004 0.02 0.06)
(0 0.03 0.06)
(0.004 0.03 0.06)
(0 0.04 0.06)
(0.004 0.04 0.06)
(0 0.05 0.06)
(0.004 0.05 0.06)
(0 0.06 0.06)
(0.004 0.06 0.06)
(0 0.07 0.06)
(0.004 0.07 0.06)
(0 0 0.08)
(0.004 0 0.08)
(0 0.01 0.08)
(0.004 0.01 0.08)
(0 0.02 0.08)
(0.004 0.02 0.08)
(0 0.03 0.08)
(0.004 0.03 0.08)
(0 0.04 0.08)
(0.004 0.04 0.08)
(0 0.05 0.08)
(0.004 0.05 0.08)
(0 0.06 0.08)
(0.004 0.06 0.08)
(0 0.07 0.08)
(0.004 0.07 0.08)
(0 0 0.1)
(0.004 0 0.1)
(0 0.01 0.1)
(0.004 0.01 0.1)
(0 0.02 0.1)
(0.004 0.02 0.1)
(0 0.03 0.1)
(0.004 0.03 0.1)
(0 0.04 0.1)
(0.004 0.04 0.1)
(0 0.05 0.1)
(0.004 0.05 0.1)
(0 0.06 0.1)
(0.004 0.06 0.1)
(0 0.07 0.1)
(0.004 0.07 0.1)
(0 0 0.12)
(0.004 0 0.12)
(0 0.01 0.12)
(0.004 0.01 0.12)
(0 0.02 0.12)
(0.004 0.02 0.12)
(0 0.03 0.12)
(0.004 0.03 0.12)
(0 0.04 0.12)
(0.004 0.04 0.12)
(0 0.05 0.12)
(0.004 0.05 0.12)
(0 0.06 0.12)
(0.004 0.06 0.12)
(0 0.07 0.12)
(0.004 0.07 0.12)
(0 0 0.14)
(0.004 0 0.14)
(0 0.01 0.14)
(0.004 0.01 0.14)
(0 0.02 0.14)
(0.004 0.02 0.14)
(0 0.03 0.14)
(0.004 0.03 0.14)
(0 0.04 0.14)
(0.004 0.04 0.14)
(0 0.05 0.14)
(0.004 0.05 0.14)
(0 0.06 0.14)
(0.004 0.06 0.14)
(0 0.07 0.14)
(0.004 0.07 0.14)
(0 0 0.16)
(0.004 0 0.16)
(0 0.01 0.16)
(0.004 0.01 0.16)
(0 0.02 0.16)
(0.004 0.02 0.16)
(0 0.03 0.16)
(0.004 0.03 0.16)
(0 0.04 0.16)
(0.004 0.04 0.16)
(0 0.05 0.16)
(0.004 0.05 0.16)
(0 0.06 0.16)
(0.004 0.06 0.16)
(0 0.07 0.16)
(0.004 0.07 0.16)
(0 0 0.18)
(0.004 0 0.18)
(0 0.01 0.18)
(0.004 0.01 0.18)
(0 0.02 0.18)
(0.004 0.02 0.18)
(0 0.03 0.18)
(0.004 0.03 0.18)
(0 0.04 0.18)
(0.004 0.04 0.18)
(0 0.05 0.18)
(0.004 0.05 0.18)
(0 0.06 0.18)
(0.004 0.06 0.18)
(0 0.07 0.18)
(0.004 0.07 0.18)
(0 0 0.2)
(0.004 0 0.2)
(0 0.01 0.2)
(0.004 0.01 0.2)
(0 0.02 0.2)
(0.004 0.02 0.2)
(0 0.03 0.2)
(0.004 0.03 0.2)
(0 0.04 0.2)
(0.004 0.04 0.2)
(0 0.05 0.2)
(0.004 0.05 0.2)
(0 0.06 0.2)
(0.004 0.06 0.2)
(0 0.07 0.2)
(0.004 0.07 0.2)
(0 0 0.22)
(0.004 0 0.22)
(0 0.01 0.22)
(0.004 0.01 0.22)
(0 0.02 0.22)
(0.004 0.02 0.22)
(0 0.03 0.22)
(0.004 0.03 0.22)
(0 0.04 0.22)
(0.004 0.04 0.22)
(0 0.05 0.22)
(0.004 0.05 0.22)
(0 0.06 0.22)
(0.004 0.06 0.22)
(0 0.07 0.22)
(0.004 0.07 0.22)
(0 0 0.24)
(0.004 0 0.24)
(0 0.01 0.24)
(0.004 0.01 0.24)
(0 0.02 0.24)
(0.004 0.02 0.24)
(0 0.03 0.24)
(0.004 0.03 0.24)
(0 0.04 0.24)
(0.004 0.04 0.24)
(0 0.05 0.24)
(0.004 0.05 0.24)
(0 0.06 0.24)
(0.004 0.06 0.24)
(0 0.07 0.24)
(0.004 0.07 0.24)
(0 0 0.26)
(0.004 0 0.26)
(0 0.01 0.26)
(0.004 0.01 0.26)
(0 0.02 0.26)
(0.004 0.02 0.26)
(0 0.03 0.26)
(0.004 0.03 0.26)
(0 0.04 0.26)
(0.004 0.04 0.26)
(0 0.05 0.26)
(0.004 0.05 0.26)
(0 0.06 0.26)
(0.004 0.06 0.26)
(0 0.07 0.26)
(0.004 0.07 0.26)
(0 0 0.28)
(0.004 0 0.28)
(0 0.01 0.28)
(0.004 0.01 0.28)
(0 0.02 0.28)
(0.004 0.02 0.28)
(0 0.03 0.28)
(0.004 0.03 0.28)
(0 0.04 0.28)
(0.004 0.04 0.28)
(0 0.05 0.28)
(0.004 0.05 0.28)
(0 0.06 0.28)
(0.004 0.06 0.28)
(0 0.07 0.28)
(0.004 0.07 0.28)
(0 0 0.3)
(0.004 0 0.3)
(0 0.01 0.3)
(0.004 0.01 0.3)
(0 0.02 0.3)
(0.004 0.02 0.3)
(0 0.03 0.3)
(0.004 0.03 0.3)
(0 0.04 0.3)
(0.004 0.04 0.3)
(0 0.05 0.3)
(0.004 0.05 0.3)
(0 0.06 0.3)
(0.004 0.06 0.3)
(0 0.07 0.3)
(0.004 0.07 0.3)
(0 0 0.32)
(0.004 0 0.32)
(0 0.01 0.32)
(0.004 0.01 0.32)
(0 0.02 0.32)
(0.004 0.02 0.32)
(0 0.03 0.32)
(0.004 0.03 0.32)
(0 0.04 0.32)
(0.004 0.04 0.32)
(0 0.05 0.32)
(0.004 0.05 0.32)
(0 0.06 0.32)
(0.004 0.06 0.32)
(0 0.07 0.32)
(0.004 0.07 0.32)
(0 0 0.34)
(0.004 0 0.34)
(0 0.01 0.34)
(0.004 0.01 0.34)
(0 0.02 0.34)
(0.004 0.02 0.34)
(0 0.03 0.34)
(0.004 0.03 0.34)
(0 0.04 0.34)
(0.004 0.04 0.34)
(0 0.05 0.34)
(0.004 0.05 0.34)
(0 0.06 0.34)
(0.004 0.06 0.34)
(0 0.07 0.34)
(0.004 0.07 0.34)
(0 0 0.36)
(0.004 0 0.36)
(0 0.01 0.36)
(0.004 0.01 0.36)
(0 0.02 0.36)
(0.004 0.02 0.36)
(0 0.03 0.36)
(0.004 0.03 0.36)
(0 0.04 0.36)
(0.004 0.04 0.36)
(0 0.05 0.36)
(0.004 0.05 0.36)
(0 0.06 0.36)
(0.004 0.06 0.36)
(0 0.07 0.36)
(0.004 0.07 0.36)
(0 0 0.38)
(0.004 0 0.38)
(0 0.01 0.38)
(0.004 0.01 0.38)
(0 0.02 0.38)
(0.004 0.02 0.38)
(0 0.03 0.38)
(0.004 0.03 0.38)
(0 0.04 0.38)
(0.004 0.04 0.38)
(0 0.05 0.38)
(0.004 0.05 0.38)
(0 0.06 0.38)
(0.004 0.06 0.38)
(0 0.07 0.38)
(0.004 0.07 0.38)
(0 0 0.4)
(0.004 0 0.4)
(0 0.01 0.4)
(0.004 0.01 0.4)
(0 0.02 0.4)
(0.004 0.02 0.4)
(0 0.03 0.4)
(0.004 0.03 0.4)
(0 0.04 0.4)
(0.004 0.04 0.4)
(0 0.05 0.4)
(0.004 0.05 0.4)
(0 0.06 0.4)
(0.004 0.06 0.4)
(0 0.07 0.4)
(0.004 0.07 0.4)
(0 0 0.42)
(0.004 0 0.42)
(0 0.01 0.42)
(0.004 0.01 0.42)
(0 0.02 0.42)
(0.004 0.02 0.42)
(0 0.03 0.42)
(0.004 0.03 0.42)
(0 0.04 0.42)
(0.004 0.04 0.42)
(0 0.05 0.42)
(0.004 0.05 0.42)
(0 0.06 0.42)
(0.004 0.06 0.42)
(0 0.07 0.42)
(0.004 0.07 0.42)
(0 0 0.44)
(0.004 0 0.44)
(0 0.01 0.44)
(0.004 0.01 0.44)
(0 0.02 0.44)
(0.004 0.02 0.44)
(0 0.03 0.44)
(0.004 0.03 0.44)
(0 0.04 0.44)
(0.004 0.04 0.44)
(0 0.05 0.44)
(0.004 0.05 0.44)
(0 0.06 0.44)
(0.004 0.06 0.44)
(0 0.07 0.44)
(0.004 0.07 0.44)
(0 0 0.46)
(0.004 0 0.46)
(0 0.01 0.46)
(0.004 0.01 0.46)
(0 0.02 0.46)
(0.004 0.02 0.46)
(0 0.03 0.46)
(0.004 0.03 0.46)
(0 0.04 0.46)
(0.004 0.04 0.46)
(0 0.05 0.46)
(0.004 0.05 0.46)
(0 0.06 0.46)
(0.004 0.06 0.46)
(0 0.07 0.46)
(0.004 0.07 0.46)
(0 0 0.48)
(0.004 0 0.48)
(0 0.01 0.48)
(0.004 0.01 0.48)
(0 0.02 0.48)
(0.004 0.02 0.48)
(0 0.03 0.48)
(0.004 0.03 0.48)
(0 0.04 0.48)
(0.004 0.04 0.48)
(0 0.05 0.48)
(0.004 0.05 0.48)
(0 0.06 0.48)
(0.004 0.06 0.48)
(0 0.07 0.48)
(0.004 0.07 0.48)
(0 0 0.5)
(0.004 0 0.5)
(0 0.01 0.5)
(0.004 0.01 0.5)
(0 0.02 0.5)
(0.004 0.02 0.5)
(0 0.03 0.5)
(0.004 0.03 0.5)
(0 0.04 0.5)
(0.004 0.04 0.5)
(0 0.05 0.5)
(0.004 0.05 0.5)
(0 0.06 0.5)
(0.004 0.06 0.5)
(0 0.07 0.5)
(0.004 0.07 0.5)
(0 0 0.52)
(0.004 0 0.52)
(0 0.01 0.52)
(0.004 0.01 0.52)
(0 0.02 0.52)
(0.004 0.02 0.52)
(0 0.03 0.52)
(0.004 0.03 0.52)
(0 0.04 0.52)
(0.004 0.04 0.52)
(0 0.05 0.52)
(0.004 0.05 0.52)
(0 0.06 0.52)
(0.004 0.06 0.52)
(0 0.07 0.52)
(0.004 0.07 0.52)
(0 0 0.54)
(0.004 0 0.54)
(0 0.01 0.54)
(0.004 0.01 0.54)
(0 0.02 0.54)
(0.004 0.02 0.54)
(0 0.03 0.54)
(0.004 0.03 0.54)
(0 0.04 0.54)
(0.004 0.04 0.54)
(0 0.05 0.54)
(0.004 0.05 0.54)
(0 0.06 0.54)
(0.004 0.06 0.54)
(0 0.07 0.54)
(0.004 0.07 0.54)
(0 0 0.56)
(0.004 0 0.56)
(0 0.01 0.56)
(0.004 0.01 0.56)
(0 0.02 0.56)
(0.004 0.02 0.56)
(0 0.03 0.56)
(0.004 0.03 0.56)
(0 0.04 0.56)
(0.004 0.04 0.56)
(0 0.05 0.56)
(0.004 0.05 0.56)
(0 0.06 0.56)
(0.004 0.06 0.56)
(0 0.07 0.56)
(0.004 0.07 0.56)
(0 0 0.58)
(0.004 0 0.58)
(0 0.01 0.58)
(0.004 0.01 0.58)
(0 0.02 0.58)
(0.004 0.02 0.58)
(0 0.03 0.58)
(0.004 0.03 0.58)
(0 0.04 0.58)
(0.004 0.04 0.58)
(0 0.05 0.58)
(0.004 0.05 0.58)
(0 0.06 0.58)
(0.004 0.06 0.58)
(0 0.07 0.58)
(0.004 0.07 0.58)
(0 0 0.6)
(0.004 0 0.6)
(0 0.01 0.6)
(0.004 0.01 0.6)
(0 0.02 0.6)
(0.004 0.02 0.6)
(0 0.03 0.6)
(0.004 0.03 0.6)
(0 0.04 0.6)
(0.004 0.04 0.6)
(0 0.05 0.6)
(0.004 0.05 0.6)
(0 0.06 0.6)
(0.004 0.06 0.6)
(0 0.07 0.6)
(0.004 0.07 0.6)
(0 0 0.62)
(0.004 0 0.62)
(0 0.01 0.62)
(0.004 0.01 0.62)
(0 0.02 0.62)
(0.004 0.02 0.62)
(0 0.03 0.62)
(0.004 0.03 0.62)
(0 0.04 0.62)
(0.004 0.04 0.62)
(0 0.05 0.62)
(0.004 0.05 0.62)
(0 0.06 0.62)
(0.004 0.06 0.62)
(0 0.07 0.62)
(0.004 0.07 0.62)
(0 0 0.64)
(0.004 0 0.64)
(0 0.01 0.64)
(0.004 0.01 0.64)
(0 0.02 0.64)
(0.004 0.02 0.64)
(0 0.03 0.64)
(0.004 0.03 0.64)
(0 0.04 0.64)
(0.004 0.04 0.64)
(0 0.05 0.64)
(0.004 0.05 0.64)
(0 0.06 0.64)
(0.004 0.06 0.64)
(0 0.07 0.64)
(0.004 0.07 0.64)
(0 0 0.66)
(0.004 0 0.66)
(0 0.01 0.66)
(0.004 0.01 0.66)
(0 0.02 0.66)
(0.004 0.02 0.66)
(0 0.03 0.66)
(0.004 0.03 0.66)
(0 0.04 0.66)
(0.004 0.04 0.66)
(0 0.05 0.66)
(0.004 0.05 0.66)
(0 0.06 0.66)
(0.004 0.06 0.66)
(0 0.07 0.66)
(0.004 0.07 0.66)
(0 0 0.68)
(0.004 0 0.68)
(0 0.01 0.68)
(0.004 0.01 0.68)
(0 0.02 0.68)
(0.004 0.02 0.68)
(0 0.03 0.68)
(0.004 0.03 0.68)
(0 0.04 0.68)
(0.004 0.04 0.68)
(0 0.05 0.68)
(0.004 0.05 0.68)
(0 0.06 0.68)
(0.004 0.06 0.68)
(0 0.07 0.68)
(0.004 0.07 0.68)
(0 0 0.7)
(0.004 0 0.7)
(0 0.01 0.7)
(0.004 0.01 0.7)
(0 0.02 0.7)
(0.004 0.02 0.7)
(0 0.03 0.7)
(0.004 0.03 0.7)
(0 0.04 0.7)
(0.004 0.04 0.7)
(0 0.05 0.7)
(0.004 0.05 0.7)
(0 0.06 0.7)
(0.004 0.06 0.7)
(0 0.07 0.7)
(0.004 0.07 0.7)
(0 0 0.72)
(0.004 0 0.72)
(0 0.01 0.72)
(0.004 0.01 0.72)
(0 0.02 0.72)
(0.004 0.02 0.72)
(0 0.03 0.72)
(0.004 0.03 0.72)
(0 0.04 0.72)
(0.004 0.04 0.72)
(0 0.05 0.72)
(0.004 0.05 0.72)
(0 0.06 0.72)
(0.004 0.06 0.72)
(0 0.07 0.72)
(0.004 0.07 0.72)
(0 0 0.74)
(0.004 0 0.74)
(0 0.01 0.74)
(0.004 0.01 0.74)
(0 0.02 0.74)
(0.004 0.02 0.74)
(0 0.03 0.74)
(0.004 0.03 0.74)
(0 0.04 0.74)
(0.004 0.04 0.74)
(0 0.05 0.74)
(0.004 0.05 0.74)
(0 0.06 0.74)
(0.004 0.06 0.74)
(0 0.07 0.74)
(0.004 0.07 0.74)
(0 0 0.76)
(0.004 0 0.76)
(0 0.01 0.76)
(0.004 0.01 0.76)
(0 0.02 0.76)
(0.004 0.02 0.76)
(0 0.03 0.76)
(0.004 0.03 0.76)
(0 0.04 0.76)
(0.004 0.04 0.76)
(0 0.05 0.76)
(0.004 0.05 0.76)
(0 0.06 0.76)
(0.004 0.06 0.76)
(0 0.07 0.76)
(0.004 0.07 0.76)
(0 0 0.78)
(0.004 0 0.78)
(0 0.01 0.78)
(0.004 0.01 0.78)
(0 0.02 0.78)
(0.004 0.02 0.78)
(0 0.03 0.78)
(0.004 0.03 0.78)
(0 0.04 0.78)
(0.004 0.04 0.78)
(0 0.05 0.78)
(0.004 0.05 0.78)
(0 0.06 0.78)
(0.004 0.06 0.78)
(0 0.07 0.78)
(0.004 0.07 0.78)
(0 0 0.8)
(0.004 0 0.8)
(0 0.01 0.8)
(0.004 0.01 0.8)
(0 0.02 0.8)
(0.004 0.02 0.8)
(0 0.03 0.8)
(0.004 0.03 0.8)
(0 0.04 0.8)
(0.004 0.04 0.8)
(0 0.05 0.8)
(0.004 0.05 0.8)
(0 0.06 0.8)
(0.004 0.06 0.8)
(0 0.07 0.8)
(0.004 0.07 0.8)
(0 0 0.82)
(0.004 0 0.82)
(0 0.01 0.82)
(0.004 0.01 0.82)
(0 0.02 0.82)
(0.004 0.02 0.82)
(0 0.03 0.82)
(0.004 0.03 0.82)
(0 0.04 0.82)
(0.004 0.04 0.82)
(0 0.05 0.82)
(0.004 0.05 0.82)
(0 0.06 0.82)
(0.004 0.06 0.82)
(0 0.07 0.82)
(0.004 0.07 0.82)
(0 0 0.84)
(0.004 0 0.84)
(0 0.01 0.84)
(0.004 0.01 0.84)
(0 0.02 0.84)
(0.004 0.02 0.84)
(0 0.03 0.84)
(0.004 0.03 0.84)
(0 0.04 0.84)
(0.004 0.04 0.84)
(0 0.05 0.84)
(0.004 0.05 0.84)
(0 0.06 0.84)
(0.004 0.06 0.84)
(0 0.07 0.84)
(0.004 0.07 0.84)
(0 0 0.86)
(0.004 0 0.86)
(0 0.01 0.86)
(0.004 0.01 0.86)
(0 0.02 0.86)
(0.004 0.02 0.86)
(0 0.03 0.86)
(0.004 0.03 0.86)
(0 0.04 0.86)
(0.004 0.04 0.86)
(0 0.05 0.86)
(0.004 0.05 0.86)
(0 0.06 0.86)
(0.004 0.06 0.86)
(0 0.07 0.86)
(0.004 0.07 0.86)
(0 0 0.88)
(0.004 0 0.88)
(0 0.01 0.88)
(0.004 0.01 0.88)
(0 0.02 0.88)
(0.004 0.02 0.88)
(0 0.03 0.88)
(0.004 0.03 0.88)
(0 0.04 0.88)
(0.004 0.04 0.88)
(0 0.05 0.88)
(0.004 0.05 0.88)
(0 0.06 0.88)
(0.004 0.06 0.88)
(0 0.07 0.88)
(0.004 0.07 0.88)
(0 0 0.9)
(0.004 0 0.9)
(0 0.01 0.9)
(0.004 0.01 0.9)
(0 0.02 0.9)
(0.004 0.02 0.9)
(0 0.03 0.9)
(0.004 0.03 0.9)
(0 0.04 0.9)
(0.004 0.04 0.9)
(0 0.05 0.9)
(0.004 0.05 0.9)
(0 0.06 0.9)
(0.004 0.06 0.9)
(0 0.07 0.9)
(0.004 0.07 0.9)
(0 0 0.92)
(0.004 0 0.92)
(0 0.01 0.92)
(0.004 0.01 0.92)
(0 0.02 0.92)
(0.004 0.02 0.92)
(0 0.03 0.92)
(0.004 0.03 0.92)
(0 0.04 0.92)
(0.004 0.04 0.92)
(0 0.05 0.92)
(0.004 0.05 0.92)
(0 0.06 0.92)
(0.004 0.06 0.92)
(0 0.07 0.92)
(0.004 0.07 0.92)
(0 0 0.94)
(0.004 0 0.94)
(0 0.01 0.94)
(0.004 0.01 0.94)
(0 0.02 0.94)
(0.004 0.02 0.94)
(0 0.03 0.94)
(0.004 0.03 0.94)
(0 0.04 0.94)
(0.004 0.04 0.94)
(0 0.05 0.94)
(0.004 0.05 0.94)
(0 0.06 0.94)
(0.004 0.06 0.94)
(0 0.07 0.94)
(0.004 0.07 0.94)
(0 0 0.96)
(0.004 0 0.96)
(0 0.01 0.96)
(0.004 0.01 0.96)
(0 0.02 0.96)
(0.004 0.02 0.96)
(0 0.03 0.96)
(0.004 0.03 0.96)
(0 0.04 0.96)
(0.004 0.04 0.96)
(0 0.05 0.96)
(0.004 0.05 0.96)
(0 0.06 0.96)
(0.004 0.06 0.96)
(0 0.07 0.96)
(0.004 0.07 0.96)
(0 0 0.98)
(0.004 0 0.98)
(0 0.01 0.98)
(0.004 0.01 0.98)
(0 0.02 0.98)
(0.004 0.02 0.98)
(0 0.03 0.98)
(0.004 0.03 0.98)
(0 0.04 0.98)
(0.004 0.04 0.98)
(0 0.05 0.98)
(0.004 0.05 0.98)
(0 0.06 0.98)
(0.004 0.06 0.98)
(0 0.07 0.98)
(0.004 0.07 0.98)
(0 0 1)
(0.004 0 1)
(0 0.01 1)
(0.004 0.01 1)
(0 0.02 1)
(0.004 0.02 1)
(0 0.03 1)
(0.004 0.03 1)
(0 0.04 1)
(0.004 0.04 1)
(0 0.05 1)
(0.004 0.05 1)
(0 0.06 1)
(0.004 0.06 1)
(0 0.07 1)
(0.004 0.07 1)
(0 0.08 0)
(0.004 0.08 0)
(0 0.08 0.02)
(0.004 0.08 0.02)
(0 0.08 0.04)
(0.004 0.08 0.04)
(0 0.08 0.06)
(0.004 0.08 0.06)
(0 0.08 0.08)
(0.004 0.08 0.08)
(0 0.08 0.1)
(0.004 0.08 0.1)
(0 0.08 0.12)
(0.004 0.08 0.12)
(0 0.08 0.14)
(0.004 0.08 0.14)
(0 0.08 0.16)
(0.004 0.08 0.16)
(0 0.08 0.18)
(0.004 0.08 0.18)
(0 0.08 0.2)
(0.004 0.08 0.2)
(0 0.08 0.22)
(0.004 0.08 0.22)
(0 0.08 0.24)
(0.004 0.08 0.24)
(0 0.08 0.26)
(0.004 0.08 0.26)
(0 0.08 0.28)
(0.004 0.08 0.28)
(0 0.08 0.3)
(0.004 0.08 0.3)
(0 0.08 0.32)
(0.004 0.08 0.32)
(0 0.08 0.34)
(0.004 0.08 0.34)
(0 0.08 0.36)
(0.004 0.08 0.36)
(0 0.08 0.38)
(0.004 0.08 0.38)
(0 0.08 0.4)
(0.004 0.08 0.4)
(0 0.08 0.42)
(0.004 0.08 0.42)
(0 0.08 0.44)
(0.004 0.08 0.44)
(0 0.08 0.46)
(0.004 0.08 0.46)
(0 0.08 0.48)
(0.004 0.08 0.48)
(0 0.08 0.5)
(0.004 0.08 0.5)
(0 0.08 0.52)
(0.004 0.08 0.52)
(0 0.08 0.54)
(0.004 0.08 0.54)
(0 0.08 0.56)
(0.004 0.08 0.56)
(0 0.08 0.58)
(0.004 0.08 0.58)
(0 0.08 0.6)
(0.004 0.08 0.6)
(0 0.08 0.62)
(0.004 0.08 0.62)
(0 0.08 0.64)
(0.004 0.08 0.64)
(0 0.08 0.66)
(0.004 0.08 0.66)
(0 0.08 0.68)
(0.004 0.08 0.68)
(0 0.08 0.7)
(0.004 0.08 0.7)
(0 0.08 0.72)
(0.004 0.08 0.72)
(0 0.08 0.74)
(0.004 0.08 0.74)
(0 0.08 0.76)
(0.004 0.08 0.76)
(0 0.08 0.78)
(0.004 0.08 0.78)
(0 0.08 0.8)
(0.004 0.08 0.8)
(0 0.08 0.82)
(0.004 0.08 0.82)
(0 0.08 0.84)
(0.004 0.08 0.84)
(0 0.08 0.86)
(0.004 0.08 0.86)
(0 0.08 0.88)
(0.004 0.08 0.88)
(0 0.08 0.9)
(0.004 0.08 0.9)
(0 0.08 0.92)
(0.004 0.08 0.92)
(0 0.08 0.94)
(0.004 0.08 0.94)
(0 0.08 0.96)
(0.004 0.08 0.96)
(0 0.08 0.98)
(0.004 0.08 0.98)
(0 0.08 1)
(0.004 0.08 1)
(0 0.09 0)
(0.004 0.09 0)
(0 0.1 0)
(0.004 0.1 0)
(0 0.11 0)
(0.004 0.11 0)
(0 0.12 0)
(0.004 0.12 0)
(0 0.13 0)
(0.004 0.13 0)
(0 0.14 0)
(0.004 0.14 0)
(0 0.15 0)
(0.004 0.15 0)
(0 0.09 0.02)
(0.004 0.09 0.02)
(0 0.1 0.02)
(0.004 0.1 0.02)
(0 0.11 0.02)
(0.004 0.11 0.02)
(0 0.12 0.02)
(0.004 0.12 0.02)
(0 0.13 0.02)
(0.004 0.13 0.02)
(0 0.14 0.02)
(0.004 0.14 0.02)
(0 0.15 0.02)
(0.004 0.15 0.02)
(0 0.09 0.04)
(0.004 0.09 0.04)
(0 0.1 0.04)
(0.004 0.1 0.04)
(0 0.11 0.04)
(0.004 0.11 0.04)
(0 0.12 0.04)
(0.004 0.12 0.04)
(0 0.13 0.04)
(0.004 0.13 0.04)
(0 0.14 0.04)
(0.004 0.14 0.04)
(0 0.15 0.04)
(0.004 0.15 0.04)
(0 0.09 0.06)
(0.004 0.09 0.06)
(0 0.1 0.06)
(0.004 0.1 0.06)
(0 0.11 0.06)
(0.004 0.11 0.06)
(0 0.12 0.06)
(0.004 0.12 0.06)
(0 0.13 0.06)
(0.004 0.13 0.06)
(0 0.14 0.06)
(0.004 0.14 0.06)
(0 0.15 0.06)
(0.004 0.15 0.06)
(0 0.09 0.08)
(0.004 0.09 0.08)
(0 0.1 0.08)
(0.004 0.1 0.08)
(0 0.11 0.08)
(0.004 0.11 0.08)
(0 0.12 0.08)
(0.004 0.12 0.08)
(0 0.13 0.08)
(0.004 0.13 0.08)
(0 0.14 0.08)
(0.004 0.14 0.08)
(0 0.15 0.08)
(0.004 0.15 0.08)
(0 0.09 0.1)
(0.004 0.09 0.1)
(0 0.1 0.1)
(0.004 0.1 0.1)
(0 0.11 0.1)
(0.004 0.11 0.1)
(0 0.12 0.1)
(0.004 0.12 0.1)
(0 0.13 0.1)
(0.004 0.13 0.1)
(0 0.14 0.1)
(0.004 0.14 0.1)
(0 0.15 0.1)
(0.004 0.15 0.1)
(0 0.09 0.12)
(0.004 0.09 0.12)
(0 0.1 0.12)
(0.004 0.1 0.12)
(0 0.11 0.12)
(0.004 0.11 0.12)
(0 0.12 0.12)
(0.004 0.12 0.12)
(0 0.13 0.12)
(0.004 0.13 0.12)
(0 0.14 0.12)
(0.004 0.14 0.12)
(0 0.15 0.12)
(0.004 0.15 0.12)
(0 0.09 0.14)
(0.004 0.09 0.14)
(0 0.1 0.14)
(0.004 0.1 0.14)
(0 0.11 0.14)
(0.004 0.11 0.14)
(0 0.12 0.14)
(0.004 0.12 0.14)
(0 0.13 0.14)
(0.004 0.13 0.14)
(0 0.14 0.14)
(0.004 0.14 0.14)
(0 0.15 0.14)
(0.004 0.15 0.14)
(0 0.09 0.16)
(0.004 0.09 0.16)
(0 0.1 0.16)
(0.004 0.1 0.16)
(0 0.11 0.16)
(0.004 0.11 0.16)
(0 0.12 0.16)
(0.004 0.12 0.16)
(0 0.13 0.16)
(0.004 0.13 0.16)
(0 0.14 0.16)
(0.004 0.14 0.16)
(0 0.15 0.16)
(0.004 0.15 0.16)
(0 0.09 0.18)
(0.004 0.09 0.18)
(0 0.1 0.18)
(0.004 0.1 0.18)
(0 0.11 0.18)
(0.004 0.11 0.18)
(0 0.12 0.18)
(0.004 0.12 0.18)
(0 0.13 0.18)
(0.004 0.13 0.18)
(0 0.14 0.18)
(0.004 0.14 0.18)
(0 0.15 0.18)
(0.004 0.15 0.18)
(0 0.09 0.2)
(0.004 0.09 0.2)
(0 0.1 0.2)
(0.004 0.1 0.2)
(0 0.11 0.2)
(0.004 0.11 0.2)
(0 0.12 0.2)
(0.004 0.12 0.2)
(0 0.13 0.2)
(0.004 0.13 0.2)
(0 0.14 0.2)
(0.004 0.14 0.2)
(0 0.15 0.2)
(0.004 0.15 0.2)
(0 0.09 0.22)
(0.004 0.09 0.22)
(0 0.1 0.22)
(0.004 0.1 0.22)
(0 0.11 0.22)
(0.004 0.11 0.22)
(0 0.12 0.22)
(0.004 0.12 0.22)
(0 0.13 0.22)
(0.004 0.13 0.22)
(0 0.14 0.22)
(0.004 0.14 0.22)
(0 0.15 0.22)
(0.004 0.15 0.22)
(0 0.09 0.24)
(0.004 0.09 0.24)
(0 0.1 0.24)
(0.004 0.1 0.24)
(0 0.11 0.24)
(0.004 0.11 0.24)
(0 0.12 0.24)
(0.004 0.12 0.24)
(0 0.13 0.24)
(0.004 0.13 0.24)
(0 0.14 0.24)
(0.004 0.14 0.24)
(0 0.15 0.24)
(0.004 0.15 0.24)
(0 0.09 0.26)
(0.004 0.09 0.26)
(0 0.1 0.26)
(0.004 0.1 0.26)
(0 0.11 0.26)
(0.004 0.11 0.26)
(0 0.12 0.26)
(0.004 0.12 0.26)
(0 0.13 0.26)
(0.004 0.13 0.26)
(0 0.14 0.26)
(0.004 0.14 0.26)
(0 0.15 0.26)
(0.004 0.15 0.26)
(0 0.09 0.28)
(0.004 0.09 0.28)
(0 0.1 0.28)
(0.004 0.1 0.28)
(0 0.11 0.28)
(0.004 0.11 0.28)
(0 0.12 0.28)
(0.004 0.12 0.28)
(0 0.13 0.28)
(0.004 0.13 0.28)
(0 0.14 0.28)
(0.004 0.14 0.28)
(0 0.15 0.28)
(0.004 0.15 0.28)
(0 0.09 0.3)
(0.004 0.09 0.3)
(0 0.1 0.3)
(0.004 0.1 0.3)
(0 0.11 0.3)
(0.004 0.11 0.3)
(0 0.12 0.3)
(0.004 0.12 0.3)
(0 0.13 0.3)
(0.004 0.13 0.3)
(0 0.14 0.3)
(0.004 0.14 0.3)
(0 0.15 0.3)
(0.004 0.15 0.3)
(0 0.09 0.32)
(0.004 0.09 0.32)
(0 0.1 0.32)
(0.004 0.1 0.32)
(0 0.11 0.32)
(0.004 0.11 0.32)
(0 0.12 0.32)
(0.004 0.12 0.32)
(0 0.13 0.32)
(0.004 0.13 0.32)
(0 0.14 0.32)
(0.004 0.14 0.32)
(0 0.15 0.32)
(0.004 0.15 0.32)
(0 0.09 0.34)
(0.004 0.09 0.34)
(0 0.1 0.34)
(0.004 0.1 0.34)
(0 0.11 0.34)
(0.004 0.11 0.34)
(0 0.12 0.34)
(0.004 0.12 0.34)
(0 0.13 0.34)
(0.004 0.13 0.34)
(0 0.14 0.34)
(0.004 0.14 0.34)
(0 0.15 0.34)
(0.004 0.15 0.34)
(0 0.09 0.36)
(0.004 0.09 0.36)
(0 0.1 0.36)
(0.004 0.1 0.36)
(0 0.11 0.36)
(0.004 0.11 0.36)
(0 0.12 0.36)
(0.004 0.12 0.36)
(0 0.13 0.36)
(0.004 0.13 0.36)
(0 0.14 0.36)
(0.004 0.14 0.36)
(0 0.15 0.36)
(0.004 0.15 0.36)
(0 0.09 0.38)
(0.004 0.09 0.38)
(0 0.1 0.38)
(0.004 0.1 0.38)
(0 0.11 0.38)
(0.004 0.11 0.38)
(0 0.12 0.38)
(0.004 0.12 0.38)
(0 0.13 0.38)
(0.004 0.13 0.38)
(0 0.14 0.38)
(0.004 0.14 0.38)
(0 0.15 0.38)
(0.004 0.15 0.38)
(0 0.09 0.4)
(0.004 0.09 0.4)
(0 0.1 0.4)
(0.004 0.1 0.4)
(0 0.11 0.4)
(0.004 0.11 0.4)
(0 0.12 0.4)
(0.004 0.12 0.4)
(0 0.13 0.4)
(0.004 0.13 0.4)
(0 0.14 0.4)
(0.004 0.14 0.4)
(0 0.15 0.4)
(0.004 0.15 0.4)
(0 0.09 0.42)
(0.004 0.09 0.42)
(0 0.1 0.42)
(0.004 0.1 0.42)
(0 0.11 0.42)
(0.004 0.11 0.42)
(0 0.12 0.42)
(0.004 0.12 0.42)
(0 0.13 0.42)
(0.004 0.13 0.42)
(0 0.14 0.42)
(0.004 0.14 0.42)
(0 0.15 0.42)
(0.004 0.15 0.42)
(0 0.09 0.44)
(0.004 0.09 0.44)
(0 0.1 0.44)
(0.004 0.1 0.44)
(0 0.11 0.44)
(0.004 0.11 0.44)
(0 0.12 0.44)
(0.004 0.12 0.44)
(0 0.13 0.44)
(0.004 0.13 0.44)
(0 0.14 0.44)
(0.004 0.14 0.44)
(0 0.15 0.44)
(0.004 0.15 0.44)
(0 0.09 0.46)
(0.004 0.09 0.46)
(0 0.1 0.46)
(0.004 0.1 0.46)
(0 0.11 0.46)
(0.004 0.11 0.46)
(0 0.12 0.46)
(0.004 0.12 0.46)
(0 0.13 0.46)
(0.004 0.13 0.46)
(0 0.14 0.46)
(0.004 0.14 0.46)
(0 0.15 0.46)
(0.004 0.15 0.46)
(0 0.09 0.48)
(0.004 0.09 0.48)
(0 0.1 0.48)
(0.004 0.1 0.48)
(0 0.11 0.48)
(0.004 0.11 0.48)
(0 0.12 0.48)
(0.004 0.12 0.48)
(0 0.13 0.48)
(0.004 0.13 0.48)
(0 0.14 0.48)
(0.004 0.14 0.48)
(0 0.15 0.48)
(0.004 0.15 0.48)
(0 0.09 0.5)
(0.004 0.09 0.5)
(0 0.1 0.5)
(0.004 0.1 0.5)
(0 0.11 0.5)
(0.004 0.11 0.5)
(0 0.12 0.5)
(0.004 0.12 0.5)
(0 0.13 0.5)
(0.004 0.13 0.5)
(0 0.14 0.5)
(0.004 0.14 0.5)
(0 0.15 0.5)
(0.004 0.15 0.5)
(0 0.09 0.52)
(0.004 0.09 0.52)
(0 0.1 0.52)
(0.004 0.1 0.52)
(0 0.11 0.52)
(0.004 0.11 0.52)
(0 0.12 0.52)
(0.004 0.12 0.52)
(0 0.13 0.52)
(0.004 0.13 0.52)
(0 0.14 0.52)
(0.004 0.14 0.52)
(0 0.15 0.52)
(0.004 0.15 0.52)
(0 0.09 0.54)
(0.004 0.09 0.54)
(0 0.1 0.54)
(0.004 0.1 0.54)
(0 0.11 0.54)
(0.004 0.11 0.54)
(0 0.12 0.54)
(0.004 0.12 0.54)
(0 0.13 0.54)
(0.004 0.13 0.54)
(0 0.14 0.54)
(0.004 0.14 0.54)
(0 0.15 0.54)
(0.004 0.15 0.54)
(0 0.09 0.56)
(0.004 0.09 0.56)
(0 0.1 0.56)
(0.004 0.1 0.56)
(0 0.11 0.56)
(0.004 0.11 0.56)
(0 0.12 0.56)
(0.004 0.12 0.56)
(0 0.13 0.56)
(0.004 0.13 0.56)
(0 0.14 0.56)
(0.004 0.14 0.56)
(0 0.15 0.56)
(0.004 0.15 0.56)
(0 0.09 0.58)
(0.004 0.09 0.58)
(0 0.1 0.58)
(0.004 0.1 0.58)
(0 0.11 0.58)
(0.004 0.11 0.58)
(0 0.12 0.58)
(0.004 0.12 0.58)
(0 0.13 0.58)
(0.004 0.13 0.58)
(0 0.14 0.58)
(0.004 0.14 0.58)
(0 0.15 0.58)
(0.004 0.15 0.58)
(0 0.09 0.6)
(0.004 0.09 0.6)
(0 0.1 0.6)
(0.004 0.1 0.6)
(0 0.11 0.6)
(0.004 0.11 0.6)
(0 0.12 0.6)
(0.004 0.12 0.6)
(0 0.13 0.6)
(0.004 0.13 0.6)
(0 0.14 0.6)
(0.004 0.14 0.6)
(0 0.15 0.6)
(0.004 0.15 0.6)
(0 0.09 0.62)
(0.004 0.09 0.62)
(0 0.1 0.62)
(0.004 0.1 0.62)
(0 0.11 0.62)
(0.004 0.11 0.62)
(0 0.12 0.62)
(0.004 0.12 0.62)
(0 0.13 0.62)
(0.004 0.13 0.62)
(0 0.14 0.62)
(0.004 0.14 0.62)
(0 0.15 0.62)
(0.004 0.15 0.62)
(0 0.09 0.64)
(0.004 0.09 0.64)
(0 0.1 0.64)
(0.004 0.1 0.64)
(0 0.11 0.64)
(0.004 0.11 0.64)
(0 0.12 0.64)
(0.004 0.12 0.64)
(0 0.13 0.64)
(0.004 0.13 0.64)
(0 0.14 0.64)
(0.004 0.14 0.64)
(0 0.15 0.64)
(0.004 0.15 0.64)
(0 0.09 0.66)
(0.004 0.09 0.66)
(0 0.1 0.66)
(0.004 0.1 0.66)
(0 0.11 0.66)
(0.004 0.11 0.66)
(0 0.12 0.66)
(0.004 0.12 0.66)
(0 0.13 0.66)
(0.004 0.13 0.66)
(0 0.14 0.66)
(0.004 0.14 0.66)
(0 0.15 0.66)
(0.004 0.15 0.66)
(0 0.09 0.68)
(0.004 0.09 0.68)
(0 0.1 0.68)
(0.004 0.1 0.68)
(0 0.11 0.68)
(0.004 0.11 0.68)
(0 0.12 0.68)
(0.004 0.12 0.68)
(0 0.13 0.68)
(0.004 0.13 0.68)
(0 0.14 0.68)
(0.004 0.14 0.68)
(0 0.15 0.68)
(0.004 0.15 0.68)
(0 0.09 0.7)
(0.004 0.09 0.7)
(0 0.1 0.7)
(0.004 0.1 0.7)
(0 0.11 0.7)
(0.004 0.11 0.7)
(0 0.12 0.7)
(0.004 0.12 0.7)
(0 0.13 0.7)
(0.004 0.13 0.7)
(0 0.14 0.7)
(0.004 0.14 0.7)
(0 0.15 0.7)
(0.004 0.15 0.7)
(0 0.09 0.72)
(0.004 0.09 0.72)
(0 0.1 0.72)
(0.004 0.1 0.72)
(0 0.11 0.72)
(0.004 0.11 0.72)
(0 0.12 0.72)
(0.004 0.12 0.72)
(0 0.13 0.72)
(0.004 0.13 0.72)
(0 0.14 0.72)
(0.004 0.14 0.72)
(0 0.15 0.72)
(0.004 0.15 0.72)
(0 0.09 0.74)
(0.004 0.09 0.74)
(0 0.1 0.74)
(0.004 0.1 0.74)
(0 0.11 0.74)
(0.004 0.11 0.74)
(0 0.12 0.74)
(0.004 0.12 0.74)
(0 0.13 0.74)
(0.004 0.13 0.74)
(0 0.14 0.74)
(0.004 0.14 0.74)
(0 0.15 0.74)
(0.004 0.15 0.74)
(0 0.09 0.76)
(0.004 0.09 0.76)
(0 0.1 0.76)
(0.004 0.1 0.76)
(0 0.11 0.76)
(0.004 0.11 0.76)
(0 0.12 0.76)
(0.004 0.12 0.76)
(0 0.13 0.76)
(0.004 0.13 0.76)
(0 0.14 0.76)
(0.004 0.14 0.76)
(0 0.15 0.76)
(0.004 0.15 0.76)
(0 0.09 0.78)
(0.004 0.09 0.78)
(0 0.1 0.78)
(0.004 0.1 0.78)
(0 0.11 0.78)
(0.004 0.11 0.78)
(0 0.12 0.78)
(0.004 0.12 0.78)
(0 0.13 0.78)
(0.004 0.13 0.78)
(0 0.14 0.78)
(0.004 0.14 0.78)
(0 0.15 0.78)
(0.004 0.15 0.78)
(0 0.09 0.8)
(0.004 0.09 0.8)
(0 0.1 0.8)
(0.004 0.1 0.8)
(0 0.11 0.8)
(0.004 0.11 0.8)
(0 0.12 0.8)
(0.004 0.12 0.8)
(0 0.13 0.8)
(0.004 0.13 0.8)
(0 0.14 0.8)
(0.004 0.14 0.8)
(0 0.15 0.8)
(0.004 0.15 0.8)
(0 0.09 0.82)
(0.004 0.09 0.82)
(0 0.1 0.82)
(0.004 0.1 0.82)
(0 0.11 0.82)
(0.004 0.11 0.82)
(0 0.12 0.82)
(0.004 0.12 0.82)
(0 0.13 0.82)
(0.004 0.13 0.82)
(0 0.14 0.82)
(0.004 0.14 0.82)
(0 0.15 0.82)
(0.004 0.15 0.82)
(0 0.09 0.84)
(0.004 0.09 0.84)
(0 0.1 0.84)
(0.004 0.1 0.84)
(0 0.11 0.84)
(0.004 0.11 0.84)
(0 0.12 0.84)
(0.004 0.12 0.84)
(0 0.13 0.84)
(0.004 0.13 0.84)
(0 0.14 0.84)
(0.004 0.14 0.84)
(0 0.15 0.84)
(0.004 0.15 0.84)
(0 0.09 0.86)
(0.004 0.09 0.86)
(0 0.1 0.86)
(0.004 0.1 0.86)
(0 0.11 0.86)
(0.004 0.11 0.86)
(0 0.12 0.86)
(0.004 0.12 0.86)
(0 0.13 0.86)
(0.004 0.13 0.86)
(0 0.14 0.86)
(0.004 0.14 0.86)
(0 0.15 0.86)
(0.004 0.15 0.86)
(0 0.09 0.88)
(0.004 0.09 0.88)
(0 0.1 0.88)
(0.004 0.1 0.88)
(0 0.11 0.88)
(0.004 0.11 0.88)
(0 0.12 0.88)
(0.004 0.12 0.88)
(0 0.13 0.88)
(0.004 0.13 0.88)
(0 0.14 0.88)
(0.004 0.14 0.88)
(0 0.15 0.88)
(0.004 0.15 0.88)
(0 0.09 0.9)
(0.004 0.09 0.9)
(0 0.1 0.9)
(0.004 0.1 0.9)
(0 0.11 0.9)
(0.004 0.11 0.9)
(0 0.12 0.9)
(0.004 0.12 0.9)
(0 0.13 0.9)
(0.004 0.13 0.9)
(0 0.14 0.9)
(0.004 0.14 0.9)
(0 0.15 0.9)
(0.004 0.15 0.9)
(0 0.09 0.92)
(0.004 0.09 0.92)
(0 0.1 0.92)
(0.004 0.1 0.92)
(0 0.11 0.92)
(0.004 0.11 0.92)
(0 0.12 0.92)
(0.004 0.12 0.92)
(0 0.13 0.92)
(0.004 0.13 0.92)
(0 0.14 0.92)
(0.004 0.14 0.92)
(0 0.15 0.92)
(0.004 0.15 0.92)
(0 0.09 0.94)
(0.004 0.09 0.94)
(0 0.1 0.94)
(0.004 0.1 0.94)
(0 0.11 0.94)
(0.004 0.11 0.94)
(0 0.12 0.94)
(0.004 0.12 0.94)
(0 0.13 0.94)
(0.004 0.13 0.94)
(0 0.14 0.94)
(0.004 0.14 0.94)
(0 0.15 0.94)
(0.004 0.15 0.94)
(0 0.09 0.96)
(0.004 0.09 0.96)
(0 0.1 0.96)
(0.004 0.1 0.96)
(0 0.11 0.96)
(0.004 0.11 0.96)
(0 0.12 0.96)
(0.004 0.12 0.96)
(0 0.13 0.96)
(0.004 0.13 0.96)
(0 0.14 0.96)
(0.004 0.14 0.96)
(0 0.15 0.96)
(0.004 0.15 0.96)
(0 0.09 0.98)
(0.004 0.09 0.98)
(0 0.1 0.98)
(0.004 0.1 0.98)
(0 0.11 0.98)
(0.004 0.11 0.98)
(0 0.12 0.98)
(0.004 0.12 0.98)
(0 0.13 0.98)
(0.004 0.13 0.98)
(0 0.14 0.98)
(0.004 0.14 0.98)
(0 0.15 0.98)
(0.004 0.15 0.98)
(0 0.09 1)
(0.004 0.09 1)
(0 0.1 1)
(0.004 0.1 1)
(0 0.11 1)
(0.004 0.11 1)
(0 0.12 1)
(0.004 0.12 1)
(0 0.13 1)
(0.004 0.13 1)
(0 0.14 1)
(0.004 0.14 1)
(0 0.15 1)
(0.004 0.15 1)
)


// ************************************************************************* //
