/*--------------------------------*- C++ -*----------------------------------*\
| =========                 |                                                 |
| \\      /  F ield         | OpenFOAM: The Open Source CFD Toolbox           |
|  \\    /   O peration     | Version:  2.2.x                                 |
|   \\  /    A nd           | Web:      www.OpenFOAM.org                      |
|    \\/     M anipulation  |                                                 |
\*---------------------------------------------------------------------------*/
FoamFile
{
    version     2.0;
    format      ascii;
    class       volScalarField;
    location    "0.01";
    object      voidFraction;
}
// * * * * * * * * * * * * * * * * * * * * * * * * * * * * * * * * * * * * * //

dimensions      [0 0 0 0 0 0 0];

internalField   nonuniform List<scalar> 
450
(
0.455457
0.497345
0.539233
0.413569
0.371681
0.581121
0.497345
0.371681
0.581121
0.371681
0.581121
0.371681
0.581121
0.581121
0.539233
0.413569
0.497345
0.455457
0.474951
0.477851
0.581121
0.539233
0.413569
0.455457
0.497345
0.455457
0.497345
0.413569
0.539233
0.413569
0.455457
0.497345
0.474052
0.478751
0.493288
0.413569
0.539233
0.497345
0.455457
0.539233
0.413569
0.455457
0.574688
0.378114
0.497345
0.455457
0.497345
0.455457
0.455457
0.497345
0.455457
0.455457
0.497345
0.497345
0.455457
0.539233
0.497345
0.455457
0.497345
0.455457
0.497345
0.455457
0.497345
0.581121
0.371681
0.497345
0.455457
0.497345
0.455457
0.497345
0.581121
0.371681
0.455457
0.497345
0.455457
0.497345
0.455457
0.539233
0.413569
0.455457
0.497345
0.497345
0.455457
0.491644
0.497345
0.455457
0.455457
0.497345
0.413569
0.539233
0.519799
1
1
1
1
1
1
1
1
1
1
1
1
1
1
1
1
1
1
1
1
1
1
1
1
1
1
1
1
1
1
1
1
1
1
1
1
1
1
1
1
1
1
1
1
1
1
1
1
1
1
1
1
1
1
1
1
1
1
1
1
1
1
1
1
1
1
1
1
1
1
1
1
1
1
1
1
1
1
1
1
1
1
1
1
1
1
1
1
1
1
1
1
1
1
1
1
1
1
1
1
1
1
1
1
1
1
1
1
1
1
1
1
1
1
1
1
1
1
1
0.455457
0.371681
0.371681
0.539233
0.459514
0.497345
0.497345
0.413569
0.455457
0.455457
0.497345
0.461159
0.433003
1
1
1
1
1
1
1
1
1
1
1
1
1
1
1
1
1
0.371681
0.581121
0.455457
0.497345
0.539233
0.413569
0.581121
0.413569
0.539233
0.581121
0.371681
0.539233
0.413569
0.581121
0.371681
0.581121
0.539233
0.413569
0.497345
0.455457
0.581121
0.380633
0.572169
0.581121
0.371681
0.455457
0.497345
0.581121
0.413569
0.539233
0.539233
0.413569
0.455457
0.497345
0.581121
0.413569
0.539233
0.435045
0.517757
0.413569
0.539233
0.581121
0.497345
0.455457
0.581121
0.371681
0.581121
0.371681
0.581121
0.455457
0.497345
0.539233
0.413569
0.497345
0.455457
0.581121
0.497345
0.455457
0.413569
0.539233
0.455457
0.497345
0.581121
0.371681
0.581121
0.539233
0.413569
0.497345
0.455457
0.581121
0.413569
0.539233
0.497345
0.455457
0.455457
0.497345
0.581121
0.413569
0.539233
0.455457
0.497345
0.497345
0.455457
0.581121
0.455457
0.497345
0.539233
0.413569
0.539233
0.413569
0.581121
1
1
1
1
1
1
1
1
1
1
1
1
1
1
1
1
1
1
1
1
1
1
1
1
1
1
1
1
1
1
1
1
1
1
1
1
1
1
1
1
1
1
1
1
1
1
1
1
1
1
1
1
1
1
1
1
1
1
1
1
1
1
1
1
1
1
1
1
1
1
1
1
1
1
1
1
1
1
1
1
1
1
1
1
1
1
1
1
1
1
1
1
1
1
1
1
1
1
1
1
1
1
1
1
1
1
1
1
1
1
1
1
1
1
1
1
1
1
1
)
;

boundaryField
{
    outlet
    {
        type            zeroGradient;
    }
    inlet
    {
        type            fixedValue;
        value           uniform 1;
    }
    fixedWalls
    {
        type            zeroGradient;
    }
    emptyWalls
    {
        type            empty;
    }
}


// ************************************************************************* //
