/*--------------------------------*- C++ -*----------------------------------*\
| =========                 |                                                 |
| \\      /  F ield         | OpenFOAM: The Open Source CFD Toolbox           |
|  \\    /   O peration     | Version:  2.2.x                                 |
|   \\  /    A nd           | Web:      www.OpenFOAM.org                      |
|    \\/     M anipulation  |                                                 |
\*---------------------------------------------------------------------------*/
FoamFile
{
    version     2.0;
    format      ascii;
    class       volScalarField;
    location    "0.0002";
    object      voidFraction;
}
// * * * * * * * * * * * * * * * * * * * * * * * * * * * * * * * * * * * * * //

dimensions      [0 0 0 0 0 0 0];

internalField   nonuniform List<scalar> 
750
(
0.453782
0.499021
0.499021
0.453782
0.438702
0.5141
0.438702
0.453782
0.499021
0.453782
0.499021
0.438702
0.5141
0.453782
0.453782
0.499021
0.5141
0.438702
0.438702
0.5141
0.438702
0.453782
0.499021
0.5141
0.438702
0.453782
0.499021
0.438702
0.453782
0.499021
0.499021
0.453782
0.453782
0.499021
0.453782
0.453782
0.499021
0.5141
0.438702
0.453782
0.499021
0.453782
0.5141
0.438702
0.438702
0.5141
0.453782
0.499021
0.453782
0.453782
0.499021
0.499021
0.453782
0.499021
0.453782
0.453782
0.438702
0.5141
0.5141
0.438702
0.5141
0.438702
0.438702
0.499021
0.453782
0.453782
0.499021
0.453782
0.499021
0.438702
0.453782
0.499021
0.499021
0.453782
0.499021
0.453782
0.453782
0.438702
0.5141
0.499021
0.453782
0.438702
0.5141
0.438702
0.5141
0.438702
0.453782
0.499021
0.453782
0.499021
0.438702
1
1
1
1
1
1
1
1
1
1
1
1
1
1
1
1
1
1
1
1
1
1
1
1
1
1
1
1
1
1
1
1
1
1
1
1
1
1
1
1
1
1
1
1
1
1
1
1
1
1
1
1
1
1
1
1
1
1
1
1
1
1
1
1
1
1
1
1
1
1
1
1
1
1
1
1
1
1
1
1
1
1
1
1
1
1
1
1
1
1
1
1
1
1
1
1
1
1
1
1
1
1
1
1
1
1
1
1
1
1
1
1
1
1
1
1
1
1
1
1
1
1
1
1
1
1
1
1
1
1
1
1
1
1
1
1
1
1
1
1
1
1
1
1
1
1
1
1
1
1
1
1
1
1
1
1
1
1
1
1
1
1
1
1
1
1
1
1
1
1
1
1
1
1
1
1
1
1
1
1
1
1
1
1
1
1
1
1
1
1
1
1
1
1
1
1
1
1
1
1
1
1
1
1
1
1
1
1
1
1
1
1
1
1
1
1
1
1
1
1
1
1
1
1
1
1
1
1
1
1
1
1
1
1
1
1
1
1
1
1
1
1
1
1
1
1
1
1
1
1
1
1
1
1
1
1
1
1
1
0.5141
0.499021
0.5141
0.5141
0.499021
0.499021
0.499021
0.499021
0.5141
0.5141
0.499021
0.5141
0.5141
1
1
1
1
1
1
1
1
1
1
1
1
1
1
1
1
1
1
1
1
1
1
1
1
1
1
1
1
1
1
1
1
1
1
1
1
1
0.438702
0.5141
0.438702
0.5141
0.438702
0.5141
0.581121
0.453782
0.499021
0.438702
0.5141
0.453782
0.499021
0.581121
0.438702
0.5141
0.438702
0.5141
0.438702
0.5141
0.581121
0.438702
0.5141
0.5141
0.438702
0.438702
0.5141
0.581121
0.468861
0.483941
0.499021
0.453782
0.453782
0.499021
0.581121
0.453782
0.499021
0.499021
0.453782
0.453782
0.499021
0.581121
0.453782
0.499021
0.499021
0.453782
0.453782
0.499021
0.581121
0.453782
0.499021
0.453782
0.499021
0.453782
0.499021
0.581121
0.438702
0.5141
0.438702
0.5141
0.438702
0.5141
0.581121
0.453782
0.499021
0.499021
0.453782
0.453782
0.499021
0.581121
0.453782
0.499021
0.453782
0.499021
0.453782
0.499021
0.581121
0.453782
0.499021
0.499021
0.453782
0.438702
0.5141
0.581121
0.453782
0.499021
0.499021
0.453782
0.453782
0.499021
0.581121
1
1
1
1
1
1
1
1
1
1
1
1
1
1
1
1
1
1
1
1
1
1
1
1
1
1
1
1
1
1
1
1
1
1
1
1
1
1
1
1
1
1
1
1
1
1
1
1
1
1
1
1
1
1
1
1
1
1
1
1
1
1
1
1
1
1
1
1
1
1
1
1
1
1
1
1
1
1
1
1
1
1
1
1
1
1
1
1
1
1
1
1
1
1
1
1
1
1
1
1
1
1
1
1
1
1
1
1
1
1
1
1
1
1
1
1
1
1
1
1
1
1
1
1
1
1
1
1
1
1
1
1
1
1
1
1
1
1
1
1
1
1
1
1
1
1
1
1
1
1
1
1
1
1
1
1
1
1
1
1
1
1
1
1
1
1
1
1
1
1
1
1
1
1
1
1
1
1
1
1
1
1
1
1
1
1
1
1
1
1
1
1
1
1
1
1
1
1
1
1
1
1
1
1
1
1
1
1
1
1
1
1
1
1
1
1
1
1
1
1
1
1
1
1
1
1
1
1
1
1
1
1
1
1
1
1
1
1
1
1
1
1
1
1
1
1
1
1
1
1
1
1
1
1
1
1
1
1
1
)
;

boundaryField
{
    outlet
    {
        type            zeroGradient;
    }
    inlet
    {
        type            fixedValue;
        value           uniform 1;
    }
    fixedWalls
    {
        type            zeroGradient;
    }
    emptyWalls
    {
        type            empty;
    }
}


// ************************************************************************* //
