/*--------------------------------*- C++ -*----------------------------------*\
| =========                 |                                                 |
| \\      /  F ield         | OpenFOAM: The Open Source CFD Toolbox           |
|  \\    /   O peration     | Version:  2.2.x                                 |
|   \\  /    A nd           | Web:      www.OpenFOAM.org                      |
|    \\/     M anipulation  |                                                 |
\*---------------------------------------------------------------------------*/
FoamFile
{
    version     2.0;
    format      ascii;
    class       Cloud<basicMesoScaleCouplingParcel>;
    location    "0.0002";
    object      positions;
}
// * * * * * * * * * * * * * * * * * * * * * * * * * * * * * * * * * * * * * //

2405
(
(0.002 0.002 0.00199971) 0
(0.002 0.006 0.00199971) 0
(0.002 0.01 0.00199969) 1
(0.002 0.014 0.00199971) 1
(0.002 0.018 0.00199971) 1
(0.002 0.022 0.00199971) 2
(0.002 0.026 0.00199971) 2
(0.002 0.03 0.00199974) 3
(0.002 0.034 0.00199971) 3
(0.002 0.038 0.00199971) 3
(0.002 0.042 0.00199971) 4
(0.002 0.046 0.00199971) 4
(0.002 0.05 0.0019997) 4
(0.002 0.054 0.0019997) 5
(0.002 0.058 0.00199971) 5
(0.002 0.062 0.00199971) 6
(0.002 0.066 0.00199971) 6
(0.002 0.07 0.00199968) 350
(0.002 0.074 0.00199971) 350
(0.002 0.078 0.00199971) 350
(0.002 0.082 0.00199971) 400
(0.002 0.086 0.00199971) 400
(0.002 0.09 0.00199974) 400
(0.002 0.094 0.00199971) 401
(0.002 0.098 0.00199971) 401
(0.002 0.102 0.00199971) 402
(0.002 0.106 0.00199971) 402
(0.002 0.11 0.00199971) 403
(0.002 0.114 0.00199971) 403
(0.002 0.118 0.00199971) 403
(0.002 0.122 0.00199971) 404
(0.002 0.126 0.00199971) 404
(0.002 0.13 0.00199971) 405
(0.002 0.134 0.00199971) 405
(0.002 0.138 0.00199971) 405
(0.002 0.142 0.00199971) 406
(0.002 0.146 0.00199971) 406
(0.002 0.00199999 0.00599971) 0
(0.002 0.00599999 0.0059997) 0
(0.002 0.01 0.00599967) 1
(0.002 0.014 0.0059997) 1
(0.002 0.018 0.00599971) 1
(0.002 0.022 0.0059997) 2
(0.002 0.026 0.0059997) 2
(0.002 0.03 0.00599972) 2
(0.002 0.034 0.00599971) 3
(0.002 0.038 0.00599971) 3
(0.002 0.042 0.0059997) 4
(0.002 0.046 0.00599971) 4
(0.002 0.05 0.00599968) 4
(0.002 0.054 0.0059997) 5
(0.002 0.058 0.0059997) 5
(0.002 0.062 0.00599971) 6
(0.002 0.066 0.0059997) 6
(0.002 0.07 0.00599967) 350
(0.002 0.074 0.0059997) 350
(0.002 0.078 0.0059997) 350
(0.002 0.082 0.00599971) 400
(0.002 0.086 0.00599971) 400
(0.002 0.09 0.00599971) 400
(0.002 0.094 0.0059997) 401
(0.002 0.098 0.0059997) 401
(0.002 0.102 0.00599971) 402
(0.002 0.106 0.00599971) 402
(0.002 0.11 0.00599968) 403
(0.002 0.114 0.00599971) 403
(0.002 0.118 0.00599971) 403
(0.002 0.122 0.0059997) 404
(0.002 0.126 0.0059997) 404
(0.002 0.13 0.00599971) 405
(0.002 0.134 0.0059997) 405
(0.002 0.138 0.00599971) 405
(0.002 0.142 0.00599971) 406
(0.002 0.146 0.00599971) 406
(0.002 0.00199998 0.00999971) 0
(0.002 0.00600001 0.00999968) 0
(0.002 0.01 0.00999968) 1
(0.002 0.014 0.00999968) 1
(0.002 0.018 0.00999968) 1
(0.002 0.022 0.00999968) 2
(0.002 0.026 0.00999968) 2
(0.002 0.03 0.00999968) 3
(0.002 0.034 0.00999968) 3
(0.002 0.038 0.00999968) 3
(0.002 0.042 0.00999971) 4
(0.002 0.046 0.00999971) 4
(0.002 0.05 0.00999965) 4
(0.002 0.054 0.00999971) 5
(0.002 0.058 0.00999968) 5
(0.002 0.062 0.00999971) 6
(0.002 0.066 0.00999971) 6
(0.002 0.07 0.00999964) 6
(0.002 0.074 0.00999968) 350
(0.002 0.078 0.00999968) 350
(0.002 0.082 0.00999968) 400
(0.002 0.086 0.00999968) 400
(0.002 0.09 0.00999981) 400
(0.002 0.094 0.00999968) 401
(0.002 0.098 0.00999968) 401
(0.002 0.102 0.00999971) 402
(0.002 0.106 0.00999971) 402
(0.002 0.11 0.00999968) 402
(0.002 0.114 0.00999968) 403
(0.002 0.118 0.00999971) 403
(0.002 0.122 0.00999968) 404
(0.002 0.126 0.00999968) 404
(0.002 0.13 0.0099997) 405
(0.002 0.134 0.00999968) 405
(0.002 0.138 0.00999968) 405
(0.002 0.142 0.00999968) 406
(0.002 0.146 0.00999968) 406
(0.002 0.002 0.0139997) 0
(0.002 0.006 0.0139997) 0
(0.002 0.01 0.0139997) 1
(0.002 0.014 0.0139997) 1
(0.002 0.018 0.0139997) 1
(0.002 0.022 0.0139997) 2
(0.002 0.026 0.0139997) 2
(0.002 0.03 0.0139997) 3
(0.002 0.034 0.0139997) 3
(0.002 0.038 0.0139997) 3
(0.002 0.042 0.0139997) 4
(0.002 0.046 0.0139997) 4
(0.002 0.05 0.0139997) 4
(0.002 0.054 0.0139997) 5
(0.002 0.058 0.0139997) 5
(0.002 0.062 0.0139997) 6
(0.002 0.066 0.0139997) 6
(0.002 0.07 0.0139997) 350
(0.002 0.074 0.0139997) 350
(0.002 0.078 0.0139997) 350
(0.002 0.082 0.0139997) 400
(0.002 0.086 0.0139997) 400
(0.002 0.09 0.0139997) 400
(0.002 0.094 0.0139997) 401
(0.002 0.098 0.0139997) 401
(0.002 0.102 0.0139997) 402
(0.002 0.106 0.0139997) 402
(0.002 0.11 0.0139997) 402
(0.002 0.114 0.0139997) 403
(0.002 0.118 0.0139997) 403
(0.002 0.122 0.0139997) 404
(0.002 0.126 0.0139997) 404
(0.002 0.13 0.0139997) 405
(0.002 0.134 0.0139997) 405
(0.002 0.138 0.0139997) 405
(0.002 0.142 0.0139997) 406
(0.002 0.146 0.0139997) 406
(0.002 0.002 0.0179997) 0
(0.002 0.006 0.0179997) 0
(0.002 0.00999999 0.0179997) 0
(0.002 0.014 0.0179997) 1
(0.002 0.018 0.0179997) 1
(0.002 0.022 0.0179997) 2
(0.002 0.026 0.0179997) 2
(0.002 0.03 0.0179997) 3
(0.002 0.034 0.0179997) 3
(0.002 0.038 0.0179997) 3
(0.002 0.042 0.0179997) 4
(0.002 0.046 0.0179997) 4
(0.002 0.05 0.0179997) 4
(0.002 0.054 0.0179997) 5
(0.002 0.058 0.0179997) 5
(0.002 0.062 0.0179997) 6
(0.002 0.066 0.0179997) 6
(0.002 0.07 0.0179996) 350
(0.002 0.074 0.0179997) 350
(0.002 0.078 0.0179997) 350
(0.002 0.082 0.0179997) 400
(0.002 0.086 0.0179997) 400
(0.002 0.09 0.0179997) 400
(0.002 0.094 0.0179997) 401
(0.002 0.098 0.0179997) 401
(0.002 0.102 0.0179997) 402
(0.002 0.106 0.0179997) 402
(0.002 0.11 0.0179997) 402
(0.002 0.114 0.0179997) 403
(0.002 0.118 0.0179997) 403
(0.002 0.122 0.0179997) 404
(0.002 0.126 0.0179997) 404
(0.002 0.13 0.0179997) 405
(0.002 0.134 0.0179997) 405
(0.002 0.138 0.0179997) 405
(0.002 0.142 0.0179997) 406
(0.002 0.146 0.0179997) 406
(0.002 0.002 0.0219997) 7
(0.002 0.006 0.0219997) 7
(0.002 0.01 0.0219997) 7
(0.002 0.014 0.0219997) 8
(0.002 0.018 0.0219997) 8
(0.002 0.022 0.0219997) 9
(0.002 0.026 0.0219997) 9
(0.002 0.03 0.0219997) 9
(0.002 0.034 0.0219997) 10
(0.002 0.038 0.0219997) 10
(0.002 0.042 0.0219997) 11
(0.002 0.046 0.0219997) 11
(0.002 0.05 0.0219997) 11
(0.002 0.054 0.0219997) 12
(0.002 0.058 0.0219997) 12
(0.002 0.062 0.0219997) 13
(0.002 0.066 0.0219997) 13
(0.002 0.07 0.0219997) 351
(0.002 0.074 0.0219997) 351
(0.002 0.078 0.0219997) 351
(0.002 0.082 0.0219997) 407
(0.002 0.086 0.0219997) 407
(0.002 0.09 0.0219997) 407
(0.002 0.094 0.0219997) 408
(0.002 0.098 0.0219997) 408
(0.002 0.102 0.0219997) 409
(0.002 0.106 0.0219997) 409
(0.002 0.11 0.0219997) 410
(0.002 0.114 0.0219997) 410
(0.002 0.118 0.0219997) 410
(0.002 0.122 0.0219997) 411
(0.002 0.126 0.0219997) 411
(0.002 0.13 0.0219997) 412
(0.002 0.134 0.0219997) 412
(0.002 0.138 0.0219997) 412
(0.002 0.142 0.0219997) 413
(0.002 0.146 0.0219997) 413
(0.002 0.002 0.0259997) 7
(0.002 0.006 0.0259997) 7
(0.002 0.01 0.0259997) 8
(0.002 0.014 0.0259997) 8
(0.002 0.018 0.0259997) 8
(0.002 0.022 0.0259997) 9
(0.002 0.026 0.0259997) 9
(0.002 0.03 0.0259997) 10
(0.002 0.034 0.0259997) 10
(0.002 0.038 0.0259997) 10
(0.002 0.042 0.0259997) 11
(0.002 0.046 0.0259997) 11
(0.002 0.05 0.0259997) 11
(0.002 0.054 0.0259997) 12
(0.002 0.058 0.0259997) 12
(0.002 0.062 0.0259997) 13
(0.002 0.066 0.0259997) 13
(0.002 0.07 0.0259997) 13
(0.002 0.074 0.0259997) 351
(0.002 0.078 0.0259997) 351
(0.002 0.082 0.0259997) 407
(0.002 0.086 0.0259997) 407
(0.002 0.09 0.0259998) 408
(0.002 0.094 0.0259997) 408
(0.002 0.098 0.0259997) 408
(0.002 0.102 0.0259997) 409
(0.002 0.106 0.0259997) 409
(0.002 0.11 0.0259997) 410
(0.002 0.114 0.0259997) 410
(0.002 0.118 0.0259997) 410
(0.002 0.122 0.0259997) 411
(0.002 0.126 0.0259997) 411
(0.002 0.13 0.0259997) 411
(0.002 0.134 0.0259997) 412
(0.002 0.138 0.0259997) 412
(0.002 0.142 0.0259997) 413
(0.002 0.146 0.0259997) 413
(0.002 0.00199999 0.0299997) 7
(0.002 0.00600002 0.0299997) 7
(0.002 0.00999997 0.0299997) 7
(0.002 0.014 0.0299997) 8
(0.002 0.018 0.0299997) 8
(0.002 0.022 0.0299997) 9
(0.002 0.026 0.0299997) 9
(0.002 0.03 0.0299997) 9
(0.002 0.034 0.0299997) 10
(0.002 0.038 0.0299997) 10
(0.002 0.042 0.0299997) 11
(0.002 0.046 0.0299997) 11
(0.002 0.05 0.0299996) 11
(0.002 0.054 0.0299997) 12
(0.002 0.058 0.0299997) 12
(0.002 0.062 0.0299997) 13
(0.002 0.066 0.0299997) 13
(0.002 0.07 0.0299997) 351
(0.002 0.074 0.0299997) 351
(0.002 0.078 0.0299997) 351
(0.002 0.082 0.0299997) 407
(0.002 0.086 0.0299997) 407
(0.002 0.09 0.0299997) 407
(0.002 0.094 0.0299997) 408
(0.002 0.098 0.0299997) 408
(0.002 0.102 0.0299997) 409
(0.002 0.106 0.0299997) 409
(0.002 0.11 0.0299998) 410
(0.002 0.114 0.0299997) 410
(0.002 0.118 0.0299997) 410
(0.002 0.122 0.0299997) 411
(0.002 0.126 0.0299997) 411
(0.002 0.13 0.0299997) 412
(0.002 0.134 0.0299997) 412
(0.002 0.138 0.0299997) 412
(0.002 0.142 0.0299997) 413
(0.002 0.146 0.0299997) 413
(0.002 0.002 0.0339997) 7
(0.002 0.006 0.0339997) 7
(0.002 0.01 0.0339997) 7
(0.002 0.014 0.0339997) 8
(0.002 0.018 0.0339997) 8
(0.002 0.022 0.0339997) 9
(0.002 0.026 0.0339997) 9
(0.002 0.03 0.0339997) 9
(0.002 0.034 0.0339997) 10
(0.002 0.038 0.0339997) 10
(0.002 0.042 0.0339997) 11
(0.002 0.046 0.0339997) 11
(0.002 0.05 0.0339997) 11
(0.002 0.054 0.0339997) 12
(0.002 0.058 0.0339997) 12
(0.002 0.062 0.0339997) 13
(0.002 0.066 0.0339997) 13
(0.002 0.07 0.0339997) 351
(0.002 0.074 0.0339997) 351
(0.002 0.078 0.0339997) 351
(0.002 0.082 0.0339997) 407
(0.002 0.086 0.0339997) 407
(0.002 0.09 0.0339997) 407
(0.002 0.094 0.0339997) 408
(0.002 0.098 0.0339997) 408
(0.002 0.102 0.0339997) 409
(0.002 0.106 0.0339997) 409
(0.002 0.11 0.0339997) 410
(0.002 0.114 0.0339997) 410
(0.002 0.118 0.0339997) 410
(0.002 0.122 0.0339997) 411
(0.002 0.126 0.0339997) 411
(0.002 0.13 0.0339997) 412
(0.002 0.134 0.0339997) 412
(0.002 0.138 0.0339997) 412
(0.002 0.142 0.0339997) 413
(0.002 0.146 0.0339997) 413
(0.002 0.002 0.0379997) 7
(0.002 0.006 0.0379997) 7
(0.002 0.00999999 0.0379997) 7
(0.002 0.014 0.0379997) 8
(0.002 0.018 0.0379997) 8
(0.002 0.022 0.0379997) 9
(0.002 0.026 0.0379997) 9
(0.002 0.03 0.0379997) 9
(0.002 0.034 0.0379997) 10
(0.002 0.038 0.0379997) 10
(0.002 0.042 0.0379997) 11
(0.002 0.046 0.0379997) 11
(0.002 0.05 0.0379997) 11
(0.002 0.054 0.0379997) 12
(0.002 0.058 0.0379997) 12
(0.002 0.062 0.0379997) 13
(0.002 0.066 0.0379997) 13
(0.002 0.07 0.0379997) 351
(0.002 0.074 0.0379997) 351
(0.002 0.078 0.0379997) 351
(0.002 0.082 0.0379997) 407
(0.002 0.086 0.0379997) 407
(0.002 0.09 0.0379997) 407
(0.002 0.094 0.0379997) 408
(0.002 0.098 0.0379997) 408
(0.002 0.102 0.0379997) 409
(0.002 0.106 0.0379997) 409
(0.002 0.11 0.0379997) 410
(0.002 0.114 0.0379997) 410
(0.002 0.118 0.0379997) 410
(0.002 0.122 0.0379997) 411
(0.002 0.126 0.0379997) 411
(0.002 0.13 0.0379997) 412
(0.002 0.134 0.0379997) 412
(0.002 0.138 0.0379997) 412
(0.002 0.142 0.0379997) 413
(0.002 0.146 0.0379997) 413
(0.002 0.00199999 0.0419997) 14
(0.002 0.00599999 0.0419997) 14
(0.002 0.01 0.0419997) 15
(0.002 0.014 0.0419997) 15
(0.002 0.018 0.0419997) 15
(0.002 0.022 0.0419997) 16
(0.002 0.026 0.0419997) 16
(0.002 0.03 0.0419998) 17
(0.002 0.034 0.0419997) 17
(0.002 0.038 0.0419997) 17
(0.002 0.042 0.0419997) 18
(0.002 0.046 0.0419997) 18
(0.002 0.05 0.0419997) 18
(0.002 0.054 0.0419997) 19
(0.002 0.058 0.0419997) 19
(0.002 0.062 0.0419997) 20
(0.002 0.066 0.0419997) 20
(0.002 0.07 0.0419997) 352
(0.002 0.074 0.0419997) 352
(0.002 0.078 0.0419997) 352
(0.002 0.082 0.0419997) 414
(0.002 0.086 0.0419997) 414
(0.002 0.09 0.0419997) 414
(0.002 0.094 0.0419997) 415
(0.002 0.098 0.0419997) 415
(0.002 0.102 0.0419997) 416
(0.002 0.106 0.0419997) 416
(0.002 0.11 0.0419997) 417
(0.002 0.114 0.0419997) 417
(0.002 0.118 0.0419997) 417
(0.002 0.122 0.0419997) 418
(0.002 0.126 0.0419997) 418
(0.002 0.13 0.0419997) 419
(0.002 0.134 0.0419997) 419
(0.002 0.138 0.0419997) 419
(0.002 0.142 0.0419997) 420
(0.002 0.146 0.0419997) 420
(0.002 0.00199999 0.0459997) 14
(0.002 0.00599999 0.0459997) 14
(0.002 0.01 0.0459998) 15
(0.002 0.014 0.0459997) 15
(0.002 0.018 0.0459997) 15
(0.002 0.022 0.0459997) 16
(0.002 0.026 0.0459997) 16
(0.002 0.03 0.0459997) 17
(0.002 0.034 0.0459997) 17
(0.002 0.038 0.0459997) 17
(0.002 0.042 0.0459997) 18
(0.002 0.046 0.0459997) 18
(0.002 0.05 0.0459997) 19
(0.002 0.054 0.0459997) 19
(0.002 0.058 0.0459997) 19
(0.002 0.062 0.0459997) 20
(0.002 0.066 0.0459997) 20
(0.002 0.07 0.0459997) 352
(0.002 0.074 0.0459997) 352
(0.002 0.078 0.0459997) 352
(0.002 0.082 0.0459997) 414
(0.002 0.086 0.0459997) 414
(0.002 0.09 0.0459997) 414
(0.002 0.094 0.0459997) 415
(0.002 0.098 0.0459997) 415
(0.002 0.102 0.0459997) 416
(0.002 0.106 0.0459997) 416
(0.002 0.11 0.0459997) 417
(0.002 0.114 0.0459997) 417
(0.002 0.118 0.0459997) 417
(0.002 0.122 0.0459997) 418
(0.002 0.126 0.0459997) 418
(0.002 0.13 0.0459997) 419
(0.002 0.134 0.0459997) 419
(0.002 0.138 0.0459997) 419
(0.002 0.142 0.0459997) 420
(0.002 0.146 0.0459997) 420
(0.002 0.00200001 0.0499997) 14
(0.002 0.00600001 0.0499997) 14
(0.002 0.01 0.0499997) 15
(0.002 0.014 0.0499997) 15
(0.002 0.018 0.0499997) 15
(0.002 0.022 0.0499997) 16
(0.002 0.026 0.0499997) 16
(0.002 0.03 0.0499998) 17
(0.002 0.034 0.0499997) 17
(0.002 0.038 0.0499997) 17
(0.002 0.042 0.0499997) 18
(0.002 0.046 0.0499997) 18
(0.002 0.05 0.0499997) 19
(0.002 0.054 0.0499997) 19
(0.002 0.058 0.0499997) 19
(0.002 0.062 0.0499997) 20
(0.002 0.066 0.0499997) 20
(0.002 0.07 0.0499997) 20
(0.002 0.074 0.0499997) 352
(0.002 0.078 0.0499997) 352
(0.002 0.082 0.0499997) 414
(0.002 0.086 0.0499997) 414
(0.002 0.09 0.0499997) 414
(0.002 0.094 0.0499997) 415
(0.002 0.098 0.0499997) 415
(0.002 0.102 0.0499997) 416
(0.002 0.106 0.0499997) 416
(0.002 0.11 0.0499997) 417
(0.002 0.114 0.0499997) 417
(0.002 0.118 0.0499997) 417
(0.002 0.122 0.0499997) 418
(0.002 0.126 0.0499997) 418
(0.002 0.13 0.0499997) 418
(0.002 0.134 0.0499997) 419
(0.002 0.138 0.0499997) 419
(0.002 0.142 0.0499997) 420
(0.002 0.146 0.0499997) 420
(0.002 0.002 0.0539997) 14
(0.002 0.006 0.0539997) 14
(0.002 0.01 0.0539997) 15
(0.002 0.014 0.0539997) 15
(0.002 0.018 0.0539997) 15
(0.002 0.022 0.0539997) 16
(0.002 0.026 0.0539997) 16
(0.002 0.03 0.0539997) 16
(0.002 0.034 0.0539997) 17
(0.002 0.038 0.0539997) 17
(0.002 0.042 0.0539997) 18
(0.002 0.046 0.0539997) 18
(0.002 0.05 0.0539997) 19
(0.002 0.054 0.0539997) 19
(0.002 0.058 0.0539997) 19
(0.002 0.062 0.0539997) 20
(0.002 0.066 0.0539997) 20
(0.002 0.07 0.0539997) 352
(0.002 0.074 0.0539997) 352
(0.002 0.078 0.0539997) 352
(0.002 0.082 0.0539997) 414
(0.002 0.086 0.0539997) 414
(0.002 0.09 0.0539997) 414
(0.002 0.094 0.0539997) 415
(0.002 0.098 0.0539997) 415
(0.002 0.102 0.0539997) 416
(0.002 0.106 0.0539997) 416
(0.002 0.11 0.0539997) 417
(0.002 0.114 0.0539997) 417
(0.002 0.118 0.0539997) 417
(0.002 0.122 0.0539997) 418
(0.002 0.126 0.0539997) 418
(0.002 0.13 0.0539997) 418
(0.002 0.134 0.0539997) 419
(0.002 0.138 0.0539997) 419
(0.002 0.142 0.0539997) 420
(0.002 0.146 0.0539997) 420
(0.002 0.002 0.0579997) 14
(0.002 0.006 0.0579997) 14
(0.002 0.01 0.0579997) 15
(0.002 0.014 0.0579997) 15
(0.002 0.018 0.0579997) 15
(0.002 0.022 0.0579997) 16
(0.002 0.026 0.0579997) 16
(0.002 0.03 0.0579997) 16
(0.002 0.034 0.0579997) 17
(0.002 0.038 0.0579997) 17
(0.002 0.042 0.0579997) 18
(0.002 0.046 0.0579997) 18
(0.002 0.05 0.0579997) 19
(0.002 0.054 0.0579997) 19
(0.002 0.058 0.0579997) 19
(0.002 0.062 0.0579997) 20
(0.002 0.066 0.0579997) 20
(0.002 0.07 0.0579997) 352
(0.002 0.074 0.0579997) 352
(0.002 0.078 0.0579997) 352
(0.002 0.082 0.0579997) 414
(0.002 0.086 0.0579997) 414
(0.002 0.09 0.0579997) 414
(0.002 0.094 0.0579997) 415
(0.002 0.098 0.0579997) 415
(0.002 0.102 0.0579997) 416
(0.002 0.106 0.0579997) 416
(0.002 0.11 0.0579997) 417
(0.002 0.114 0.0579997) 417
(0.002 0.118 0.0579997) 417
(0.002 0.122 0.0579997) 418
(0.002 0.126 0.0579997) 418
(0.002 0.13 0.0579997) 418
(0.002 0.134 0.0579997) 419
(0.002 0.138 0.0579997) 419
(0.002 0.142 0.0579997) 420
(0.002 0.146 0.0579997) 420
(0.002 0.002 0.0619997) 21
(0.002 0.006 0.0619997) 21
(0.002 0.01 0.0619997) 22
(0.002 0.014 0.0619997) 22
(0.002 0.018 0.0619997) 22
(0.002 0.022 0.0619997) 23
(0.002 0.026 0.0619997) 23
(0.002 0.03 0.0619997) 23
(0.002 0.034 0.0619997) 24
(0.002 0.038 0.0619997) 24
(0.002 0.042 0.0619997) 25
(0.002 0.046 0.0619997) 25
(0.002 0.05 0.0619997) 26
(0.002 0.054 0.0619997) 26
(0.002 0.058 0.0619997) 26
(0.002 0.062 0.0619997) 27
(0.002 0.066 0.0619997) 27
(0.002 0.07 0.0619997) 27
(0.002 0.074 0.0619997) 353
(0.002 0.078 0.0619997) 353
(0.002 0.082 0.0619997) 421
(0.002 0.086 0.0619997) 421
(0.002 0.09 0.0619997) 421
(0.002 0.094 0.0619997) 422
(0.002 0.098 0.0619997) 422
(0.002 0.102 0.0619997) 423
(0.002 0.106 0.0619997) 423
(0.002 0.11 0.0619997) 424
(0.002 0.114 0.0619997) 424
(0.002 0.118 0.0619997) 424
(0.002 0.122 0.0619997) 425
(0.002 0.126 0.0619997) 425
(0.002 0.13 0.0619997) 425
(0.002 0.134 0.0619997) 426
(0.002 0.138 0.0619997) 426
(0.002 0.142 0.0619997) 427
(0.002 0.146 0.0619997) 427
(0.002 0.00199999 0.0659997) 21
(0.002 0.00599999 0.0659997) 21
(0.002 0.01 0.0659997) 22
(0.002 0.014 0.0659997) 22
(0.002 0.018 0.0659997) 22
(0.002 0.022 0.0659997) 23
(0.002 0.026 0.0659997) 23
(0.002 0.03 0.0659997) 24
(0.002 0.034 0.0659997) 24
(0.002 0.038 0.0659997) 24
(0.002 0.042 0.0659997) 25
(0.002 0.046 0.0659997) 25
(0.002 0.05 0.0659997) 26
(0.002 0.054 0.0659997) 26
(0.002 0.058 0.0659997) 26
(0.002 0.062 0.0659997) 27
(0.002 0.066 0.0659997) 27
(0.002 0.07 0.0659997) 27
(0.002 0.074 0.0659997) 353
(0.002 0.078 0.0659997) 353
(0.002 0.082 0.0659997) 421
(0.002 0.086 0.0659997) 421
(0.002 0.09 0.0659997) 421
(0.002 0.094 0.0659997) 422
(0.002 0.098 0.0659997) 422
(0.002 0.102 0.0659997) 423
(0.002 0.106 0.0659997) 423
(0.002 0.11 0.0659997) 424
(0.002 0.114 0.0659997) 424
(0.002 0.118 0.0659997) 424
(0.002 0.122 0.0659997) 425
(0.002 0.126 0.0659997) 425
(0.002 0.13 0.0659997) 425
(0.002 0.134 0.0659997) 426
(0.002 0.138 0.0659997) 426
(0.002 0.142 0.0659997) 427
(0.002 0.146 0.0659997) 427
(0.002 0.00199999 0.0699997) 21
(0.002 0.00600001 0.0699997) 21
(0.002 0.01 0.0699997) 22
(0.002 0.014 0.0699997) 22
(0.002 0.018 0.0699997) 22
(0.002 0.022 0.0699997) 23
(0.002 0.026 0.0699997) 23
(0.002 0.03 0.0699997) 24
(0.002 0.034 0.0699997) 24
(0.002 0.038 0.0699997) 24
(0.002 0.042 0.0699997) 25
(0.002 0.046 0.0699997) 25
(0.002 0.05 0.0699997) 26
(0.002 0.054 0.0699997) 26
(0.002 0.058 0.0699997) 26
(0.002 0.062 0.0699997) 27
(0.002 0.066 0.0699997) 27
(0.002 0.07 0.0699997) 27
(0.002 0.074 0.0699997) 353
(0.002 0.078 0.0699997) 353
(0.002 0.082 0.0699997) 421
(0.002 0.086 0.0699997) 421
(0.002 0.09 0.0699997) 421
(0.002 0.094 0.0699997) 422
(0.002 0.098 0.0699997) 422
(0.002 0.102 0.0699997) 423
(0.002 0.106 0.0699997) 423
(0.002 0.11 0.0699997) 424
(0.002 0.114 0.0699997) 424
(0.002 0.118 0.0699997) 424
(0.002 0.122 0.0699997) 425
(0.002 0.126 0.0699997) 425
(0.002 0.13 0.0699997) 425
(0.002 0.134 0.0699997) 426
(0.002 0.138 0.0699997) 426
(0.002 0.142 0.0699997) 427
(0.002 0.146 0.0699997) 427
(0.002 0.002 0.0739997) 21
(0.002 0.006 0.0739997) 21
(0.002 0.01 0.0739997) 21
(0.002 0.014 0.0739997) 22
(0.002 0.018 0.0739997) 22
(0.002 0.022 0.0739997) 23
(0.002 0.026 0.0739997) 23
(0.002 0.03 0.0739997) 24
(0.002 0.034 0.0739997) 24
(0.002 0.038 0.0739997) 24
(0.002 0.042 0.0739997) 25
(0.002 0.046 0.0739997) 25
(0.002 0.05 0.0739997) 25
(0.002 0.054 0.0739997) 26
(0.002 0.058 0.0739997) 26
(0.002 0.062 0.0739997) 27
(0.002 0.066 0.0739997) 27
(0.002 0.07 0.0739997) 27
(0.002 0.074 0.0739997) 353
(0.002 0.078 0.0739997) 353
(0.002 0.082 0.0739997) 421
(0.002 0.086 0.0739997) 421
(0.002 0.09 0.0739997) 421
(0.002 0.094 0.0739997) 422
(0.002 0.098 0.0739997) 422
(0.002 0.102 0.0739997) 423
(0.002 0.106 0.0739997) 423
(0.002 0.11 0.0739997) 424
(0.002 0.114 0.0739997) 424
(0.002 0.118 0.0739997) 424
(0.002 0.122 0.0739997) 425
(0.002 0.126 0.0739997) 425
(0.002 0.13 0.0739997) 425
(0.002 0.134 0.0739997) 426
(0.002 0.138 0.0739997) 426
(0.002 0.142 0.0739997) 427
(0.002 0.146 0.0739997) 427
(0.002 0.002 0.0779997) 21
(0.002 0.006 0.0779997) 21
(0.002 0.01 0.0779997) 21
(0.002 0.014 0.0779997) 22
(0.002 0.018 0.0779997) 22
(0.002 0.022 0.0779997) 23
(0.002 0.026 0.0779997) 23
(0.002 0.03 0.0779997) 24
(0.002 0.034 0.0779997) 24
(0.002 0.038 0.0779997) 24
(0.002 0.042 0.0779997) 25
(0.002 0.046 0.0779997) 25
(0.002 0.05 0.0779997) 25
(0.002 0.054 0.0779997) 26
(0.002 0.058 0.0779997) 26
(0.002 0.062 0.0779997) 27
(0.002 0.066 0.0779997) 27
(0.002 0.07 0.0779997) 27
(0.002 0.074 0.0779997) 353
(0.002 0.078 0.0779997) 353
(0.002 0.082 0.0779997) 421
(0.002 0.086 0.0779997) 421
(0.002 0.09 0.0779997) 422
(0.002 0.094 0.0779997) 422
(0.002 0.098 0.0779997) 422
(0.002 0.102 0.0779997) 423
(0.002 0.106 0.0779997) 423
(0.002 0.11 0.0779997) 424
(0.002 0.114 0.0779997) 424
(0.002 0.118 0.0779997) 424
(0.002 0.122 0.0779997) 425
(0.002 0.126 0.0779997) 425
(0.002 0.13 0.0779997) 425
(0.002 0.134 0.0779997) 426
(0.002 0.138 0.0779997) 426
(0.002 0.142 0.0779997) 427
(0.002 0.146 0.0779997) 427
(0.002 0.002 0.0819997) 28
(0.002 0.006 0.0819997) 28
(0.002 0.01 0.0819997) 28
(0.002 0.014 0.0819997) 29
(0.002 0.018 0.0819997) 29
(0.002 0.022 0.0819997) 30
(0.002 0.026 0.0819997) 30
(0.002 0.03 0.0819997) 31
(0.002 0.034 0.0819997) 31
(0.002 0.038 0.0819997) 31
(0.002 0.042 0.0819997) 32
(0.002 0.046 0.0819997) 32
(0.002 0.05 0.0819997) 33
(0.002 0.054 0.0819997) 33
(0.002 0.058 0.0819997) 33
(0.002 0.062 0.0819997) 34
(0.002 0.066 0.0819997) 34
(0.002 0.07 0.0819997) 34
(0.002 0.074 0.0819997) 354
(0.002 0.078 0.0819997) 354
(0.002 0.082 0.0819997) 428
(0.002 0.086 0.0819997) 428
(0.002 0.09 0.0819997) 429
(0.002 0.094 0.0819997) 429
(0.002 0.098 0.0819997) 429
(0.002 0.102 0.0819997) 430
(0.002 0.106 0.0819997) 430
(0.002 0.11 0.0819997) 431
(0.002 0.114 0.0819997) 431
(0.002 0.118 0.0819997) 431
(0.002 0.122 0.0819997) 432
(0.002 0.126 0.0819997) 432
(0.002 0.13 0.0819997) 432
(0.002 0.134 0.0819997) 433
(0.002 0.138 0.0819997) 433
(0.002 0.142 0.0819997) 434
(0.002 0.146 0.0819997) 434
(0.002 0.002 0.0859997) 28
(0.002 0.00599999 0.0859997) 28
(0.002 0.01 0.0859997) 28
(0.002 0.014 0.0859997) 29
(0.002 0.018 0.0859997) 29
(0.002 0.022 0.0859997) 30
(0.002 0.026 0.0859997) 30
(0.002 0.03 0.0859997) 30
(0.002 0.034 0.0859997) 31
(0.002 0.038 0.0859997) 31
(0.002 0.042 0.0859997) 32
(0.002 0.046 0.0859997) 32
(0.002 0.05 0.0859997) 32
(0.002 0.054 0.0859997) 33
(0.002 0.058 0.0859997) 33
(0.002 0.062 0.0859997) 34
(0.002 0.066 0.0859997) 34
(0.002 0.07 0.0859997) 34
(0.002 0.074 0.0859997) 354
(0.002 0.078 0.0859997) 354
(0.002 0.082 0.0859997) 428
(0.002 0.086 0.0859997) 428
(0.002 0.09 0.0859997) 429
(0.002 0.094 0.0859997) 429
(0.002 0.098 0.0859997) 429
(0.002 0.102 0.0859997) 430
(0.002 0.106 0.0859997) 430
(0.002 0.11 0.0859997) 430
(0.002 0.114 0.0859997) 431
(0.002 0.118 0.0859997) 431
(0.002 0.122 0.0859997) 432
(0.002 0.126 0.0859997) 432
(0.002 0.13 0.0859997) 433
(0.002 0.134 0.0859997) 433
(0.002 0.138 0.0859997) 433
(0.002 0.142 0.0859997) 434
(0.002 0.146 0.0859997) 434
(0.002 0.002 0.0899997) 28
(0.002 0.00600001 0.0899997) 28
(0.002 0.01 0.0899997) 29
(0.002 0.014 0.0899997) 29
(0.002 0.018 0.0899997) 29
(0.002 0.022 0.0899997) 30
(0.002 0.026 0.0899997) 30
(0.002 0.03 0.0899997) 31
(0.002 0.034 0.0899997) 31
(0.002 0.038 0.0899997) 31
(0.002 0.042 0.0899997) 32
(0.002 0.046 0.0899997) 32
(0.002 0.05 0.0899997) 33
(0.002 0.054 0.0899997) 33
(0.002 0.058 0.0899997) 33
(0.002 0.062 0.0899997) 34
(0.002 0.066 0.0899997) 34
(0.002 0.07 0.0899997) 354
(0.002 0.074 0.0899997) 354
(0.002 0.078 0.0899997) 354
(0.002 0.082 0.0899997) 428
(0.002 0.086 0.0899997) 428
(0.002 0.09 0.0899997) 428
(0.002 0.094 0.0899997) 429
(0.002 0.098 0.0899997) 429
(0.002 0.102 0.0899997) 430
(0.002 0.106 0.0899997) 430
(0.002 0.11 0.0899997) 431
(0.002 0.114 0.0899997) 431
(0.002 0.118 0.0899997) 431
(0.002 0.122 0.0899997) 432
(0.002 0.126 0.0899997) 432
(0.002 0.13 0.0899997) 432
(0.002 0.134 0.0899997) 433
(0.002 0.138 0.0899997) 433
(0.002 0.142 0.0899997) 434
(0.002 0.146 0.0899997) 434
(0.002 0.002 0.0939997) 28
(0.002 0.00599999 0.0939997) 28
(0.002 0.01 0.0939997) 29
(0.002 0.014 0.0939997) 29
(0.002 0.018 0.0939997) 29
(0.002 0.022 0.0939997) 30
(0.002 0.026 0.0939997) 30
(0.002 0.03 0.0939997) 30
(0.002 0.034 0.0939997) 31
(0.002 0.038 0.0939997) 31
(0.002 0.042 0.0939997) 32
(0.002 0.046 0.0939997) 32
(0.002 0.05 0.0939997) 32
(0.002 0.054 0.0939997) 33
(0.002 0.058 0.0939997) 33
(0.002 0.062 0.0939997) 34
(0.002 0.066 0.0939997) 34
(0.002 0.07 0.0939997) 354
(0.002 0.074 0.0939997) 354
(0.002 0.078 0.0939997) 354
(0.002 0.082 0.0939997) 428
(0.002 0.086 0.0939997) 428
(0.002 0.09 0.0939996) 429
(0.002 0.094 0.0939997) 429
(0.002 0.098 0.0939997) 429
(0.002 0.102 0.0939997) 430
(0.002 0.106 0.0939997) 430
(0.002 0.11 0.0939998) 431
(0.002 0.114 0.0939997) 431
(0.002 0.118 0.0939997) 431
(0.002 0.122 0.0939997) 432
(0.002 0.126 0.0939997) 432
(0.002 0.13 0.0939997) 432
(0.002 0.134 0.0939997) 433
(0.002 0.138 0.0939997) 433
(0.002 0.142 0.0939997) 434
(0.002 0.146 0.0939997) 434
(0.002 0.002 0.0979997) 28
(0.002 0.00599999 0.0979997) 28
(0.002 0.01 0.0979997) 29
(0.002 0.014 0.0979997) 29
(0.002 0.018 0.0979997) 29
(0.002 0.022 0.0979997) 30
(0.002 0.026 0.0979997) 30
(0.002 0.03 0.0979997) 30
(0.002 0.034 0.0979997) 31
(0.002 0.038 0.0979997) 31
(0.002 0.042 0.0979997) 32
(0.002 0.046 0.0979997) 32
(0.002 0.05 0.0979997) 32
(0.002 0.054 0.0979997) 33
(0.002 0.058 0.0979997) 33
(0.002 0.062 0.0979997) 34
(0.002 0.066 0.0979997) 34
(0.002 0.07 0.0979997) 354
(0.002 0.074 0.0979997) 354
(0.002 0.078 0.0979997) 354
(0.002 0.082 0.0979997) 428
(0.002 0.086 0.0979997) 428
(0.002 0.09 0.0979997) 428
(0.002 0.094 0.0979997) 429
(0.002 0.098 0.0979997) 429
(0.002 0.102 0.0979997) 430
(0.002 0.106 0.0979997) 430
(0.002 0.11 0.0979997) 430
(0.002 0.114 0.0979997) 431
(0.002 0.118 0.0979997) 431
(0.002 0.122 0.0979997) 432
(0.002 0.126 0.0979997) 432
(0.002 0.13 0.0979997) 432
(0.002 0.134 0.0979997) 433
(0.002 0.138 0.0979997) 433
(0.002 0.142 0.0979997) 434
(0.002 0.146 0.0979997) 434
(0.002 0.002 0.102) 35
(0.002 0.006 0.102) 35
(0.002 0.01 0.102) 35
(0.002 0.014 0.102) 36
(0.002 0.018 0.102) 36
(0.002 0.022 0.102) 37
(0.002 0.026 0.102) 37
(0.002 0.03 0.102) 38
(0.002 0.034 0.102) 38
(0.002 0.038 0.102) 38
(0.002 0.042 0.102) 39
(0.002 0.046 0.102) 39
(0.002 0.05 0.102) 40
(0.002 0.054 0.102) 40
(0.002 0.058 0.102) 40
(0.002 0.062 0.102) 41
(0.002 0.066 0.102) 41
(0.002 0.07 0.102) 41
(0.002 0.074 0.102) 355
(0.002 0.078 0.102) 355
(0.002 0.082 0.102) 435
(0.002 0.086 0.102) 435
(0.002 0.09 0.102) 436
(0.002 0.094 0.102) 436
(0.002 0.098 0.102) 436
(0.002 0.102 0.102) 437
(0.002 0.106 0.102) 437
(0.002 0.11 0.102) 438
(0.002 0.114 0.102) 438
(0.002 0.118 0.102) 438
(0.002 0.122 0.102) 439
(0.002 0.126 0.102) 439
(0.002 0.13 0.102) 439
(0.002 0.134 0.102) 440
(0.002 0.138 0.102) 440
(0.002 0.142 0.102) 441
(0.002 0.146 0.102) 441
(0.002 0.002 0.106) 35
(0.002 0.006 0.106) 35
(0.002 0.01 0.106) 36
(0.002 0.014 0.106) 36
(0.002 0.018 0.106) 36
(0.002 0.022 0.106) 37
(0.002 0.026 0.106) 37
(0.002 0.03 0.106) 38
(0.002 0.034 0.106) 38
(0.002 0.038 0.106) 38
(0.002 0.042 0.106) 39
(0.002 0.046 0.106) 39
(0.002 0.05 0.106) 39
(0.002 0.054 0.106) 40
(0.002 0.058 0.106) 40
(0.002 0.062 0.106) 41
(0.002 0.066 0.106) 41
(0.002 0.07 0.106) 355
(0.002 0.074 0.106) 355
(0.002 0.078 0.106) 355
(0.002 0.082 0.106) 435
(0.002 0.086 0.106) 435
(0.002 0.09 0.106) 436
(0.002 0.094 0.106) 436
(0.002 0.098 0.106) 436
(0.002 0.102 0.106) 437
(0.002 0.106 0.106) 437
(0.002 0.11 0.106) 438
(0.002 0.114 0.106) 438
(0.002 0.118 0.106) 438
(0.002 0.122 0.106) 439
(0.002 0.126 0.106) 439
(0.002 0.13 0.106) 440
(0.002 0.134 0.106) 440
(0.002 0.138 0.106) 440
(0.002 0.142 0.106) 441
(0.002 0.146 0.106) 441
(0.002 0.00199999 0.11) 35
(0.002 0.00600002 0.11) 35
(0.002 0.00999997 0.11) 35
(0.002 0.014 0.11) 36
(0.002 0.018 0.11) 36
(0.002 0.022 0.11) 37
(0.002 0.026 0.11) 37
(0.002 0.03 0.11) 38
(0.002 0.034 0.11) 38
(0.002 0.038 0.11) 38
(0.002 0.042 0.11) 39
(0.002 0.046 0.11) 39
(0.002 0.05 0.11) 40
(0.002 0.054 0.11) 40
(0.002 0.058 0.11) 40
(0.002 0.062 0.11) 41
(0.002 0.066 0.11) 41
(0.002 0.07 0.11) 41
(0.002 0.074 0.11) 355
(0.002 0.078 0.11) 355
(0.002 0.082 0.11) 435
(0.002 0.086 0.11) 435
(0.002 0.09 0.11) 435
(0.002 0.094 0.11) 436
(0.002 0.098 0.11) 436
(0.002 0.102 0.11) 437
(0.002 0.106 0.11) 437
(0.002 0.11 0.11) 437
(0.002 0.114 0.11) 438
(0.002 0.118 0.11) 438
(0.002 0.122 0.11) 439
(0.002 0.126 0.11) 439
(0.002 0.13 0.11) 439
(0.002 0.134 0.11) 440
(0.002 0.138 0.11) 440
(0.002 0.142 0.11) 441
(0.002 0.146 0.11) 441
(0.002 0.002 0.114) 35
(0.002 0.006 0.114) 35
(0.002 0.01 0.114) 35
(0.002 0.014 0.114) 36
(0.002 0.018 0.114) 36
(0.002 0.022 0.114) 37
(0.002 0.026 0.114) 37
(0.002 0.03 0.114) 38
(0.002 0.034 0.114) 38
(0.002 0.038 0.114) 38
(0.002 0.042 0.114) 39
(0.002 0.046 0.114) 39
(0.002 0.05 0.114) 40
(0.002 0.054 0.114) 40
(0.002 0.058 0.114) 40
(0.002 0.062 0.114) 41
(0.002 0.066 0.114) 41
(0.002 0.07 0.114) 355
(0.002 0.074 0.114) 355
(0.002 0.078 0.114) 355
(0.002 0.082 0.114) 435
(0.002 0.086 0.114) 435
(0.002 0.09 0.114) 435
(0.002 0.094 0.114) 436
(0.002 0.098 0.114) 436
(0.002 0.102 0.114) 437
(0.002 0.106 0.114) 437
(0.002 0.11 0.114) 437
(0.002 0.114 0.114) 438
(0.002 0.118 0.114) 438
(0.002 0.122 0.114) 439
(0.002 0.126 0.114) 439
(0.002 0.13 0.114) 439
(0.002 0.134 0.114) 440
(0.002 0.138 0.114) 440
(0.002 0.142 0.114) 441
(0.002 0.146 0.114) 441
(0.002 0.002 0.118) 35
(0.002 0.006 0.118) 35
(0.002 0.00999999 0.118) 35
(0.002 0.014 0.118) 36
(0.002 0.018 0.118) 36
(0.002 0.022 0.118) 37
(0.002 0.026 0.118) 37
(0.002 0.03 0.118) 38
(0.002 0.034 0.118) 38
(0.002 0.038 0.118) 38
(0.002 0.042 0.118) 39
(0.002 0.046 0.118) 39
(0.002 0.05 0.118) 40
(0.002 0.054 0.118) 40
(0.002 0.058 0.118) 40
(0.002 0.062 0.118) 41
(0.002 0.066 0.118) 41
(0.002 0.07 0.118) 355
(0.002 0.074 0.118) 355
(0.002 0.078 0.118) 355
(0.002 0.082 0.118) 435
(0.002 0.086 0.118) 435
(0.002 0.09 0.118) 435
(0.002 0.094 0.118) 436
(0.002 0.098 0.118) 436
(0.002 0.102 0.118) 437
(0.002 0.106 0.118) 437
(0.002 0.11 0.118) 437
(0.002 0.114 0.118) 438
(0.002 0.118 0.118) 438
(0.002 0.122 0.118) 439
(0.002 0.126 0.118) 439
(0.002 0.13 0.118) 439
(0.002 0.134 0.118) 440
(0.002 0.138 0.118) 440
(0.002 0.142 0.118) 441
(0.002 0.146 0.118) 441
(0.002 0.002 0.122) 42
(0.002 0.00599999 0.122) 42
(0.002 0.01 0.122) 43
(0.002 0.014 0.122) 43
(0.002 0.018 0.122) 43
(0.002 0.022 0.122) 44
(0.002 0.026 0.122) 44
(0.002 0.03 0.122) 44
(0.002 0.034 0.122) 45
(0.002 0.038 0.122) 45
(0.002 0.042 0.122) 46
(0.002 0.046 0.122) 46
(0.002 0.05 0.122) 46
(0.002 0.054 0.122) 47
(0.002 0.058 0.122) 47
(0.002 0.062 0.122) 48
(0.002 0.066 0.122) 48
(0.002 0.07 0.122) 356
(0.002 0.074 0.122) 356
(0.002 0.078 0.122) 356
(0.002 0.082 0.122) 442
(0.002 0.086 0.122) 442
(0.002 0.09 0.122) 442
(0.002 0.094 0.122) 443
(0.002 0.098 0.122) 443
(0.002 0.102 0.122) 444
(0.002 0.106 0.122) 444
(0.002 0.11 0.122) 445
(0.002 0.114 0.122) 445
(0.002 0.118 0.122) 445
(0.002 0.122 0.122) 446
(0.002 0.126 0.122) 446
(0.002 0.13 0.122) 447
(0.002 0.134 0.122) 447
(0.002 0.138 0.122) 447
(0.002 0.142 0.122) 448
(0.002 0.146 0.122) 448
(0.002 0.00199999 0.126) 42
(0.002 0.00599999 0.126) 42
(0.002 0.01 0.126) 43
(0.002 0.014 0.126) 43
(0.002 0.018 0.126) 43
(0.002 0.022 0.126) 44
(0.002 0.026 0.126) 44
(0.002 0.03 0.126) 44
(0.002 0.034 0.126) 45
(0.002 0.038 0.126) 45
(0.002 0.042 0.126) 46
(0.002 0.046 0.126) 46
(0.002 0.05 0.126) 47
(0.002 0.054 0.126) 47
(0.002 0.058 0.126) 47
(0.002 0.062 0.126) 48
(0.002 0.066 0.126) 48
(0.002 0.07 0.126) 356
(0.002 0.074 0.126) 356
(0.002 0.078 0.126) 356
(0.002 0.082 0.126) 442
(0.002 0.086 0.126) 442
(0.002 0.09 0.126) 443
(0.002 0.094 0.126) 443
(0.002 0.098 0.126) 443
(0.002 0.102 0.126) 444
(0.002 0.106 0.126) 444
(0.002 0.11 0.126) 444
(0.002 0.114 0.126) 445
(0.002 0.118 0.126) 445
(0.002 0.122 0.126) 446
(0.002 0.126 0.126) 446
(0.002 0.13 0.126) 446
(0.002 0.134 0.126) 447
(0.002 0.138 0.126) 447
(0.002 0.142 0.126) 448
(0.002 0.146 0.126) 448
(0.002 0.00199998 0.13) 42
(0.002 0.00599998 0.13) 42
(0.002 0.01 0.13) 43
(0.002 0.014 0.13) 43
(0.002 0.018 0.13) 43
(0.002 0.022 0.13) 44
(0.002 0.026 0.13) 44
(0.002 0.03 0.13) 44
(0.002 0.034 0.13) 45
(0.002 0.038 0.13) 45
(0.002 0.042 0.13) 46
(0.002 0.046 0.13) 46
(0.002 0.05 0.13) 46
(0.002 0.054 0.13) 47
(0.002 0.058 0.13) 47
(0.002 0.062 0.13) 48
(0.002 0.066 0.13) 48
(0.002 0.07 0.13) 356
(0.002 0.074 0.13) 356
(0.002 0.078 0.13) 356
(0.002 0.082 0.13) 442
(0.002 0.086 0.13) 442
(0.002 0.09 0.13) 442
(0.002 0.094 0.13) 443
(0.002 0.098 0.13) 443
(0.002 0.102 0.13) 444
(0.002 0.106 0.13) 444
(0.002 0.11 0.13) 445
(0.002 0.114 0.13) 445
(0.002 0.118 0.13) 445
(0.002 0.122 0.13) 446
(0.002 0.126 0.13) 446
(0.002 0.13 0.13) 447
(0.002 0.134 0.13) 447
(0.002 0.138 0.13) 447
(0.002 0.142 0.13) 448
(0.002 0.146 0.13) 448
(0.002 0.002 0.134) 42
(0.002 0.006 0.134) 42
(0.002 0.01 0.134) 43
(0.002 0.014 0.134) 43
(0.002 0.018 0.134) 43
(0.002 0.022 0.134) 44
(0.002 0.026 0.134) 44
(0.002 0.03 0.134) 44
(0.002 0.034 0.134) 45
(0.002 0.038 0.134) 45
(0.002 0.042 0.134) 46
(0.002 0.046 0.134) 46
(0.002 0.05 0.134) 47
(0.002 0.054 0.134) 47
(0.002 0.058 0.134) 47
(0.002 0.062 0.134) 48
(0.002 0.066 0.134) 48
(0.002 0.07 0.134) 356
(0.002 0.074 0.134) 356
(0.002 0.078 0.134) 356
(0.002 0.082 0.134) 442
(0.002 0.086 0.134) 442
(0.002 0.09 0.134) 443
(0.002 0.094 0.134) 443
(0.002 0.098 0.134) 443
(0.002 0.102 0.134) 444
(0.002 0.106 0.134) 444
(0.002 0.11 0.134) 445
(0.002 0.114 0.134) 445
(0.002 0.118 0.134) 445
(0.002 0.122 0.134) 446
(0.002 0.126 0.134) 446
(0.002 0.13 0.134) 447
(0.002 0.134 0.134) 447
(0.002 0.138 0.134) 447
(0.002 0.142 0.134) 448
(0.002 0.146 0.134) 448
(0.002 0.00199999 0.138) 42
(0.002 0.00599999 0.138) 42
(0.002 0.01 0.138) 43
(0.002 0.014 0.138) 43
(0.002 0.018 0.138) 43
(0.002 0.022 0.138) 44
(0.002 0.026 0.138) 44
(0.002 0.03 0.138) 44
(0.002 0.034 0.138) 45
(0.002 0.038 0.138) 45
(0.002 0.042 0.138) 46
(0.002 0.046 0.138) 46
(0.002 0.05 0.138) 47
(0.002 0.054 0.138) 47
(0.002 0.058 0.138) 47
(0.002 0.062 0.138) 48
(0.002 0.066 0.138) 48
(0.002 0.07 0.138) 48
(0.002 0.074 0.138) 356
(0.002 0.078 0.138) 356
(0.002 0.082 0.138) 442
(0.002 0.086 0.138) 442
(0.002 0.09 0.138) 443
(0.002 0.094 0.138) 443
(0.002 0.098 0.138) 443
(0.002 0.102 0.138) 444
(0.002 0.106 0.138) 444
(0.002 0.11 0.138) 445
(0.002 0.114 0.138) 445
(0.002 0.118 0.138) 445
(0.002 0.122 0.138) 446
(0.002 0.126 0.138) 446
(0.002 0.13 0.138) 447
(0.002 0.134 0.138) 447
(0.002 0.138 0.138) 447
(0.002 0.142 0.138) 448
(0.002 0.146 0.138) 448
(0.002 0.002 0.142) 49
(0.002 0.006 0.142) 49
(0.002 0.01 0.142) 49
(0.002 0.014 0.142) 50
(0.002 0.018 0.142) 50
(0.002 0.022 0.142) 51
(0.002 0.026 0.142) 51
(0.002 0.03 0.142) 51
(0.002 0.034 0.142) 52
(0.002 0.038 0.142) 52
(0.002 0.042 0.142) 53
(0.002 0.046 0.142) 53
(0.002 0.05 0.142) 54
(0.002 0.054 0.142) 54
(0.002 0.058 0.142) 54
(0.002 0.062 0.142) 55
(0.002 0.066 0.142) 55
(0.002 0.07 0.142) 357
(0.002 0.074 0.142) 357
(0.002 0.078 0.142) 357
(0.002 0.082 0.142) 449
(0.002 0.086 0.142) 449
(0.002 0.09 0.142) 450
(0.002 0.094 0.142) 450
(0.002 0.098 0.142) 450
(0.002 0.102 0.142) 451
(0.002 0.106 0.142) 451
(0.002 0.11 0.142) 452
(0.002 0.114 0.142) 452
(0.002 0.118 0.142) 452
(0.002 0.122 0.142) 453
(0.002 0.126 0.142) 453
(0.002 0.13 0.142) 453
(0.002 0.134 0.142) 454
(0.002 0.138 0.142) 454
(0.002 0.142 0.142) 455
(0.002 0.146 0.142) 455
(0.002 0.002 0.146) 49
(0.002 0.006 0.146) 49
(0.002 0.01 0.146) 50
(0.002 0.014 0.146) 50
(0.002 0.018 0.146) 50
(0.002 0.022 0.146) 51
(0.002 0.026 0.146) 51
(0.002 0.03 0.146) 52
(0.002 0.034 0.146) 52
(0.002 0.038 0.146) 52
(0.002 0.042 0.146) 53
(0.002 0.046 0.146) 53
(0.002 0.05 0.146) 53
(0.002 0.054 0.146) 54
(0.002 0.058 0.146) 54
(0.002 0.062 0.146) 55
(0.002 0.066 0.146) 55
(0.002 0.07 0.146) 55
(0.002 0.074 0.146) 357
(0.002 0.078 0.146) 357
(0.002 0.082 0.146) 449
(0.002 0.086 0.146) 449
(0.002 0.09 0.146) 450
(0.002 0.094 0.146) 450
(0.002 0.098 0.146) 450
(0.002 0.102 0.146) 451
(0.002 0.106 0.146) 451
(0.002 0.11 0.146) 451
(0.002 0.114 0.146) 452
(0.002 0.118 0.146) 452
(0.002 0.122 0.146) 453
(0.002 0.126 0.146) 453
(0.002 0.13 0.146) 454
(0.002 0.134 0.146) 454
(0.002 0.138 0.146) 454
(0.002 0.142 0.146) 455
(0.002 0.146 0.146) 455
(0.002 0.00199999 0.15) 49
(0.002 0.00600002 0.15) 49
(0.002 0.00999997 0.15) 49
(0.002 0.014 0.15) 50
(0.002 0.018 0.15) 50
(0.002 0.022 0.15) 51
(0.002 0.026 0.15) 51
(0.002 0.03 0.15) 51
(0.002 0.034 0.15) 52
(0.002 0.038 0.15) 52
(0.002 0.042 0.15) 53
(0.002 0.046 0.15) 53
(0.002 0.05 0.15) 54
(0.002 0.054 0.15) 54
(0.002 0.058 0.15) 54
(0.002 0.062 0.15) 55
(0.002 0.066 0.15) 55
(0.002 0.07 0.15) 357
(0.002 0.074 0.15) 357
(0.002 0.078 0.15) 357
(0.002 0.082 0.15) 449
(0.002 0.086 0.15) 449
(0.002 0.09 0.15) 449
(0.002 0.094 0.15) 450
(0.002 0.098 0.15) 450
(0.002 0.102 0.15) 451
(0.002 0.106 0.15) 451
(0.002 0.11 0.15) 452
(0.002 0.114 0.15) 452
(0.002 0.118 0.15) 452
(0.002 0.122 0.15) 453
(0.002 0.126 0.15) 453
(0.002 0.13 0.15) 453
(0.002 0.134 0.15) 454
(0.002 0.138 0.15) 454
(0.002 0.142 0.15) 455
(0.002 0.146 0.15) 455
(0.002 0.002 0.154) 49
(0.002 0.00599999 0.154) 49
(0.002 0.01 0.154) 50
(0.002 0.014 0.154) 50
(0.002 0.018 0.154) 50
(0.002 0.022 0.154) 51
(0.002 0.026 0.154) 51
(0.002 0.03 0.154) 52
(0.002 0.034 0.154) 52
(0.002 0.038 0.154) 52
(0.002 0.042 0.154) 53
(0.002 0.046 0.154) 53
(0.002 0.05 0.154) 54
(0.002 0.054 0.154) 54
(0.002 0.058 0.154) 54
(0.002 0.062 0.154) 55
(0.002 0.066 0.154) 55
(0.002 0.07 0.154) 357
(0.002 0.074 0.154) 357
(0.002 0.078 0.154) 357
(0.002 0.082 0.154) 449
(0.002 0.086 0.154) 449
(0.002 0.09 0.154) 449
(0.002 0.094 0.154) 450
(0.002 0.098 0.154) 450
(0.002 0.102 0.154) 451
(0.002 0.106 0.154) 451
(0.002 0.11 0.154) 452
(0.002 0.114 0.154) 452
(0.002 0.118 0.154) 452
(0.002 0.122 0.154) 453
(0.002 0.126 0.154) 453
(0.002 0.13 0.154) 454
(0.002 0.134 0.154) 454
(0.002 0.138 0.154) 454
(0.002 0.142 0.154) 455
(0.002 0.146 0.154) 455
(0.002 0.002 0.158) 49
(0.002 0.006 0.158) 49
(0.002 0.01 0.158) 50
(0.002 0.014 0.158) 50
(0.002 0.018 0.158) 50
(0.002 0.022 0.158) 51
(0.002 0.026 0.158) 51
(0.002 0.03 0.158) 52
(0.002 0.034 0.158) 52
(0.002 0.038 0.158) 52
(0.002 0.042 0.158) 53
(0.002 0.046 0.158) 53
(0.002 0.05 0.158) 54
(0.002 0.054 0.158) 54
(0.002 0.058 0.158) 54
(0.002 0.062 0.158) 55
(0.002 0.066 0.158) 55
(0.002 0.07 0.158) 357
(0.002 0.074 0.158) 357
(0.002 0.078 0.158) 357
(0.002 0.082 0.158) 449
(0.002 0.086 0.158) 449
(0.002 0.09 0.158) 449
(0.002 0.094 0.158) 450
(0.002 0.098 0.158) 450
(0.002 0.102 0.158) 451
(0.002 0.106 0.158) 451
(0.002 0.11 0.158) 452
(0.002 0.114 0.158) 452
(0.002 0.118 0.158) 452
(0.002 0.122 0.158) 453
(0.002 0.126 0.158) 453
(0.002 0.13 0.158) 454
(0.002 0.134 0.158) 454
(0.002 0.138 0.158) 454
(0.002 0.142 0.158) 455
(0.002 0.146 0.158) 455
(0.002 0.002 0.162) 56
(0.002 0.006 0.162) 56
(0.002 0.00999999 0.162) 56
(0.002 0.014 0.162) 57
(0.002 0.018 0.162) 57
(0.002 0.022 0.162) 58
(0.002 0.026 0.162) 58
(0.002 0.03 0.162) 58
(0.002 0.034 0.162) 59
(0.002 0.038 0.162) 59
(0.002 0.042 0.162) 60
(0.002 0.046 0.162) 60
(0.002 0.05 0.162) 61
(0.002 0.054 0.162) 61
(0.002 0.058 0.162) 61
(0.002 0.062 0.162) 62
(0.002 0.066 0.162) 62
(0.002 0.07 0.162) 358
(0.002 0.074 0.162) 358
(0.002 0.078 0.162) 358
(0.002 0.082 0.162) 456
(0.002 0.086 0.162) 456
(0.002 0.09 0.162) 457
(0.002 0.094 0.162) 457
(0.002 0.098 0.162) 457
(0.002 0.102 0.162) 458
(0.002 0.106 0.162) 458
(0.002 0.11 0.162) 458
(0.002 0.114 0.162) 459
(0.002 0.118 0.162) 459
(0.002 0.122 0.162) 460
(0.002 0.126 0.162) 460
(0.002 0.13 0.162) 461
(0.002 0.134 0.162) 461
(0.002 0.138 0.162) 461
(0.002 0.142 0.162) 462
(0.002 0.146 0.162) 462
(0.002 0.002 0.166) 56
(0.002 0.006 0.166) 56
(0.002 0.01 0.166) 56
(0.002 0.014 0.166) 57
(0.002 0.018 0.166) 57
(0.002 0.022 0.166) 58
(0.002 0.026 0.166) 58
(0.002 0.03 0.166) 58
(0.002 0.034 0.166) 59
(0.002 0.038 0.166) 59
(0.002 0.042 0.166) 60
(0.002 0.046 0.166) 60
(0.002 0.05 0.166) 61
(0.002 0.054 0.166) 61
(0.002 0.058 0.166) 61
(0.002 0.062 0.166) 62
(0.002 0.066 0.166) 62
(0.002 0.07 0.166) 358
(0.002 0.074 0.166) 358
(0.002 0.078 0.166) 358
(0.002 0.082 0.166) 456
(0.002 0.086 0.166) 456
(0.002 0.09 0.166) 456
(0.002 0.094 0.166) 457
(0.002 0.098 0.166) 457
(0.002 0.102 0.166) 458
(0.002 0.106 0.166) 458
(0.002 0.11 0.166) 458
(0.002 0.114 0.166) 459
(0.002 0.118 0.166) 459
(0.002 0.122 0.166) 460
(0.002 0.126 0.166) 460
(0.002 0.13 0.166) 461
(0.002 0.134 0.166) 461
(0.002 0.138 0.166) 461
(0.002 0.142 0.166) 462
(0.002 0.146 0.166) 462
(0.002 0.00199998 0.17) 56
(0.002 0.00599998 0.17) 56
(0.002 0.01 0.17) 57
(0.002 0.014 0.17) 57
(0.002 0.018 0.17) 57
(0.002 0.022 0.17) 58
(0.002 0.026 0.17) 58
(0.002 0.03 0.17) 59
(0.002 0.034 0.17) 59
(0.002 0.038 0.17) 59
(0.002 0.042 0.17) 60
(0.002 0.046 0.17) 60
(0.002 0.05 0.17) 61
(0.002 0.054 0.17) 61
(0.002 0.058 0.17) 61
(0.002 0.062 0.17) 62
(0.002 0.066 0.17) 62
(0.002 0.07 0.17) 62
(0.002 0.074 0.17) 358
(0.002 0.078 0.17) 358
(0.002 0.082 0.17) 456
(0.002 0.086 0.17) 456
(0.002 0.09 0.17) 456
(0.002 0.094 0.17) 457
(0.002 0.098 0.17) 457
(0.002 0.102 0.17) 458
(0.002 0.106 0.17) 458
(0.002 0.11 0.17) 458
(0.002 0.114 0.17) 459
(0.002 0.118 0.17) 459
(0.002 0.122 0.17) 460
(0.002 0.126 0.17) 460
(0.002 0.13 0.17) 461
(0.002 0.134 0.17) 461
(0.002 0.138 0.17) 461
(0.002 0.142 0.17) 462
(0.002 0.146 0.17) 462
(0.002 0.002 0.174) 56
(0.002 0.006 0.174) 56
(0.002 0.01 0.174) 57
(0.002 0.014 0.174) 57
(0.002 0.018 0.174) 57
(0.002 0.022 0.174) 58
(0.002 0.026 0.174) 58
(0.002 0.03 0.174) 59
(0.002 0.034 0.174) 59
(0.002 0.038 0.174) 59
(0.002 0.042 0.174) 60
(0.002 0.046 0.174) 60
(0.002 0.05 0.174) 60
(0.002 0.054 0.174) 61
(0.002 0.058 0.174) 61
(0.002 0.062 0.174) 62
(0.002 0.066 0.174) 62
(0.002 0.07 0.174) 62
(0.002 0.074 0.174) 358
(0.002 0.078 0.174) 358
(0.002 0.082 0.174) 456
(0.002 0.086 0.174) 456
(0.002 0.09 0.174) 456
(0.002 0.094 0.174) 457
(0.002 0.098 0.174) 457
(0.002 0.102 0.174) 458
(0.002 0.106 0.174) 458
(0.002 0.11 0.174) 458
(0.002 0.114 0.174) 459
(0.002 0.118 0.174) 459
(0.002 0.122 0.174) 460
(0.002 0.126 0.174) 460
(0.002 0.13 0.174) 461
(0.002 0.134 0.174) 461
(0.002 0.138 0.174) 461
(0.002 0.142 0.174) 462
(0.002 0.146 0.174) 462
(0.002 0.002 0.178) 56
(0.002 0.006 0.178) 56
(0.002 0.01 0.178) 57
(0.002 0.014 0.178) 57
(0.002 0.018 0.178) 57
(0.002 0.022 0.178) 58
(0.002 0.026 0.178) 58
(0.002 0.03 0.178) 59
(0.002 0.034 0.178) 59
(0.002 0.038 0.178) 59
(0.002 0.042 0.178) 60
(0.002 0.046 0.178) 60
(0.002 0.05 0.178) 60
(0.002 0.054 0.178) 61
(0.002 0.058 0.178) 61
(0.002 0.062 0.178) 62
(0.002 0.066 0.178) 62
(0.002 0.07 0.178) 62
(0.002 0.074 0.178) 358
(0.002 0.078 0.178) 358
(0.002 0.082 0.178) 456
(0.002 0.086 0.178) 456
(0.002 0.09 0.178) 456
(0.002 0.094 0.178) 457
(0.002 0.098 0.178) 457
(0.002 0.102 0.178) 458
(0.002 0.106 0.178) 458
(0.002 0.11 0.178) 458
(0.002 0.114 0.178) 459
(0.002 0.118 0.178) 459
(0.002 0.122 0.178) 460
(0.002 0.126 0.178) 460
(0.002 0.13 0.178) 461
(0.002 0.134 0.178) 461
(0.002 0.138 0.178) 461
(0.002 0.142 0.178) 462
(0.002 0.146 0.178) 462
(0.002 0.002 0.182) 63
(0.002 0.00599999 0.182) 63
(0.002 0.01 0.182) 64
(0.002 0.014 0.182) 64
(0.002 0.018 0.182) 64
(0.002 0.022 0.182) 65
(0.002 0.026 0.182) 65
(0.002 0.03 0.182) 65
(0.002 0.034 0.182) 66
(0.002 0.038 0.182) 66
(0.002 0.042 0.182) 67
(0.002 0.046 0.182) 67
(0.002 0.05 0.182) 68
(0.002 0.054 0.182) 68
(0.002 0.058 0.182) 68
(0.002 0.062 0.182) 69
(0.002 0.066 0.182) 69
(0.002 0.07 0.182) 69
(0.002 0.074 0.182) 359
(0.002 0.078 0.182) 359
(0.002 0.082 0.182) 463
(0.002 0.086 0.182) 463
(0.002 0.09 0.182) 463
(0.002 0.094 0.182) 464
(0.002 0.098 0.182) 464
(0.002 0.102 0.182) 465
(0.002 0.106 0.182) 465
(0.002 0.11 0.182) 466
(0.002 0.114 0.182) 466
(0.002 0.118 0.182) 466
(0.002 0.122 0.182) 467
(0.002 0.126 0.182) 467
(0.002 0.13 0.182) 468
(0.002 0.134 0.182) 468
(0.002 0.138 0.182) 468
(0.002 0.142 0.182) 469
(0.002 0.146 0.182) 469
(0.002 0.002 0.186) 63
(0.002 0.00599999 0.186) 63
(0.002 0.01 0.186) 64
(0.002 0.014 0.186) 64
(0.002 0.018 0.186) 64
(0.002 0.022 0.186) 65
(0.002 0.026 0.186) 65
(0.002 0.03 0.186) 65
(0.002 0.034 0.186) 66
(0.002 0.038 0.186) 66
(0.002 0.042 0.186) 67
(0.002 0.046 0.186) 67
(0.002 0.05 0.186) 68
(0.002 0.054 0.186) 68
(0.002 0.058 0.186) 68
(0.002 0.062 0.186) 69
(0.002 0.066 0.186) 69
(0.002 0.07 0.186) 359
(0.002 0.074 0.186) 359
(0.002 0.078 0.186) 359
(0.002 0.082 0.186) 463
(0.002 0.086 0.186) 463
(0.002 0.09 0.186) 464
(0.002 0.094 0.186) 464
(0.002 0.098 0.186) 464
(0.002 0.102 0.186) 465
(0.002 0.106 0.186) 465
(0.002 0.11 0.186) 465
(0.002 0.114 0.186) 466
(0.002 0.118 0.186) 466
(0.002 0.122 0.186) 467
(0.002 0.126 0.186) 467
(0.002 0.13 0.186) 467
(0.002 0.134 0.186) 468
(0.002 0.138 0.186) 468
(0.002 0.142 0.186) 469
(0.002 0.146 0.186) 469
(0.002 0.002 0.19) 63
(0.002 0.00600001 0.19) 63
(0.002 0.00999999 0.19) 63
(0.002 0.014 0.19) 64
(0.002 0.018 0.19) 64
(0.002 0.022 0.19) 65
(0.002 0.026 0.19) 65
(0.002 0.03 0.19) 66
(0.002 0.034 0.19) 66
(0.002 0.038 0.19) 66
(0.002 0.042 0.19) 67
(0.002 0.046 0.19) 67
(0.002 0.05 0.19) 67
(0.002 0.054 0.19) 68
(0.002 0.058 0.19) 68
(0.002 0.062 0.19) 69
(0.002 0.066 0.19) 69
(0.002 0.07 0.19) 359
(0.002 0.074 0.19) 359
(0.002 0.078 0.19) 359
(0.002 0.082 0.19) 463
(0.002 0.086 0.19) 463
(0.002 0.09 0.19) 463
(0.002 0.094 0.19) 464
(0.002 0.098 0.19) 464
(0.002 0.102 0.19) 465
(0.002 0.106 0.19) 465
(0.002 0.11 0.19) 466
(0.002 0.114 0.19) 466
(0.002 0.118 0.19) 466
(0.002 0.122 0.19) 467
(0.002 0.126 0.19) 467
(0.002 0.13 0.19) 468
(0.002 0.134 0.19) 468
(0.002 0.138 0.19) 468
(0.002 0.142 0.19) 469
(0.002 0.146 0.19) 469
(0.002 0.002 0.194) 63
(0.002 0.00599999 0.194) 63
(0.002 0.01 0.194) 64
(0.002 0.014 0.194) 64
(0.002 0.018 0.194) 64
(0.002 0.022 0.194) 65
(0.002 0.026 0.194) 65
(0.002 0.03 0.194) 66
(0.002 0.034 0.194) 66
(0.002 0.038 0.194) 66
(0.002 0.042 0.194) 67
(0.002 0.046 0.194) 67
(0.002 0.05 0.194) 67
(0.002 0.054 0.194) 68
(0.002 0.058 0.194) 68
(0.002 0.062 0.194) 69
(0.002 0.066 0.194) 69
(0.002 0.07 0.194) 359
(0.002 0.074 0.194) 359
(0.002 0.078 0.194) 359
(0.002 0.082 0.194) 463
(0.002 0.086 0.194) 463
(0.002 0.09 0.194) 463
(0.002 0.094 0.194) 464
(0.002 0.098 0.194) 464
(0.002 0.102 0.194) 465
(0.002 0.106 0.194) 465
(0.002 0.11 0.194) 465
(0.002 0.114 0.194) 466
(0.002 0.118 0.194) 466
(0.002 0.122 0.194) 467
(0.002 0.126 0.194) 467
(0.002 0.13 0.194) 468
(0.002 0.134 0.194) 468
(0.002 0.138 0.194) 468
(0.002 0.142 0.194) 469
(0.002 0.146 0.194) 469
(0.002 0.002 0.198) 63
(0.002 0.006 0.198) 63
(0.002 0.01 0.198) 64
(0.002 0.014 0.198) 64
(0.002 0.018 0.198) 64
(0.002 0.022 0.198) 65
(0.002 0.026 0.198) 65
(0.002 0.03 0.198) 66
(0.002 0.034 0.198) 66
(0.002 0.038 0.198) 66
(0.002 0.042 0.198) 67
(0.002 0.046 0.198) 67
(0.002 0.05 0.198) 67
(0.002 0.054 0.198) 68
(0.002 0.058 0.198) 68
(0.002 0.062 0.198) 69
(0.002 0.066 0.198) 69
(0.002 0.07 0.198) 359
(0.002 0.074 0.198) 359
(0.002 0.078 0.198) 359
(0.002 0.082 0.198) 463
(0.002 0.086 0.198) 463
(0.002 0.09 0.198) 463
(0.002 0.094 0.198) 464
(0.002 0.098 0.198) 464
(0.002 0.102 0.198) 465
(0.002 0.106 0.198) 465
(0.002 0.11 0.198) 465
(0.002 0.114 0.198) 466
(0.002 0.118 0.198) 466
(0.002 0.122 0.198) 467
(0.002 0.126 0.198) 467
(0.002 0.13 0.198) 468
(0.002 0.134 0.198) 468
(0.002 0.138 0.198) 468
(0.002 0.142 0.198) 469
(0.002 0.146 0.198) 469
(0.002 0.002 0.202) 70
(0.002 0.00599999 0.202) 70
(0.002 0.01 0.202) 71
(0.002 0.014 0.202) 71
(0.002 0.018 0.202) 71
(0.002 0.022 0.202) 72
(0.002 0.026 0.202) 72
(0.002 0.03 0.202) 73
(0.002 0.034 0.202) 73
(0.002 0.038 0.202) 73
(0.002 0.042 0.202) 74
(0.002 0.046 0.202) 74
(0.002 0.05 0.202) 74
(0.002 0.054 0.202) 75
(0.002 0.058 0.202) 75
(0.002 0.062 0.202) 76
(0.002 0.066 0.202) 76
(0.002 0.07 0.202) 360
(0.002 0.074 0.202) 360
(0.002 0.078 0.202) 360
(0.002 0.082 0.202) 470
(0.002 0.086 0.202) 470
(0.002 0.09 0.202) 471
(0.002 0.094 0.202) 471
(0.002 0.098 0.202) 471
(0.002 0.102 0.202) 472
(0.002 0.106 0.202) 472
(0.002 0.11 0.202) 473
(0.002 0.114 0.202) 473
(0.002 0.118 0.202) 473
(0.002 0.122 0.202) 474
(0.002 0.126 0.202) 474
(0.002 0.13 0.202) 474
(0.002 0.134 0.202) 475
(0.002 0.138 0.202) 475
(0.002 0.142 0.202) 476
(0.002 0.146 0.202) 476
(0.002 0.002 0.206) 70
(0.002 0.00599999 0.206) 70
(0.002 0.00999999 0.206) 70
(0.002 0.014 0.206) 71
(0.002 0.018 0.206) 71
(0.002 0.022 0.206) 72
(0.002 0.026 0.206) 72
(0.002 0.03 0.206) 73
(0.002 0.034 0.206) 73
(0.002 0.038 0.206) 73
(0.002 0.042 0.206) 74
(0.002 0.046 0.206) 74
(0.002 0.05 0.206) 75
(0.002 0.054 0.206) 75
(0.002 0.058 0.206) 75
(0.002 0.062 0.206) 76
(0.002 0.066 0.206) 76
(0.002 0.07 0.206) 76
(0.002 0.074 0.206) 360
(0.002 0.078 0.206) 360
(0.002 0.082 0.206) 470
(0.002 0.086 0.206) 470
(0.002 0.09 0.206) 471
(0.002 0.094 0.206) 471
(0.002 0.098 0.206) 471
(0.002 0.102 0.206) 472
(0.002 0.106 0.206) 472
(0.002 0.11 0.206) 473
(0.002 0.114 0.206) 473
(0.002 0.118 0.206) 473
(0.002 0.122 0.206) 474
(0.002 0.126 0.206) 474
(0.002 0.13 0.206) 474
(0.002 0.134 0.206) 475
(0.002 0.138 0.206) 475
(0.002 0.142 0.206) 476
(0.002 0.146 0.206) 476
(0.002 0.002 0.21) 70
(0.002 0.00600001 0.21) 70
(0.002 0.01 0.21) 71
(0.002 0.014 0.21) 71
(0.002 0.018 0.21) 71
(0.002 0.022 0.21) 72
(0.002 0.026 0.21) 72
(0.002 0.03 0.21) 72
(0.002 0.034 0.21) 73
(0.002 0.038 0.21) 73
(0.002 0.042 0.21) 74
(0.002 0.046 0.21) 74
(0.002 0.05 0.21) 74
(0.002 0.054 0.21) 75
(0.002 0.058 0.21) 75
(0.002 0.062 0.21) 76
(0.002 0.066 0.21) 76
(0.002 0.07 0.21) 360
(0.002 0.074 0.21) 360
(0.002 0.078 0.21) 360
(0.002 0.082 0.21) 470
(0.002 0.086 0.21) 470
(0.002 0.09 0.21) 470
(0.002 0.094 0.21) 471
(0.002 0.098 0.21) 471
(0.002 0.102 0.21) 472
(0.002 0.106 0.21) 472
(0.002 0.11 0.21) 472
(0.002 0.114 0.21) 473
(0.002 0.118 0.21) 473
(0.002 0.122 0.21) 474
(0.002 0.126 0.21) 474
(0.002 0.13 0.21) 475
(0.002 0.134 0.21) 475
(0.002 0.138 0.21) 475
(0.002 0.142 0.21) 476
(0.002 0.146 0.21) 476
(0.002 0.002 0.214) 70
(0.002 0.00599999 0.214) 70
(0.002 0.01 0.214) 71
(0.002 0.014 0.214) 71
(0.002 0.018 0.214) 71
(0.002 0.022 0.214) 72
(0.002 0.026 0.214) 72
(0.002 0.03 0.214) 72
(0.002 0.034 0.214) 73
(0.002 0.038 0.214) 73
(0.002 0.042 0.214) 74
(0.002 0.046 0.214) 74
(0.002 0.05 0.214) 75
(0.002 0.054 0.214) 75
(0.002 0.058 0.214) 75
(0.002 0.062 0.214) 76
(0.002 0.066 0.214) 76
(0.002 0.07 0.214) 76
(0.002 0.074 0.214) 360
(0.002 0.078 0.214) 360
(0.002 0.082 0.214) 470
(0.002 0.086 0.214) 470
(0.002 0.09 0.214) 470
(0.002 0.094 0.214) 471
(0.002 0.098 0.214) 471
(0.002 0.102 0.214) 472
(0.002 0.106 0.214) 472
(0.002 0.11 0.214) 472
(0.002 0.114 0.214) 473
(0.002 0.118 0.214) 473
(0.002 0.122 0.214) 474
(0.002 0.126 0.214) 474
(0.002 0.13 0.214) 475
(0.002 0.134 0.214) 475
(0.002 0.138 0.214) 475
(0.002 0.142 0.214) 476
(0.002 0.146 0.214) 476
(0.002 0.002 0.218) 70
(0.002 0.006 0.218) 70
(0.002 0.01 0.218) 71
(0.002 0.014 0.218) 71
(0.002 0.018 0.218) 71
(0.002 0.022 0.218) 72
(0.002 0.026 0.218) 72
(0.002 0.03 0.218) 72
(0.002 0.034 0.218) 73
(0.002 0.038 0.218) 73
(0.002 0.042 0.218) 74
(0.002 0.046 0.218) 74
(0.002 0.05 0.218) 75
(0.002 0.054 0.218) 75
(0.002 0.058 0.218) 75
(0.002 0.062 0.218) 76
(0.002 0.066 0.218) 76
(0.002 0.07 0.218) 76
(0.002 0.074 0.218) 360
(0.002 0.078 0.218) 360
(0.002 0.082 0.218) 470
(0.002 0.086 0.218) 470
(0.002 0.09 0.218) 470
(0.002 0.094 0.218) 471
(0.002 0.098 0.218) 471
(0.002 0.102 0.218) 472
(0.002 0.106 0.218) 472
(0.002 0.11 0.218) 472
(0.002 0.114 0.218) 473
(0.002 0.118 0.218) 473
(0.002 0.122 0.218) 474
(0.002 0.126 0.218) 474
(0.002 0.13 0.218) 475
(0.002 0.134 0.218) 475
(0.002 0.138 0.218) 475
(0.002 0.142 0.218) 476
(0.002 0.146 0.218) 476
(0.002 0.00199999 0.222) 77
(0.002 0.00599999 0.222) 77
(0.002 0.01 0.222) 78
(0.002 0.014 0.222) 78
(0.002 0.018 0.222) 78
(0.002 0.022 0.222) 79
(0.002 0.026 0.222) 79
(0.002 0.03 0.222) 79
(0.002 0.034 0.222) 80
(0.002 0.038 0.222) 80
(0.002 0.042 0.222) 81
(0.002 0.046 0.222) 81
(0.002 0.05 0.222) 81
(0.002 0.054 0.222) 82
(0.002 0.058 0.222) 82
(0.002 0.062 0.222) 83
(0.002 0.066 0.222) 83
(0.002 0.07 0.222) 83
(0.002 0.074 0.222) 361
(0.002 0.078 0.222) 361
(0.002 0.082 0.222) 477
(0.002 0.086 0.222) 477
(0.002 0.09 0.222) 478
(0.002 0.094 0.222) 478
(0.002 0.098 0.222) 478
(0.002 0.102 0.222) 479
(0.002 0.106 0.222) 479
(0.002 0.11 0.222) 479
(0.002 0.114 0.222) 480
(0.002 0.118 0.222) 480
(0.002 0.122 0.222) 481
(0.002 0.126 0.222) 481
(0.002 0.13 0.222) 482
(0.002 0.134 0.222) 482
(0.002 0.138 0.222) 482
(0.002 0.142 0.222) 483
(0.002 0.146 0.222) 483
(0.002 0.002 0.226) 77
(0.002 0.006 0.226) 77
(0.002 0.01 0.226) 78
(0.002 0.014 0.226) 78
(0.002 0.018 0.226) 78
(0.002 0.022 0.226) 79
(0.002 0.026 0.226) 79
(0.002 0.03 0.226) 79
(0.002 0.034 0.226) 80
(0.002 0.038 0.226) 80
(0.002 0.042 0.226) 81
(0.002 0.046 0.226) 81
(0.002 0.05 0.226) 81
(0.002 0.054 0.226) 82
(0.002 0.058 0.226) 82
(0.002 0.062 0.226) 83
(0.002 0.066 0.226) 83
(0.002 0.07 0.226) 83
(0.002 0.074 0.226) 361
(0.002 0.078 0.226) 361
(0.002 0.082 0.226) 477
(0.002 0.086 0.226) 477
(0.002 0.09 0.226) 478
(0.002 0.094 0.226) 478
(0.002 0.098 0.226) 478
(0.002 0.102 0.226) 479
(0.002 0.106 0.226) 479
(0.002 0.11 0.226) 479
(0.002 0.114 0.226) 480
(0.002 0.118 0.226) 480
(0.002 0.122 0.226) 481
(0.002 0.126 0.226) 481
(0.002 0.13 0.226) 482
(0.002 0.134 0.226) 482
(0.002 0.138 0.226) 482
(0.002 0.142 0.226) 483
(0.002 0.146 0.226) 483
(0.002 0.00199999 0.23) 77
(0.002 0.00599999 0.23) 77
(0.002 0.00999998 0.23) 77
(0.002 0.014 0.23) 78
(0.002 0.018 0.23) 78
(0.002 0.022 0.23) 79
(0.002 0.026 0.23) 79
(0.002 0.03 0.23) 79
(0.002 0.034 0.23) 80
(0.002 0.038 0.23) 80
(0.002 0.042 0.23) 81
(0.002 0.046 0.23) 81
(0.002 0.05 0.23) 81
(0.002 0.054 0.23) 82
(0.002 0.058 0.23) 82
(0.002 0.062 0.23) 83
(0.002 0.066 0.23) 83
(0.002 0.07 0.23) 361
(0.002 0.074 0.23) 361
(0.002 0.078 0.23) 361
(0.002 0.082 0.23) 477
(0.002 0.086 0.23) 477
(0.002 0.09 0.23) 478
(0.002 0.094 0.23) 478
(0.002 0.098 0.23) 478
(0.002 0.102 0.23) 479
(0.002 0.106 0.23) 479
(0.002 0.11 0.23) 479
(0.002 0.114 0.23) 480
(0.002 0.118 0.23) 480
(0.002 0.122 0.23) 481
(0.002 0.126 0.23) 481
(0.002 0.13 0.23) 482
(0.002 0.134 0.23) 482
(0.002 0.138 0.23) 482
(0.002 0.142 0.23) 483
(0.002 0.146 0.23) 483
(0.002 0.002 0.234) 77
(0.002 0.006 0.234) 77
(0.002 0.01 0.234) 78
(0.002 0.014 0.234) 78
(0.002 0.018 0.234) 78
(0.002 0.022 0.234) 79
(0.002 0.026 0.234) 79
(0.002 0.03 0.234) 80
(0.002 0.034 0.234) 80
(0.002 0.038 0.234) 80
(0.002 0.042 0.234) 81
(0.002 0.046 0.234) 81
(0.002 0.05 0.234) 82
(0.002 0.054 0.234) 82
(0.002 0.058 0.234) 82
(0.002 0.062 0.234) 83
(0.002 0.066 0.234) 83
(0.002 0.07 0.234) 361
(0.002 0.074 0.234) 361
(0.002 0.078 0.234) 361
(0.002 0.082 0.234) 477
(0.002 0.086 0.234) 477
(0.002 0.09 0.234) 477
(0.002 0.094 0.234) 478
(0.002 0.098 0.234) 478
(0.002 0.102 0.234) 479
(0.002 0.106 0.234) 479
(0.002 0.11 0.234) 480
(0.002 0.114 0.234) 480
(0.002 0.118 0.234) 480
(0.002 0.122 0.234) 481
(0.002 0.126 0.234) 481
(0.002 0.13 0.234) 482
(0.002 0.134 0.234) 482
(0.002 0.138 0.234) 482
(0.002 0.142 0.234) 483
(0.002 0.146 0.234) 483
(0.002 0.00199999 0.238) 77
(0.002 0.00599999 0.238) 77
(0.002 0.01 0.238) 78
(0.002 0.014 0.238) 78
(0.002 0.018 0.238) 78
(0.002 0.022 0.238) 79
(0.002 0.026 0.238) 79
(0.002 0.03 0.238) 80
(0.002 0.034 0.238) 80
(0.002 0.038 0.238) 80
(0.002 0.042 0.238) 81
(0.002 0.046 0.238) 81
(0.002 0.05 0.238) 82
(0.002 0.054 0.238) 82
(0.002 0.058 0.238) 82
(0.002 0.062 0.238) 83
(0.002 0.066 0.238) 83
(0.002 0.07 0.238) 361
(0.002 0.074 0.238) 361
(0.002 0.078 0.238) 361
(0.002 0.082 0.238) 477
(0.002 0.086 0.238) 477
(0.002 0.09 0.238) 477
(0.002 0.094 0.238) 478
(0.002 0.098 0.238) 478
(0.002 0.102 0.238) 479
(0.002 0.106 0.238) 479
(0.002 0.11 0.238) 480
(0.002 0.114 0.238) 480
(0.002 0.118 0.238) 480
(0.002 0.122 0.238) 481
(0.002 0.126 0.238) 481
(0.002 0.13 0.238) 482
(0.002 0.134 0.238) 482
(0.002 0.138 0.238) 482
(0.002 0.142 0.238) 483
(0.002 0.146 0.238) 483
(0.002 0.002 0.242) 84
(0.002 0.006 0.242) 84
(0.002 0.01 0.242) 84
(0.002 0.014 0.242) 85
(0.002 0.018 0.242) 85
(0.002 0.022 0.242) 86
(0.002 0.026 0.242) 86
(0.002 0.03 0.242) 86
(0.002 0.034 0.242) 87
(0.002 0.038 0.242) 87
(0.002 0.042 0.242) 88
(0.002 0.046 0.242) 88
(0.002 0.05 0.242) 89
(0.002 0.054 0.242) 89
(0.002 0.058 0.242) 89
(0.002 0.062 0.242) 90
(0.002 0.066 0.242) 90
(0.002 0.07 0.242) 362
(0.002 0.074 0.242) 362
(0.002 0.078 0.242) 362
(0.002 0.082 0.242) 484
(0.002 0.086 0.242) 484
(0.002 0.09 0.242) 484
(0.002 0.094 0.242) 485
(0.002 0.098 0.242) 485
(0.002 0.102 0.242) 486
(0.002 0.106 0.242) 486
(0.002 0.11 0.242) 487
(0.002 0.114 0.242) 487
(0.002 0.118 0.242) 487
(0.002 0.122 0.242) 488
(0.002 0.126 0.242) 488
(0.002 0.13 0.242) 489
(0.002 0.134 0.242) 489
(0.002 0.138 0.242) 489
(0.002 0.142 0.242) 490
(0.002 0.146 0.242) 490
(0.002 0.002 0.246) 84
(0.002 0.00599999 0.246) 84
(0.002 0.01 0.246) 84
(0.002 0.014 0.246) 85
(0.002 0.018 0.246) 85
(0.002 0.022 0.246) 86
(0.002 0.026 0.246) 86
(0.002 0.03 0.246) 87
(0.002 0.034 0.246) 87
(0.002 0.038 0.246) 87
(0.002 0.042 0.246) 88
(0.002 0.046 0.246) 88
(0.002 0.05 0.246) 89
(0.002 0.054 0.246) 89
(0.002 0.058 0.246) 89
(0.002 0.062 0.246) 90
(0.002 0.066 0.246) 90
(0.002 0.07 0.246) 362
(0.002 0.074 0.246) 362
(0.002 0.078 0.246) 362
(0.002 0.082 0.246) 484
(0.002 0.086 0.246) 484
(0.002 0.09 0.246) 485
(0.002 0.094 0.246) 485
(0.002 0.098 0.246) 485
(0.002 0.102 0.246) 486
(0.002 0.106 0.246) 486
(0.002 0.11 0.246) 486
(0.002 0.114 0.246) 487
(0.002 0.118 0.246) 487
(0.002 0.122 0.246) 488
(0.002 0.126 0.246) 488
(0.002 0.13 0.246) 488
(0.002 0.134 0.246) 489
(0.002 0.138 0.246) 489
(0.002 0.142 0.246) 490
(0.002 0.146 0.246) 490
(0.002 0.00199998 0.25) 84
(0.002 0.00599997 0.25) 84
(0.002 0.01 0.25) 85
(0.002 0.014 0.25) 85
(0.002 0.018 0.25) 85
(0.002 0.022 0.25) 86
(0.002 0.026 0.25) 86
(0.002 0.03 0.25) 86
(0.002 0.034 0.25) 87
(0.002 0.038 0.25) 87
(0.002 0.042 0.25) 88
(0.002 0.046 0.25) 88
(0.002 0.05 0.25) 88
(0.002 0.054 0.25) 89
(0.002 0.058 0.25) 89
(0.002 0.062 0.25) 90
(0.002 0.066 0.25) 90
(0.002 0.07 0.25) 362
(0.002 0.074 0.25) 362
(0.002 0.078 0.25) 362
(0.002 0.082 0.25) 484
(0.002 0.086 0.25) 484
(0.002 0.09 0.25) 484
(0.002 0.094 0.25) 485
(0.002 0.098 0.25) 485
(0.002 0.102 0.25) 486
(0.002 0.106 0.25) 486
(0.002 0.11 0.25) 487
(0.002 0.114 0.25) 487
(0.002 0.118 0.25) 487
(0.002 0.122 0.25) 488
(0.002 0.126 0.25) 488
(0.002 0.13 0.25) 489
(0.002 0.134 0.25) 489
(0.002 0.138 0.25) 489
(0.002 0.142 0.25) 490
(0.002 0.146 0.25) 490
(0.002 0.002 0.254) 84
(0.002 0.006 0.254) 84
(0.002 0.01 0.254) 85
(0.002 0.014 0.254) 85
(0.002 0.018 0.254) 85
(0.002 0.022 0.254) 86
(0.002 0.026 0.254) 86
(0.002 0.03 0.254) 87
(0.002 0.034 0.254) 87
(0.002 0.038 0.254) 87
(0.002 0.042 0.254) 88
(0.002 0.046 0.254) 88
(0.002 0.05 0.254) 88
(0.002 0.054 0.254) 89
(0.002 0.058 0.254) 89
(0.002 0.062 0.254) 90
(0.002 0.066 0.254) 90
(0.002 0.07 0.254) 362
(0.002 0.074 0.254) 362
(0.002 0.078 0.254) 362
(0.002 0.082 0.254) 484
(0.002 0.086 0.254) 484
(0.002 0.09 0.254) 485
(0.002 0.094 0.254) 485
(0.002 0.098 0.254) 485
(0.002 0.102 0.254) 486
(0.002 0.106 0.254) 486
(0.002 0.11 0.254) 487
(0.002 0.114 0.254) 487
(0.002 0.118 0.254) 487
(0.002 0.122 0.254) 488
(0.002 0.126 0.254) 488
(0.002 0.13 0.254) 489
(0.002 0.134 0.254) 489
(0.002 0.138 0.254) 489
(0.002 0.142 0.254) 490
(0.002 0.146 0.254) 490
(0.002 0.00199999 0.258) 84
(0.002 0.00599999 0.258) 84
(0.002 0.01 0.258) 85
(0.002 0.014 0.258) 85
(0.002 0.018 0.258) 85
(0.002 0.022 0.258) 86
(0.002 0.026 0.258) 86
(0.002 0.03 0.258) 87
(0.002 0.034 0.258) 87
(0.002 0.038 0.258) 87
(0.002 0.042 0.258) 88
(0.002 0.046 0.258) 88
(0.002 0.05 0.258) 88
(0.002 0.054 0.258) 89
(0.002 0.058 0.258) 89
(0.002 0.062 0.258) 90
(0.002 0.066 0.258) 90
(0.002 0.07 0.258) 362
(0.002 0.074 0.258) 362
(0.002 0.078 0.258) 362
(0.002 0.082 0.258) 484
(0.002 0.086 0.258) 484
(0.002 0.09 0.258) 485
(0.002 0.094 0.258) 485
(0.002 0.098 0.258) 485
(0.002 0.102 0.258) 486
(0.002 0.106 0.258) 486
(0.002 0.11 0.258) 487
(0.002 0.114 0.258) 487
(0.002 0.118 0.258) 487
(0.002 0.122 0.258) 488
(0.002 0.126 0.258) 488
(0.002 0.13 0.258) 489
(0.002 0.134 0.258) 489
(0.002 0.138 0.258) 489
(0.002 0.142 0.258) 490
(0.002 0.146 0.258) 490
)


// ************************************************************************* //
