/*--------------------------------*- C++ -*----------------------------------*\
| =========                 |                                                 |
| \\      /  F ield         | OpenFOAM: The Open Source CFD Toolbox           |
|  \\    /   O peration     | Version:  2.2.x                                 |
|   \\  /    A nd           | Web:      www.OpenFOAM.org                      |
|    \\/     M anipulation  |                                                 |
\*---------------------------------------------------------------------------*/
FoamFile
{
    version     2.0;
    format      ascii;
    class       faceList;
    location    "constant/polyMesh";
    object      faces;
}
// * * * * * * * * * * * * * * * * * * * * * * * * * * * * * * * * * * * * * //


3065
(
4(2 18 19 3)
4(16 17 19 18)
4(4 20 21 5)
4(18 19 21 20)
4(6 22 23 7)
4(20 21 23 22)
4(8 24 25 9)
4(22 23 25 24)
4(10 26 27 11)
4(24 25 27 26)
4(12 28 29 13)
4(26 27 29 28)
4(28 29 31 30)
4(14 30 31 15)
4(18 34 35 19)
4(32 33 35 34)
4(20 36 37 21)
4(34 35 37 36)
4(22 38 39 23)
4(36 37 39 38)
4(24 40 41 25)
4(38 39 41 40)
4(26 42 43 27)
4(40 41 43 42)
4(28 44 45 29)
4(42 43 45 44)
4(44 45 47 46)
4(30 46 47 31)
4(34 50 51 35)
4(48 49 51 50)
4(36 52 53 37)
4(50 51 53 52)
4(38 54 55 39)
4(52 53 55 54)
4(40 56 57 41)
4(54 55 57 56)
4(42 58 59 43)
4(56 57 59 58)
4(44 60 61 45)
4(58 59 61 60)
4(60 61 63 62)
4(46 62 63 47)
4(50 66 67 51)
4(64 65 67 66)
4(52 68 69 53)
4(66 67 69 68)
4(54 70 71 55)
4(68 69 71 70)
4(56 72 73 57)
4(70 71 73 72)
4(58 74 75 59)
4(72 73 75 74)
4(60 76 77 61)
4(74 75 77 76)
4(76 77 79 78)
4(62 78 79 63)
4(66 82 83 67)
4(80 81 83 82)
4(68 84 85 69)
4(82 83 85 84)
4(70 86 87 71)
4(84 85 87 86)
4(72 88 89 73)
4(86 87 89 88)
4(74 90 91 75)
4(88 89 91 90)
4(76 92 93 77)
4(90 91 93 92)
4(92 93 95 94)
4(78 94 95 79)
4(82 98 99 83)
4(96 97 99 98)
4(84 100 101 85)
4(98 99 101 100)
4(86 102 103 87)
4(100 101 103 102)
4(88 104 105 89)
4(102 103 105 104)
4(90 106 107 91)
4(104 105 107 106)
4(92 108 109 93)
4(106 107 109 108)
4(108 109 111 110)
4(94 110 111 95)
4(98 114 115 99)
4(112 113 115 114)
4(100 116 117 101)
4(114 115 117 116)
4(102 118 119 103)
4(116 117 119 118)
4(104 120 121 105)
4(118 119 121 120)
4(106 122 123 107)
4(120 121 123 122)
4(108 124 125 109)
4(122 123 125 124)
4(124 125 127 126)
4(110 126 127 111)
4(114 130 131 115)
4(128 129 131 130)
4(116 132 133 117)
4(130 131 133 132)
4(118 134 135 119)
4(132 133 135 134)
4(120 136 137 121)
4(134 135 137 136)
4(122 138 139 123)
4(136 137 139 138)
4(124 140 141 125)
4(138 139 141 140)
4(140 141 143 142)
4(126 142 143 127)
4(130 146 147 131)
4(144 145 147 146)
4(132 148 149 133)
4(146 147 149 148)
4(134 150 151 135)
4(148 149 151 150)
4(136 152 153 137)
4(150 151 153 152)
4(138 154 155 139)
4(152 153 155 154)
4(140 156 157 141)
4(154 155 157 156)
4(156 157 159 158)
4(142 158 159 143)
4(146 162 163 147)
4(160 161 163 162)
4(148 164 165 149)
4(162 163 165 164)
4(150 166 167 151)
4(164 165 167 166)
4(152 168 169 153)
4(166 167 169 168)
4(154 170 171 155)
4(168 169 171 170)
4(156 172 173 157)
4(170 171 173 172)
4(172 173 175 174)
4(158 174 175 159)
4(162 178 179 163)
4(176 177 179 178)
4(164 180 181 165)
4(178 179 181 180)
4(166 182 183 167)
4(180 181 183 182)
4(168 184 185 169)
4(182 183 185 184)
4(170 186 187 171)
4(184 185 187 186)
4(172 188 189 173)
4(186 187 189 188)
4(188 189 191 190)
4(174 190 191 175)
4(178 194 195 179)
4(192 193 195 194)
4(180 196 197 181)
4(194 195 197 196)
4(182 198 199 183)
4(196 197 199 198)
4(184 200 201 185)
4(198 199 201 200)
4(186 202 203 187)
4(200 201 203 202)
4(188 204 205 189)
4(202 203 205 204)
4(204 205 207 206)
4(190 206 207 191)
4(194 210 211 195)
4(208 209 211 210)
4(196 212 213 197)
4(210 211 213 212)
4(198 214 215 199)
4(212 213 215 214)
4(200 216 217 201)
4(214 215 217 216)
4(202 218 219 203)
4(216 217 219 218)
4(204 220 221 205)
4(218 219 221 220)
4(220 221 223 222)
4(206 222 223 207)
4(210 226 227 211)
4(224 225 227 226)
4(212 228 229 213)
4(226 227 229 228)
4(214 230 231 215)
4(228 229 231 230)
4(216 232 233 217)
4(230 231 233 232)
4(218 234 235 219)
4(232 233 235 234)
4(220 236 237 221)
4(234 235 237 236)
4(236 237 239 238)
4(222 238 239 223)
4(226 242 243 227)
4(240 241 243 242)
4(228 244 245 229)
4(242 243 245 244)
4(230 246 247 231)
4(244 245 247 246)
4(232 248 249 233)
4(246 247 249 248)
4(234 250 251 235)
4(248 249 251 250)
4(236 252 253 237)
4(250 251 253 252)
4(252 253 255 254)
4(238 254 255 239)
4(242 258 259 243)
4(256 257 259 258)
4(244 260 261 245)
4(258 259 261 260)
4(246 262 263 247)
4(260 261 263 262)
4(248 264 265 249)
4(262 263 265 264)
4(250 266 267 251)
4(264 265 267 266)
4(252 268 269 253)
4(266 267 269 268)
4(268 269 271 270)
4(254 270 271 255)
4(258 274 275 259)
4(272 273 275 274)
4(260 276 277 261)
4(274 275 277 276)
4(262 278 279 263)
4(276 277 279 278)
4(264 280 281 265)
4(278 279 281 280)
4(266 282 283 267)
4(280 281 283 282)
4(268 284 285 269)
4(282 283 285 284)
4(284 285 287 286)
4(270 286 287 271)
4(274 290 291 275)
4(288 289 291 290)
4(276 292 293 277)
4(290 291 293 292)
4(278 294 295 279)
4(292 293 295 294)
4(280 296 297 281)
4(294 295 297 296)
4(282 298 299 283)
4(296 297 299 298)
4(284 300 301 285)
4(298 299 301 300)
4(300 301 303 302)
4(286 302 303 287)
4(290 306 307 291)
4(304 305 307 306)
4(292 308 309 293)
4(306 307 309 308)
4(294 310 311 295)
4(308 309 311 310)
4(296 312 313 297)
4(310 311 313 312)
4(298 314 315 299)
4(312 313 315 314)
4(300 316 317 301)
4(314 315 317 316)
4(316 317 319 318)
4(302 318 319 303)
4(306 322 323 307)
4(320 321 323 322)
4(308 324 325 309)
4(322 323 325 324)
4(310 326 327 311)
4(324 325 327 326)
4(312 328 329 313)
4(326 327 329 328)
4(314 330 331 315)
4(328 329 331 330)
4(316 332 333 317)
4(330 331 333 332)
4(332 333 335 334)
4(318 334 335 319)
4(322 338 339 323)
4(336 337 339 338)
4(324 340 341 325)
4(338 339 341 340)
4(326 342 343 327)
4(340 341 343 342)
4(328 344 345 329)
4(342 343 345 344)
4(330 346 347 331)
4(344 345 347 346)
4(332 348 349 333)
4(346 347 349 348)
4(348 349 351 350)
4(334 350 351 335)
4(338 354 355 339)
4(352 353 355 354)
4(340 356 357 341)
4(354 355 357 356)
4(342 358 359 343)
4(356 357 359 358)
4(344 360 361 345)
4(358 359 361 360)
4(346 362 363 347)
4(360 361 363 362)
4(348 364 365 349)
4(362 363 365 364)
4(364 365 367 366)
4(350 366 367 351)
4(354 370 371 355)
4(368 369 371 370)
4(356 372 373 357)
4(370 371 373 372)
4(358 374 375 359)
4(372 373 375 374)
4(360 376 377 361)
4(374 375 377 376)
4(362 378 379 363)
4(376 377 379 378)
4(364 380 381 365)
4(378 379 381 380)
4(380 381 383 382)
4(366 382 383 367)
4(370 386 387 371)
4(384 385 387 386)
4(372 388 389 373)
4(386 387 389 388)
4(374 390 391 375)
4(388 389 391 390)
4(376 392 393 377)
4(390 391 393 392)
4(378 394 395 379)
4(392 393 395 394)
4(380 396 397 381)
4(394 395 397 396)
4(396 397 399 398)
4(382 398 399 383)
4(386 402 403 387)
4(400 401 403 402)
4(388 404 405 389)
4(402 403 405 404)
4(390 406 407 391)
4(404 405 407 406)
4(392 408 409 393)
4(406 407 409 408)
4(394 410 411 395)
4(408 409 411 410)
4(396 412 413 397)
4(410 411 413 412)
4(412 413 415 414)
4(398 414 415 399)
4(402 418 419 403)
4(416 417 419 418)
4(404 420 421 405)
4(418 419 421 420)
4(406 422 423 407)
4(420 421 423 422)
4(408 424 425 409)
4(422 423 425 424)
4(410 426 427 411)
4(424 425 427 426)
4(412 428 429 413)
4(426 427 429 428)
4(428 429 431 430)
4(414 430 431 415)
4(418 434 435 419)
4(432 433 435 434)
4(420 436 437 421)
4(434 435 437 436)
4(422 438 439 423)
4(436 437 439 438)
4(424 440 441 425)
4(438 439 441 440)
4(426 442 443 427)
4(440 441 443 442)
4(428 444 445 429)
4(442 443 445 444)
4(444 445 447 446)
4(430 446 447 431)
4(434 450 451 435)
4(448 449 451 450)
4(436 452 453 437)
4(450 451 453 452)
4(438 454 455 439)
4(452 453 455 454)
4(440 456 457 441)
4(454 455 457 456)
4(442 458 459 443)
4(456 457 459 458)
4(444 460 461 445)
4(458 459 461 460)
4(460 461 463 462)
4(446 462 463 447)
4(450 466 467 451)
4(464 465 467 466)
4(452 468 469 453)
4(466 467 469 468)
4(454 470 471 455)
4(468 469 471 470)
4(456 472 473 457)
4(470 471 473 472)
4(458 474 475 459)
4(472 473 475 474)
4(460 476 477 461)
4(474 475 477 476)
4(476 477 479 478)
4(462 478 479 463)
4(466 482 483 467)
4(480 481 483 482)
4(468 484 485 469)
4(482 483 485 484)
4(470 486 487 471)
4(484 485 487 486)
4(472 488 489 473)
4(486 487 489 488)
4(474 490 491 475)
4(488 489 491 490)
4(476 492 493 477)
4(490 491 493 492)
4(492 493 495 494)
4(478 494 495 479)
4(482 498 499 483)
4(496 497 499 498)
4(484 500 501 485)
4(498 499 501 500)
4(486 502 503 487)
4(500 501 503 502)
4(488 504 505 489)
4(502 503 505 504)
4(490 506 507 491)
4(504 505 507 506)
4(492 508 509 493)
4(506 507 509 508)
4(508 509 511 510)
4(494 510 511 495)
4(498 514 515 499)
4(512 513 515 514)
4(500 516 517 501)
4(514 515 517 516)
4(502 518 519 503)
4(516 517 519 518)
4(504 520 521 505)
4(518 519 521 520)
4(506 522 523 507)
4(520 521 523 522)
4(508 524 525 509)
4(522 523 525 524)
4(524 525 527 526)
4(510 526 527 511)
4(514 530 531 515)
4(528 529 531 530)
4(516 532 533 517)
4(530 531 533 532)
4(518 534 535 519)
4(532 533 535 534)
4(520 536 537 521)
4(534 535 537 536)
4(522 538 539 523)
4(536 537 539 538)
4(524 540 541 525)
4(538 539 541 540)
4(540 541 543 542)
4(526 542 543 527)
4(530 546 547 531)
4(544 545 547 546)
4(532 548 549 533)
4(546 547 549 548)
4(534 550 551 535)
4(548 549 551 550)
4(536 552 553 537)
4(550 551 553 552)
4(538 554 555 539)
4(552 553 555 554)
4(540 556 557 541)
4(554 555 557 556)
4(556 557 559 558)
4(542 558 559 543)
4(546 562 563 547)
4(560 561 563 562)
4(548 564 565 549)
4(562 563 565 564)
4(550 566 567 551)
4(564 565 567 566)
4(552 568 569 553)
4(566 567 569 568)
4(554 570 571 555)
4(568 569 571 570)
4(556 572 573 557)
4(570 571 573 572)
4(572 573 575 574)
4(558 574 575 559)
4(562 578 579 563)
4(576 577 579 578)
4(564 580 581 565)
4(578 579 581 580)
4(566 582 583 567)
4(580 581 583 582)
4(568 584 585 569)
4(582 583 585 584)
4(570 586 587 571)
4(584 585 587 586)
4(572 588 589 573)
4(586 587 589 588)
4(588 589 591 590)
4(574 590 591 575)
4(578 594 595 579)
4(592 593 595 594)
4(580 596 597 581)
4(594 595 597 596)
4(582 598 599 583)
4(596 597 599 598)
4(584 600 601 585)
4(598 599 601 600)
4(586 602 603 587)
4(600 601 603 602)
4(588 604 605 589)
4(602 603 605 604)
4(604 605 607 606)
4(590 606 607 591)
4(594 610 611 595)
4(608 609 611 610)
4(596 612 613 597)
4(610 611 613 612)
4(598 614 615 599)
4(612 613 615 614)
4(600 616 617 601)
4(614 615 617 616)
4(602 618 619 603)
4(616 617 619 618)
4(604 620 621 605)
4(618 619 621 620)
4(620 621 623 622)
4(606 622 623 607)
4(610 626 627 611)
4(624 625 627 626)
4(612 628 629 613)
4(626 627 629 628)
4(614 630 631 615)
4(628 629 631 630)
4(616 632 633 617)
4(630 631 633 632)
4(618 634 635 619)
4(632 633 635 634)
4(620 636 637 621)
4(634 635 637 636)
4(636 637 639 638)
4(622 638 639 623)
4(626 642 643 627)
4(640 641 643 642)
4(628 644 645 629)
4(642 643 645 644)
4(630 646 647 631)
4(644 645 647 646)
4(632 648 649 633)
4(646 647 649 648)
4(634 650 651 635)
4(648 649 651 650)
4(636 652 653 637)
4(650 651 653 652)
4(652 653 655 654)
4(638 654 655 639)
4(642 658 659 643)
4(656 657 659 658)
4(644 660 661 645)
4(658 659 661 660)
4(646 662 663 647)
4(660 661 663 662)
4(648 664 665 649)
4(662 663 665 664)
4(650 666 667 651)
4(664 665 667 666)
4(652 668 669 653)
4(666 667 669 668)
4(668 669 671 670)
4(654 670 671 655)
4(658 674 675 659)
4(672 673 675 674)
4(660 676 677 661)
4(674 675 677 676)
4(662 678 679 663)
4(676 677 679 678)
4(664 680 681 665)
4(678 679 681 680)
4(666 682 683 667)
4(680 681 683 682)
4(668 684 685 669)
4(682 683 685 684)
4(684 685 687 686)
4(670 686 687 671)
4(674 690 691 675)
4(688 689 691 690)
4(676 692 693 677)
4(690 691 693 692)
4(678 694 695 679)
4(692 693 695 694)
4(680 696 697 681)
4(694 695 697 696)
4(682 698 699 683)
4(696 697 699 698)
4(684 700 701 685)
4(698 699 701 700)
4(700 701 703 702)
4(686 702 703 687)
4(690 706 707 691)
4(704 705 707 706)
4(692 708 709 693)
4(706 707 709 708)
4(694 710 711 695)
4(708 709 711 710)
4(696 712 713 697)
4(710 711 713 712)
4(698 714 715 699)
4(712 713 715 714)
4(700 716 717 701)
4(714 715 717 716)
4(716 717 719 718)
4(702 718 719 703)
4(706 722 723 707)
4(720 721 723 722)
4(708 724 725 709)
4(722 723 725 724)
4(710 726 727 711)
4(724 725 727 726)
4(712 728 729 713)
4(726 727 729 728)
4(714 730 731 715)
4(728 729 731 730)
4(716 732 733 717)
4(730 731 733 732)
4(732 733 735 734)
4(718 734 735 719)
4(722 738 739 723)
4(736 737 739 738)
4(724 740 741 725)
4(738 739 741 740)
4(726 742 743 727)
4(740 741 743 742)
4(728 744 745 729)
4(742 743 745 744)
4(730 746 747 731)
4(744 745 747 746)
4(732 748 749 733)
4(746 747 749 748)
4(748 749 751 750)
4(734 750 751 735)
4(738 754 755 739)
4(752 753 755 754)
4(740 756 757 741)
4(754 755 757 756)
4(742 758 759 743)
4(756 757 759 758)
4(744 760 761 745)
4(758 759 761 760)
4(746 762 763 747)
4(760 761 763 762)
4(748 764 765 749)
4(762 763 765 764)
4(764 765 767 766)
4(750 766 767 751)
4(754 770 771 755)
4(768 769 771 770)
4(756 772 773 757)
4(770 771 773 772)
4(758 774 775 759)
4(772 773 775 774)
4(760 776 777 761)
4(774 775 777 776)
4(762 778 779 763)
4(776 777 779 778)
4(764 780 781 765)
4(778 779 781 780)
4(780 781 783 782)
4(766 782 783 767)
4(770 786 787 771)
4(784 785 787 786)
4(772 788 789 773)
4(786 787 789 788)
4(774 790 791 775)
4(788 789 791 790)
4(776 792 793 777)
4(790 791 793 792)
4(778 794 795 779)
4(792 793 795 794)
4(780 796 797 781)
4(794 795 797 796)
4(796 797 799 798)
4(782 798 799 783)
4(786 802 803 787)
4(788 804 805 789)
4(790 806 807 791)
4(792 808 809 793)
4(794 810 811 795)
4(796 812 813 797)
4(798 814 815 799)
4(30 31 819 818)
4(816 818 819 817)
4(46 47 821 820)
4(818 820 821 819)
4(62 63 823 822)
4(820 822 823 821)
4(78 79 825 824)
4(822 824 825 823)
4(94 95 827 826)
4(824 826 827 825)
4(110 111 829 828)
4(826 828 829 827)
4(126 127 831 830)
4(828 830 831 829)
4(142 143 833 832)
4(830 832 833 831)
4(158 159 835 834)
4(832 834 835 833)
4(174 175 837 836)
4(834 836 837 835)
4(190 191 839 838)
4(836 838 839 837)
4(206 207 841 840)
4(838 840 841 839)
4(222 223 843 842)
4(840 842 843 841)
4(238 239 845 844)
4(842 844 845 843)
4(254 255 847 846)
4(844 846 847 845)
4(270 271 849 848)
4(846 848 849 847)
4(286 287 851 850)
4(848 850 851 849)
4(302 303 853 852)
4(850 852 853 851)
4(318 319 855 854)
4(852 854 855 853)
4(334 335 857 856)
4(854 856 857 855)
4(350 351 859 858)
4(856 858 859 857)
4(366 367 861 860)
4(858 860 861 859)
4(382 383 863 862)
4(860 862 863 861)
4(398 399 865 864)
4(862 864 865 863)
4(414 415 867 866)
4(864 866 867 865)
4(430 431 869 868)
4(866 868 869 867)
4(446 447 871 870)
4(868 870 871 869)
4(462 463 873 872)
4(870 872 873 871)
4(478 479 875 874)
4(872 874 875 873)
4(494 495 877 876)
4(874 876 877 875)
4(510 511 879 878)
4(876 878 879 877)
4(526 527 881 880)
4(878 880 881 879)
4(542 543 883 882)
4(880 882 883 881)
4(558 559 885 884)
4(882 884 885 883)
4(574 575 887 886)
4(884 886 887 885)
4(590 591 889 888)
4(886 888 889 887)
4(606 607 891 890)
4(888 890 891 889)
4(622 623 893 892)
4(890 892 893 891)
4(638 639 895 894)
4(892 894 895 893)
4(654 655 897 896)
4(894 896 897 895)
4(670 671 899 898)
4(896 898 899 897)
4(686 687 901 900)
4(898 900 901 899)
4(702 703 903 902)
4(900 902 903 901)
4(718 719 905 904)
4(902 904 905 903)
4(734 735 907 906)
4(904 906 907 905)
4(750 751 909 908)
4(906 908 909 907)
4(766 767 911 910)
4(908 910 911 909)
4(782 783 913 912)
4(910 912 913 911)
4(798 799 915 914)
4(912 914 915 913)
4(914 916 917 915)
4(918 932 933 919)
4(818 819 933 932)
4(920 934 935 921)
4(932 933 935 934)
4(922 936 937 923)
4(934 935 937 936)
4(924 938 939 925)
4(936 937 939 938)
4(926 940 941 927)
4(938 939 941 940)
4(928 942 943 929)
4(940 941 943 942)
4(942 943 945 944)
4(932 946 947 933)
4(820 821 947 946)
4(934 948 949 935)
4(946 947 949 948)
4(936 950 951 937)
4(948 949 951 950)
4(938 952 953 939)
4(950 951 953 952)
4(940 954 955 941)
4(952 953 955 954)
4(942 956 957 943)
4(954 955 957 956)
4(956 957 959 958)
4(946 960 961 947)
4(822 823 961 960)
4(948 962 963 949)
4(960 961 963 962)
4(950 964 965 951)
4(962 963 965 964)
4(952 966 967 953)
4(964 965 967 966)
4(954 968 969 955)
4(966 967 969 968)
4(956 970 971 957)
4(968 969 971 970)
4(970 971 973 972)
4(960 974 975 961)
4(824 825 975 974)
4(962 976 977 963)
4(974 975 977 976)
4(964 978 979 965)
4(976 977 979 978)
4(966 980 981 967)
4(978 979 981 980)
4(968 982 983 969)
4(980 981 983 982)
4(970 984 985 971)
4(982 983 985 984)
4(984 985 987 986)
4(974 988 989 975)
4(826 827 989 988)
4(976 990 991 977)
4(988 989 991 990)
4(978 992 993 979)
4(990 991 993 992)
4(980 994 995 981)
4(992 993 995 994)
4(982 996 997 983)
4(994 995 997 996)
4(984 998 999 985)
4(996 997 999 998)
4(998 999 1001 1000)
4(988 1002 1003 989)
4(828 829 1003 1002)
4(990 1004 1005 991)
4(1002 1003 1005 1004)
4(992 1006 1007 993)
4(1004 1005 1007 1006)
4(994 1008 1009 995)
4(1006 1007 1009 1008)
4(996 1010 1011 997)
4(1008 1009 1011 1010)
4(998 1012 1013 999)
4(1010 1011 1013 1012)
4(1012 1013 1015 1014)
4(1002 1016 1017 1003)
4(830 831 1017 1016)
4(1004 1018 1019 1005)
4(1016 1017 1019 1018)
4(1006 1020 1021 1007)
4(1018 1019 1021 1020)
4(1008 1022 1023 1009)
4(1020 1021 1023 1022)
4(1010 1024 1025 1011)
4(1022 1023 1025 1024)
4(1012 1026 1027 1013)
4(1024 1025 1027 1026)
4(1026 1027 1029 1028)
4(1016 1030 1031 1017)
4(832 833 1031 1030)
4(1018 1032 1033 1019)
4(1030 1031 1033 1032)
4(1020 1034 1035 1021)
4(1032 1033 1035 1034)
4(1022 1036 1037 1023)
4(1034 1035 1037 1036)
4(1024 1038 1039 1025)
4(1036 1037 1039 1038)
4(1026 1040 1041 1027)
4(1038 1039 1041 1040)
4(1040 1041 1043 1042)
4(1030 1044 1045 1031)
4(834 835 1045 1044)
4(1032 1046 1047 1033)
4(1044 1045 1047 1046)
4(1034 1048 1049 1035)
4(1046 1047 1049 1048)
4(1036 1050 1051 1037)
4(1048 1049 1051 1050)
4(1038 1052 1053 1039)
4(1050 1051 1053 1052)
4(1040 1054 1055 1041)
4(1052 1053 1055 1054)
4(1054 1055 1057 1056)
4(1044 1058 1059 1045)
4(836 837 1059 1058)
4(1046 1060 1061 1047)
4(1058 1059 1061 1060)
4(1048 1062 1063 1049)
4(1060 1061 1063 1062)
4(1050 1064 1065 1051)
4(1062 1063 1065 1064)
4(1052 1066 1067 1053)
4(1064 1065 1067 1066)
4(1054 1068 1069 1055)
4(1066 1067 1069 1068)
4(1068 1069 1071 1070)
4(1058 1072 1073 1059)
4(838 839 1073 1072)
4(1060 1074 1075 1061)
4(1072 1073 1075 1074)
4(1062 1076 1077 1063)
4(1074 1075 1077 1076)
4(1064 1078 1079 1065)
4(1076 1077 1079 1078)
4(1066 1080 1081 1067)
4(1078 1079 1081 1080)
4(1068 1082 1083 1069)
4(1080 1081 1083 1082)
4(1082 1083 1085 1084)
4(1072 1086 1087 1073)
4(840 841 1087 1086)
4(1074 1088 1089 1075)
4(1086 1087 1089 1088)
4(1076 1090 1091 1077)
4(1088 1089 1091 1090)
4(1078 1092 1093 1079)
4(1090 1091 1093 1092)
4(1080 1094 1095 1081)
4(1092 1093 1095 1094)
4(1082 1096 1097 1083)
4(1094 1095 1097 1096)
4(1096 1097 1099 1098)
4(1086 1100 1101 1087)
4(842 843 1101 1100)
4(1088 1102 1103 1089)
4(1100 1101 1103 1102)
4(1090 1104 1105 1091)
4(1102 1103 1105 1104)
4(1092 1106 1107 1093)
4(1104 1105 1107 1106)
4(1094 1108 1109 1095)
4(1106 1107 1109 1108)
4(1096 1110 1111 1097)
4(1108 1109 1111 1110)
4(1110 1111 1113 1112)
4(1100 1114 1115 1101)
4(844 845 1115 1114)
4(1102 1116 1117 1103)
4(1114 1115 1117 1116)
4(1104 1118 1119 1105)
4(1116 1117 1119 1118)
4(1106 1120 1121 1107)
4(1118 1119 1121 1120)
4(1108 1122 1123 1109)
4(1120 1121 1123 1122)
4(1110 1124 1125 1111)
4(1122 1123 1125 1124)
4(1124 1125 1127 1126)
4(1114 1128 1129 1115)
4(846 847 1129 1128)
4(1116 1130 1131 1117)
4(1128 1129 1131 1130)
4(1118 1132 1133 1119)
4(1130 1131 1133 1132)
4(1120 1134 1135 1121)
4(1132 1133 1135 1134)
4(1122 1136 1137 1123)
4(1134 1135 1137 1136)
4(1124 1138 1139 1125)
4(1136 1137 1139 1138)
4(1138 1139 1141 1140)
4(1128 1142 1143 1129)
4(848 849 1143 1142)
4(1130 1144 1145 1131)
4(1142 1143 1145 1144)
4(1132 1146 1147 1133)
4(1144 1145 1147 1146)
4(1134 1148 1149 1135)
4(1146 1147 1149 1148)
4(1136 1150 1151 1137)
4(1148 1149 1151 1150)
4(1138 1152 1153 1139)
4(1150 1151 1153 1152)
4(1152 1153 1155 1154)
4(1142 1156 1157 1143)
4(850 851 1157 1156)
4(1144 1158 1159 1145)
4(1156 1157 1159 1158)
4(1146 1160 1161 1147)
4(1158 1159 1161 1160)
4(1148 1162 1163 1149)
4(1160 1161 1163 1162)
4(1150 1164 1165 1151)
4(1162 1163 1165 1164)
4(1152 1166 1167 1153)
4(1164 1165 1167 1166)
4(1166 1167 1169 1168)
4(1156 1170 1171 1157)
4(852 853 1171 1170)
4(1158 1172 1173 1159)
4(1170 1171 1173 1172)
4(1160 1174 1175 1161)
4(1172 1173 1175 1174)
4(1162 1176 1177 1163)
4(1174 1175 1177 1176)
4(1164 1178 1179 1165)
4(1176 1177 1179 1178)
4(1166 1180 1181 1167)
4(1178 1179 1181 1180)
4(1180 1181 1183 1182)
4(1170 1184 1185 1171)
4(854 855 1185 1184)
4(1172 1186 1187 1173)
4(1184 1185 1187 1186)
4(1174 1188 1189 1175)
4(1186 1187 1189 1188)
4(1176 1190 1191 1177)
4(1188 1189 1191 1190)
4(1178 1192 1193 1179)
4(1190 1191 1193 1192)
4(1180 1194 1195 1181)
4(1192 1193 1195 1194)
4(1194 1195 1197 1196)
4(1184 1198 1199 1185)
4(856 857 1199 1198)
4(1186 1200 1201 1187)
4(1198 1199 1201 1200)
4(1188 1202 1203 1189)
4(1200 1201 1203 1202)
4(1190 1204 1205 1191)
4(1202 1203 1205 1204)
4(1192 1206 1207 1193)
4(1204 1205 1207 1206)
4(1194 1208 1209 1195)
4(1206 1207 1209 1208)
4(1208 1209 1211 1210)
4(1198 1212 1213 1199)
4(858 859 1213 1212)
4(1200 1214 1215 1201)
4(1212 1213 1215 1214)
4(1202 1216 1217 1203)
4(1214 1215 1217 1216)
4(1204 1218 1219 1205)
4(1216 1217 1219 1218)
4(1206 1220 1221 1207)
4(1218 1219 1221 1220)
4(1208 1222 1223 1209)
4(1220 1221 1223 1222)
4(1222 1223 1225 1224)
4(1212 1226 1227 1213)
4(860 861 1227 1226)
4(1214 1228 1229 1215)
4(1226 1227 1229 1228)
4(1216 1230 1231 1217)
4(1228 1229 1231 1230)
4(1218 1232 1233 1219)
4(1230 1231 1233 1232)
4(1220 1234 1235 1221)
4(1232 1233 1235 1234)
4(1222 1236 1237 1223)
4(1234 1235 1237 1236)
4(1236 1237 1239 1238)
4(1226 1240 1241 1227)
4(862 863 1241 1240)
4(1228 1242 1243 1229)
4(1240 1241 1243 1242)
4(1230 1244 1245 1231)
4(1242 1243 1245 1244)
4(1232 1246 1247 1233)
4(1244 1245 1247 1246)
4(1234 1248 1249 1235)
4(1246 1247 1249 1248)
4(1236 1250 1251 1237)
4(1248 1249 1251 1250)
4(1250 1251 1253 1252)
4(1240 1254 1255 1241)
4(864 865 1255 1254)
4(1242 1256 1257 1243)
4(1254 1255 1257 1256)
4(1244 1258 1259 1245)
4(1256 1257 1259 1258)
4(1246 1260 1261 1247)
4(1258 1259 1261 1260)
4(1248 1262 1263 1249)
4(1260 1261 1263 1262)
4(1250 1264 1265 1251)
4(1262 1263 1265 1264)
4(1264 1265 1267 1266)
4(1254 1268 1269 1255)
4(866 867 1269 1268)
4(1256 1270 1271 1257)
4(1268 1269 1271 1270)
4(1258 1272 1273 1259)
4(1270 1271 1273 1272)
4(1260 1274 1275 1261)
4(1272 1273 1275 1274)
4(1262 1276 1277 1263)
4(1274 1275 1277 1276)
4(1264 1278 1279 1265)
4(1276 1277 1279 1278)
4(1278 1279 1281 1280)
4(1268 1282 1283 1269)
4(868 869 1283 1282)
4(1270 1284 1285 1271)
4(1282 1283 1285 1284)
4(1272 1286 1287 1273)
4(1284 1285 1287 1286)
4(1274 1288 1289 1275)
4(1286 1287 1289 1288)
4(1276 1290 1291 1277)
4(1288 1289 1291 1290)
4(1278 1292 1293 1279)
4(1290 1291 1293 1292)
4(1292 1293 1295 1294)
4(1282 1296 1297 1283)
4(870 871 1297 1296)
4(1284 1298 1299 1285)
4(1296 1297 1299 1298)
4(1286 1300 1301 1287)
4(1298 1299 1301 1300)
4(1288 1302 1303 1289)
4(1300 1301 1303 1302)
4(1290 1304 1305 1291)
4(1302 1303 1305 1304)
4(1292 1306 1307 1293)
4(1304 1305 1307 1306)
4(1306 1307 1309 1308)
4(1296 1310 1311 1297)
4(872 873 1311 1310)
4(1298 1312 1313 1299)
4(1310 1311 1313 1312)
4(1300 1314 1315 1301)
4(1312 1313 1315 1314)
4(1302 1316 1317 1303)
4(1314 1315 1317 1316)
4(1304 1318 1319 1305)
4(1316 1317 1319 1318)
4(1306 1320 1321 1307)
4(1318 1319 1321 1320)
4(1320 1321 1323 1322)
4(1310 1324 1325 1311)
4(874 875 1325 1324)
4(1312 1326 1327 1313)
4(1324 1325 1327 1326)
4(1314 1328 1329 1315)
4(1326 1327 1329 1328)
4(1316 1330 1331 1317)
4(1328 1329 1331 1330)
4(1318 1332 1333 1319)
4(1330 1331 1333 1332)
4(1320 1334 1335 1321)
4(1332 1333 1335 1334)
4(1334 1335 1337 1336)
4(1324 1338 1339 1325)
4(876 877 1339 1338)
4(1326 1340 1341 1327)
4(1338 1339 1341 1340)
4(1328 1342 1343 1329)
4(1340 1341 1343 1342)
4(1330 1344 1345 1331)
4(1342 1343 1345 1344)
4(1332 1346 1347 1333)
4(1344 1345 1347 1346)
4(1334 1348 1349 1335)
4(1346 1347 1349 1348)
4(1348 1349 1351 1350)
4(1338 1352 1353 1339)
4(878 879 1353 1352)
4(1340 1354 1355 1341)
4(1352 1353 1355 1354)
4(1342 1356 1357 1343)
4(1354 1355 1357 1356)
4(1344 1358 1359 1345)
4(1356 1357 1359 1358)
4(1346 1360 1361 1347)
4(1358 1359 1361 1360)
4(1348 1362 1363 1349)
4(1360 1361 1363 1362)
4(1362 1363 1365 1364)
4(1352 1366 1367 1353)
4(880 881 1367 1366)
4(1354 1368 1369 1355)
4(1366 1367 1369 1368)
4(1356 1370 1371 1357)
4(1368 1369 1371 1370)
4(1358 1372 1373 1359)
4(1370 1371 1373 1372)
4(1360 1374 1375 1361)
4(1372 1373 1375 1374)
4(1362 1376 1377 1363)
4(1374 1375 1377 1376)
4(1376 1377 1379 1378)
4(1366 1380 1381 1367)
4(882 883 1381 1380)
4(1368 1382 1383 1369)
4(1380 1381 1383 1382)
4(1370 1384 1385 1371)
4(1382 1383 1385 1384)
4(1372 1386 1387 1373)
4(1384 1385 1387 1386)
4(1374 1388 1389 1375)
4(1386 1387 1389 1388)
4(1376 1390 1391 1377)
4(1388 1389 1391 1390)
4(1390 1391 1393 1392)
4(1380 1394 1395 1381)
4(884 885 1395 1394)
4(1382 1396 1397 1383)
4(1394 1395 1397 1396)
4(1384 1398 1399 1385)
4(1396 1397 1399 1398)
4(1386 1400 1401 1387)
4(1398 1399 1401 1400)
4(1388 1402 1403 1389)
4(1400 1401 1403 1402)
4(1390 1404 1405 1391)
4(1402 1403 1405 1404)
4(1404 1405 1407 1406)
4(1394 1408 1409 1395)
4(886 887 1409 1408)
4(1396 1410 1411 1397)
4(1408 1409 1411 1410)
4(1398 1412 1413 1399)
4(1410 1411 1413 1412)
4(1400 1414 1415 1401)
4(1412 1413 1415 1414)
4(1402 1416 1417 1403)
4(1414 1415 1417 1416)
4(1404 1418 1419 1405)
4(1416 1417 1419 1418)
4(1418 1419 1421 1420)
4(1408 1422 1423 1409)
4(888 889 1423 1422)
4(1410 1424 1425 1411)
4(1422 1423 1425 1424)
4(1412 1426 1427 1413)
4(1424 1425 1427 1426)
4(1414 1428 1429 1415)
4(1426 1427 1429 1428)
4(1416 1430 1431 1417)
4(1428 1429 1431 1430)
4(1418 1432 1433 1419)
4(1430 1431 1433 1432)
4(1432 1433 1435 1434)
4(1422 1436 1437 1423)
4(890 891 1437 1436)
4(1424 1438 1439 1425)
4(1436 1437 1439 1438)
4(1426 1440 1441 1427)
4(1438 1439 1441 1440)
4(1428 1442 1443 1429)
4(1440 1441 1443 1442)
4(1430 1444 1445 1431)
4(1442 1443 1445 1444)
4(1432 1446 1447 1433)
4(1444 1445 1447 1446)
4(1446 1447 1449 1448)
4(1436 1450 1451 1437)
4(892 893 1451 1450)
4(1438 1452 1453 1439)
4(1450 1451 1453 1452)
4(1440 1454 1455 1441)
4(1452 1453 1455 1454)
4(1442 1456 1457 1443)
4(1454 1455 1457 1456)
4(1444 1458 1459 1445)
4(1456 1457 1459 1458)
4(1446 1460 1461 1447)
4(1458 1459 1461 1460)
4(1460 1461 1463 1462)
4(1450 1464 1465 1451)
4(894 895 1465 1464)
4(1452 1466 1467 1453)
4(1464 1465 1467 1466)
4(1454 1468 1469 1455)
4(1466 1467 1469 1468)
4(1456 1470 1471 1457)
4(1468 1469 1471 1470)
4(1458 1472 1473 1459)
4(1470 1471 1473 1472)
4(1460 1474 1475 1461)
4(1472 1473 1475 1474)
4(1474 1475 1477 1476)
4(1464 1478 1479 1465)
4(896 897 1479 1478)
4(1466 1480 1481 1467)
4(1478 1479 1481 1480)
4(1468 1482 1483 1469)
4(1480 1481 1483 1482)
4(1470 1484 1485 1471)
4(1482 1483 1485 1484)
4(1472 1486 1487 1473)
4(1484 1485 1487 1486)
4(1474 1488 1489 1475)
4(1486 1487 1489 1488)
4(1488 1489 1491 1490)
4(1478 1492 1493 1479)
4(898 899 1493 1492)
4(1480 1494 1495 1481)
4(1492 1493 1495 1494)
4(1482 1496 1497 1483)
4(1494 1495 1497 1496)
4(1484 1498 1499 1485)
4(1496 1497 1499 1498)
4(1486 1500 1501 1487)
4(1498 1499 1501 1500)
4(1488 1502 1503 1489)
4(1500 1501 1503 1502)
4(1502 1503 1505 1504)
4(1492 1506 1507 1493)
4(900 901 1507 1506)
4(1494 1508 1509 1495)
4(1506 1507 1509 1508)
4(1496 1510 1511 1497)
4(1508 1509 1511 1510)
4(1498 1512 1513 1499)
4(1510 1511 1513 1512)
4(1500 1514 1515 1501)
4(1512 1513 1515 1514)
4(1502 1516 1517 1503)
4(1514 1515 1517 1516)
4(1516 1517 1519 1518)
4(1506 1520 1521 1507)
4(902 903 1521 1520)
4(1508 1522 1523 1509)
4(1520 1521 1523 1522)
4(1510 1524 1525 1511)
4(1522 1523 1525 1524)
4(1512 1526 1527 1513)
4(1524 1525 1527 1526)
4(1514 1528 1529 1515)
4(1526 1527 1529 1528)
4(1516 1530 1531 1517)
4(1528 1529 1531 1530)
4(1530 1531 1533 1532)
4(1520 1534 1535 1521)
4(904 905 1535 1534)
4(1522 1536 1537 1523)
4(1534 1535 1537 1536)
4(1524 1538 1539 1525)
4(1536 1537 1539 1538)
4(1526 1540 1541 1527)
4(1538 1539 1541 1540)
4(1528 1542 1543 1529)
4(1540 1541 1543 1542)
4(1530 1544 1545 1531)
4(1542 1543 1545 1544)
4(1544 1545 1547 1546)
4(1534 1548 1549 1535)
4(906 907 1549 1548)
4(1536 1550 1551 1537)
4(1548 1549 1551 1550)
4(1538 1552 1553 1539)
4(1550 1551 1553 1552)
4(1540 1554 1555 1541)
4(1552 1553 1555 1554)
4(1542 1556 1557 1543)
4(1554 1555 1557 1556)
4(1544 1558 1559 1545)
4(1556 1557 1559 1558)
4(1558 1559 1561 1560)
4(1548 1562 1563 1549)
4(908 909 1563 1562)
4(1550 1564 1565 1551)
4(1562 1563 1565 1564)
4(1552 1566 1567 1553)
4(1564 1565 1567 1566)
4(1554 1568 1569 1555)
4(1566 1567 1569 1568)
4(1556 1570 1571 1557)
4(1568 1569 1571 1570)
4(1558 1572 1573 1559)
4(1570 1571 1573 1572)
4(1572 1573 1575 1574)
4(1562 1576 1577 1563)
4(910 911 1577 1576)
4(1564 1578 1579 1565)
4(1576 1577 1579 1578)
4(1566 1580 1581 1567)
4(1578 1579 1581 1580)
4(1568 1582 1583 1569)
4(1580 1581 1583 1582)
4(1570 1584 1585 1571)
4(1582 1583 1585 1584)
4(1572 1586 1587 1573)
4(1584 1585 1587 1586)
4(1586 1587 1589 1588)
4(1576 1590 1591 1577)
4(912 913 1591 1590)
4(1578 1592 1593 1579)
4(1590 1591 1593 1592)
4(1580 1594 1595 1581)
4(1592 1593 1595 1594)
4(1582 1596 1597 1583)
4(1594 1595 1597 1596)
4(1584 1598 1599 1585)
4(1596 1597 1599 1598)
4(1586 1600 1601 1587)
4(1598 1599 1601 1600)
4(1600 1601 1603 1602)
4(1590 1604 1605 1591)
4(914 915 1605 1604)
4(1592 1606 1607 1593)
4(1604 1605 1607 1606)
4(1594 1608 1609 1595)
4(1606 1607 1609 1608)
4(1596 1610 1611 1597)
4(1608 1609 1611 1610)
4(1598 1612 1613 1599)
4(1610 1611 1613 1612)
4(1600 1614 1615 1601)
4(1612 1613 1615 1614)
4(1614 1615 1617 1616)
4(1604 1618 1619 1605)
4(1606 1620 1621 1607)
4(1608 1622 1623 1609)
4(1610 1624 1625 1611)
4(1612 1626 1627 1613)
4(1614 1628 1629 1615)
4(800 801 803 802)
4(802 803 805 804)
4(804 805 807 806)
4(806 807 809 808)
4(808 809 811 810)
4(810 811 813 812)
4(812 813 815 814)
4(814 815 917 916)
4(916 917 1619 1618)
4(1618 1619 1621 1620)
4(1620 1621 1623 1622)
4(1622 1623 1625 1624)
4(1624 1625 1627 1626)
4(1626 1627 1629 1628)
4(1628 1629 1631 1630)
4(14 816 817 15)
4(0 1 17 16)
4(16 17 33 32)
4(32 33 49 48)
4(48 49 65 64)
4(64 65 81 80)
4(80 81 97 96)
4(96 97 113 112)
4(112 113 129 128)
4(128 129 145 144)
4(144 145 161 160)
4(160 161 177 176)
4(176 177 193 192)
4(192 193 209 208)
4(208 209 225 224)
4(224 225 241 240)
4(240 241 257 256)
4(256 257 273 272)
4(272 273 289 288)
4(288 289 305 304)
4(304 305 321 320)
4(320 321 337 336)
4(336 337 353 352)
4(352 353 369 368)
4(368 369 385 384)
4(384 385 401 400)
4(400 401 417 416)
4(416 417 433 432)
4(432 433 449 448)
4(448 449 465 464)
4(464 465 481 480)
4(480 481 497 496)
4(496 497 513 512)
4(512 513 529 528)
4(528 529 545 544)
4(544 545 561 560)
4(560 561 577 576)
4(576 577 593 592)
4(592 593 609 608)
4(608 609 625 624)
4(624 625 641 640)
4(640 641 657 656)
4(656 657 673 672)
4(672 673 689 688)
4(688 689 705 704)
4(704 705 721 720)
4(720 721 737 736)
4(736 737 753 752)
4(752 753 769 768)
4(768 769 785 784)
4(784 785 801 800)
4(0 2 3 1)
4(2 4 5 3)
4(4 6 7 5)
4(6 8 9 7)
4(8 10 11 9)
4(10 12 13 11)
4(12 14 15 13)
4(930 944 945 931)
4(944 958 959 945)
4(958 972 973 959)
4(972 986 987 973)
4(986 1000 1001 987)
4(1000 1014 1015 1001)
4(1014 1028 1029 1015)
4(1028 1042 1043 1029)
4(1042 1056 1057 1043)
4(1056 1070 1071 1057)
4(1070 1084 1085 1071)
4(1084 1098 1099 1085)
4(1098 1112 1113 1099)
4(1112 1126 1127 1113)
4(1126 1140 1141 1127)
4(1140 1154 1155 1141)
4(1154 1168 1169 1155)
4(1168 1182 1183 1169)
4(1182 1196 1197 1183)
4(1196 1210 1211 1197)
4(1210 1224 1225 1211)
4(1224 1238 1239 1225)
4(1238 1252 1253 1239)
4(1252 1266 1267 1253)
4(1266 1280 1281 1267)
4(1280 1294 1295 1281)
4(1294 1308 1309 1295)
4(1308 1322 1323 1309)
4(1322 1336 1337 1323)
4(1336 1350 1351 1337)
4(1350 1364 1365 1351)
4(1364 1378 1379 1365)
4(1378 1392 1393 1379)
4(1392 1406 1407 1393)
4(1406 1420 1421 1407)
4(1420 1434 1435 1421)
4(1434 1448 1449 1435)
4(1448 1462 1463 1449)
4(1462 1476 1477 1463)
4(1476 1490 1491 1477)
4(1490 1504 1505 1491)
4(1504 1518 1519 1505)
4(1518 1532 1533 1519)
4(1532 1546 1547 1533)
4(1546 1560 1561 1547)
4(1560 1574 1575 1561)
4(1574 1588 1589 1575)
4(1588 1602 1603 1589)
4(1602 1616 1617 1603)
4(1616 1630 1631 1617)
4(816 918 919 817)
4(918 920 921 919)
4(920 922 923 921)
4(922 924 925 923)
4(924 926 927 925)
4(926 928 929 927)
4(928 930 931 929)
4(0 16 18 2)
4(2 18 20 4)
4(4 20 22 6)
4(6 22 24 8)
4(8 24 26 10)
4(10 26 28 12)
4(12 28 30 14)
4(16 32 34 18)
4(18 34 36 20)
4(20 36 38 22)
4(22 38 40 24)
4(24 40 42 26)
4(26 42 44 28)
4(28 44 46 30)
4(32 48 50 34)
4(34 50 52 36)
4(36 52 54 38)
4(38 54 56 40)
4(40 56 58 42)
4(42 58 60 44)
4(44 60 62 46)
4(48 64 66 50)
4(50 66 68 52)
4(52 68 70 54)
4(54 70 72 56)
4(56 72 74 58)
4(58 74 76 60)
4(60 76 78 62)
4(64 80 82 66)
4(66 82 84 68)
4(68 84 86 70)
4(70 86 88 72)
4(72 88 90 74)
4(74 90 92 76)
4(76 92 94 78)
4(80 96 98 82)
4(82 98 100 84)
4(84 100 102 86)
4(86 102 104 88)
4(88 104 106 90)
4(90 106 108 92)
4(92 108 110 94)
4(96 112 114 98)
4(98 114 116 100)
4(100 116 118 102)
4(102 118 120 104)
4(104 120 122 106)
4(106 122 124 108)
4(108 124 126 110)
4(112 128 130 114)
4(114 130 132 116)
4(116 132 134 118)
4(118 134 136 120)
4(120 136 138 122)
4(122 138 140 124)
4(124 140 142 126)
4(128 144 146 130)
4(130 146 148 132)
4(132 148 150 134)
4(134 150 152 136)
4(136 152 154 138)
4(138 154 156 140)
4(140 156 158 142)
4(144 160 162 146)
4(146 162 164 148)
4(148 164 166 150)
4(150 166 168 152)
4(152 168 170 154)
4(154 170 172 156)
4(156 172 174 158)
4(160 176 178 162)
4(162 178 180 164)
4(164 180 182 166)
4(166 182 184 168)
4(168 184 186 170)
4(170 186 188 172)
4(172 188 190 174)
4(176 192 194 178)
4(178 194 196 180)
4(180 196 198 182)
4(182 198 200 184)
4(184 200 202 186)
4(186 202 204 188)
4(188 204 206 190)
4(192 208 210 194)
4(194 210 212 196)
4(196 212 214 198)
4(198 214 216 200)
4(200 216 218 202)
4(202 218 220 204)
4(204 220 222 206)
4(208 224 226 210)
4(210 226 228 212)
4(212 228 230 214)
4(214 230 232 216)
4(216 232 234 218)
4(218 234 236 220)
4(220 236 238 222)
4(224 240 242 226)
4(226 242 244 228)
4(228 244 246 230)
4(230 246 248 232)
4(232 248 250 234)
4(234 250 252 236)
4(236 252 254 238)
4(240 256 258 242)
4(242 258 260 244)
4(244 260 262 246)
4(246 262 264 248)
4(248 264 266 250)
4(250 266 268 252)
4(252 268 270 254)
4(256 272 274 258)
4(258 274 276 260)
4(260 276 278 262)
4(262 278 280 264)
4(264 280 282 266)
4(266 282 284 268)
4(268 284 286 270)
4(272 288 290 274)
4(274 290 292 276)
4(276 292 294 278)
4(278 294 296 280)
4(280 296 298 282)
4(282 298 300 284)
4(284 300 302 286)
4(288 304 306 290)
4(290 306 308 292)
4(292 308 310 294)
4(294 310 312 296)
4(296 312 314 298)
4(298 314 316 300)
4(300 316 318 302)
4(304 320 322 306)
4(306 322 324 308)
4(308 324 326 310)
4(310 326 328 312)
4(312 328 330 314)
4(314 330 332 316)
4(316 332 334 318)
4(320 336 338 322)
4(322 338 340 324)
4(324 340 342 326)
4(326 342 344 328)
4(328 344 346 330)
4(330 346 348 332)
4(332 348 350 334)
4(336 352 354 338)
4(338 354 356 340)
4(340 356 358 342)
4(342 358 360 344)
4(344 360 362 346)
4(346 362 364 348)
4(348 364 366 350)
4(352 368 370 354)
4(354 370 372 356)
4(356 372 374 358)
4(358 374 376 360)
4(360 376 378 362)
4(362 378 380 364)
4(364 380 382 366)
4(368 384 386 370)
4(370 386 388 372)
4(372 388 390 374)
4(374 390 392 376)
4(376 392 394 378)
4(378 394 396 380)
4(380 396 398 382)
4(384 400 402 386)
4(386 402 404 388)
4(388 404 406 390)
4(390 406 408 392)
4(392 408 410 394)
4(394 410 412 396)
4(396 412 414 398)
4(400 416 418 402)
4(402 418 420 404)
4(404 420 422 406)
4(406 422 424 408)
4(408 424 426 410)
4(410 426 428 412)
4(412 428 430 414)
4(416 432 434 418)
4(418 434 436 420)
4(420 436 438 422)
4(422 438 440 424)
4(424 440 442 426)
4(426 442 444 428)
4(428 444 446 430)
4(432 448 450 434)
4(434 450 452 436)
4(436 452 454 438)
4(438 454 456 440)
4(440 456 458 442)
4(442 458 460 444)
4(444 460 462 446)
4(448 464 466 450)
4(450 466 468 452)
4(452 468 470 454)
4(454 470 472 456)
4(456 472 474 458)
4(458 474 476 460)
4(460 476 478 462)
4(464 480 482 466)
4(466 482 484 468)
4(468 484 486 470)
4(470 486 488 472)
4(472 488 490 474)
4(474 490 492 476)
4(476 492 494 478)
4(480 496 498 482)
4(482 498 500 484)
4(484 500 502 486)
4(486 502 504 488)
4(488 504 506 490)
4(490 506 508 492)
4(492 508 510 494)
4(496 512 514 498)
4(498 514 516 500)
4(500 516 518 502)
4(502 518 520 504)
4(504 520 522 506)
4(506 522 524 508)
4(508 524 526 510)
4(512 528 530 514)
4(514 530 532 516)
4(516 532 534 518)
4(518 534 536 520)
4(520 536 538 522)
4(522 538 540 524)
4(524 540 542 526)
4(528 544 546 530)
4(530 546 548 532)
4(532 548 550 534)
4(534 550 552 536)
4(536 552 554 538)
4(538 554 556 540)
4(540 556 558 542)
4(544 560 562 546)
4(546 562 564 548)
4(548 564 566 550)
4(550 566 568 552)
4(552 568 570 554)
4(554 570 572 556)
4(556 572 574 558)
4(560 576 578 562)
4(562 578 580 564)
4(564 580 582 566)
4(566 582 584 568)
4(568 584 586 570)
4(570 586 588 572)
4(572 588 590 574)
4(576 592 594 578)
4(578 594 596 580)
4(580 596 598 582)
4(582 598 600 584)
4(584 600 602 586)
4(586 602 604 588)
4(588 604 606 590)
4(592 608 610 594)
4(594 610 612 596)
4(596 612 614 598)
4(598 614 616 600)
4(600 616 618 602)
4(602 618 620 604)
4(604 620 622 606)
4(608 624 626 610)
4(610 626 628 612)
4(612 628 630 614)
4(614 630 632 616)
4(616 632 634 618)
4(618 634 636 620)
4(620 636 638 622)
4(624 640 642 626)
4(626 642 644 628)
4(628 644 646 630)
4(630 646 648 632)
4(632 648 650 634)
4(634 650 652 636)
4(636 652 654 638)
4(640 656 658 642)
4(642 658 660 644)
4(644 660 662 646)
4(646 662 664 648)
4(648 664 666 650)
4(650 666 668 652)
4(652 668 670 654)
4(656 672 674 658)
4(658 674 676 660)
4(660 676 678 662)
4(662 678 680 664)
4(664 680 682 666)
4(666 682 684 668)
4(668 684 686 670)
4(672 688 690 674)
4(674 690 692 676)
4(676 692 694 678)
4(678 694 696 680)
4(680 696 698 682)
4(682 698 700 684)
4(684 700 702 686)
4(688 704 706 690)
4(690 706 708 692)
4(692 708 710 694)
4(694 710 712 696)
4(696 712 714 698)
4(698 714 716 700)
4(700 716 718 702)
4(704 720 722 706)
4(706 722 724 708)
4(708 724 726 710)
4(710 726 728 712)
4(712 728 730 714)
4(714 730 732 716)
4(716 732 734 718)
4(720 736 738 722)
4(722 738 740 724)
4(724 740 742 726)
4(726 742 744 728)
4(728 744 746 730)
4(730 746 748 732)
4(732 748 750 734)
4(736 752 754 738)
4(738 754 756 740)
4(740 756 758 742)
4(742 758 760 744)
4(744 760 762 746)
4(746 762 764 748)
4(748 764 766 750)
4(752 768 770 754)
4(754 770 772 756)
4(756 772 774 758)
4(758 774 776 760)
4(760 776 778 762)
4(762 778 780 764)
4(764 780 782 766)
4(768 784 786 770)
4(770 786 788 772)
4(772 788 790 774)
4(774 790 792 776)
4(776 792 794 778)
4(778 794 796 780)
4(780 796 798 782)
4(784 800 802 786)
4(786 802 804 788)
4(788 804 806 790)
4(790 806 808 792)
4(792 808 810 794)
4(794 810 812 796)
4(796 812 814 798)
4(1 3 19 17)
4(3 5 21 19)
4(5 7 23 21)
4(7 9 25 23)
4(9 11 27 25)
4(11 13 29 27)
4(13 15 31 29)
4(17 19 35 33)
4(19 21 37 35)
4(21 23 39 37)
4(23 25 41 39)
4(25 27 43 41)
4(27 29 45 43)
4(29 31 47 45)
4(33 35 51 49)
4(35 37 53 51)
4(37 39 55 53)
4(39 41 57 55)
4(41 43 59 57)
4(43 45 61 59)
4(45 47 63 61)
4(49 51 67 65)
4(51 53 69 67)
4(53 55 71 69)
4(55 57 73 71)
4(57 59 75 73)
4(59 61 77 75)
4(61 63 79 77)
4(65 67 83 81)
4(67 69 85 83)
4(69 71 87 85)
4(71 73 89 87)
4(73 75 91 89)
4(75 77 93 91)
4(77 79 95 93)
4(81 83 99 97)
4(83 85 101 99)
4(85 87 103 101)
4(87 89 105 103)
4(89 91 107 105)
4(91 93 109 107)
4(93 95 111 109)
4(97 99 115 113)
4(99 101 117 115)
4(101 103 119 117)
4(103 105 121 119)
4(105 107 123 121)
4(107 109 125 123)
4(109 111 127 125)
4(113 115 131 129)
4(115 117 133 131)
4(117 119 135 133)
4(119 121 137 135)
4(121 123 139 137)
4(123 125 141 139)
4(125 127 143 141)
4(129 131 147 145)
4(131 133 149 147)
4(133 135 151 149)
4(135 137 153 151)
4(137 139 155 153)
4(139 141 157 155)
4(141 143 159 157)
4(145 147 163 161)
4(147 149 165 163)
4(149 151 167 165)
4(151 153 169 167)
4(153 155 171 169)
4(155 157 173 171)
4(157 159 175 173)
4(161 163 179 177)
4(163 165 181 179)
4(165 167 183 181)
4(167 169 185 183)
4(169 171 187 185)
4(171 173 189 187)
4(173 175 191 189)
4(177 179 195 193)
4(179 181 197 195)
4(181 183 199 197)
4(183 185 201 199)
4(185 187 203 201)
4(187 189 205 203)
4(189 191 207 205)
4(193 195 211 209)
4(195 197 213 211)
4(197 199 215 213)
4(199 201 217 215)
4(201 203 219 217)
4(203 205 221 219)
4(205 207 223 221)
4(209 211 227 225)
4(211 213 229 227)
4(213 215 231 229)
4(215 217 233 231)
4(217 219 235 233)
4(219 221 237 235)
4(221 223 239 237)
4(225 227 243 241)
4(227 229 245 243)
4(229 231 247 245)
4(231 233 249 247)
4(233 235 251 249)
4(235 237 253 251)
4(237 239 255 253)
4(241 243 259 257)
4(243 245 261 259)
4(245 247 263 261)
4(247 249 265 263)
4(249 251 267 265)
4(251 253 269 267)
4(253 255 271 269)
4(257 259 275 273)
4(259 261 277 275)
4(261 263 279 277)
4(263 265 281 279)
4(265 267 283 281)
4(267 269 285 283)
4(269 271 287 285)
4(273 275 291 289)
4(275 277 293 291)
4(277 279 295 293)
4(279 281 297 295)
4(281 283 299 297)
4(283 285 301 299)
4(285 287 303 301)
4(289 291 307 305)
4(291 293 309 307)
4(293 295 311 309)
4(295 297 313 311)
4(297 299 315 313)
4(299 301 317 315)
4(301 303 319 317)
4(305 307 323 321)
4(307 309 325 323)
4(309 311 327 325)
4(311 313 329 327)
4(313 315 331 329)
4(315 317 333 331)
4(317 319 335 333)
4(321 323 339 337)
4(323 325 341 339)
4(325 327 343 341)
4(327 329 345 343)
4(329 331 347 345)
4(331 333 349 347)
4(333 335 351 349)
4(337 339 355 353)
4(339 341 357 355)
4(341 343 359 357)
4(343 345 361 359)
4(345 347 363 361)
4(347 349 365 363)
4(349 351 367 365)
4(353 355 371 369)
4(355 357 373 371)
4(357 359 375 373)
4(359 361 377 375)
4(361 363 379 377)
4(363 365 381 379)
4(365 367 383 381)
4(369 371 387 385)
4(371 373 389 387)
4(373 375 391 389)
4(375 377 393 391)
4(377 379 395 393)
4(379 381 397 395)
4(381 383 399 397)
4(385 387 403 401)
4(387 389 405 403)
4(389 391 407 405)
4(391 393 409 407)
4(393 395 411 409)
4(395 397 413 411)
4(397 399 415 413)
4(401 403 419 417)
4(403 405 421 419)
4(405 407 423 421)
4(407 409 425 423)
4(409 411 427 425)
4(411 413 429 427)
4(413 415 431 429)
4(417 419 435 433)
4(419 421 437 435)
4(421 423 439 437)
4(423 425 441 439)
4(425 427 443 441)
4(427 429 445 443)
4(429 431 447 445)
4(433 435 451 449)
4(435 437 453 451)
4(437 439 455 453)
4(439 441 457 455)
4(441 443 459 457)
4(443 445 461 459)
4(445 447 463 461)
4(449 451 467 465)
4(451 453 469 467)
4(453 455 471 469)
4(455 457 473 471)
4(457 459 475 473)
4(459 461 477 475)
4(461 463 479 477)
4(465 467 483 481)
4(467 469 485 483)
4(469 471 487 485)
4(471 473 489 487)
4(473 475 491 489)
4(475 477 493 491)
4(477 479 495 493)
4(481 483 499 497)
4(483 485 501 499)
4(485 487 503 501)
4(487 489 505 503)
4(489 491 507 505)
4(491 493 509 507)
4(493 495 511 509)
4(497 499 515 513)
4(499 501 517 515)
4(501 503 519 517)
4(503 505 521 519)
4(505 507 523 521)
4(507 509 525 523)
4(509 511 527 525)
4(513 515 531 529)
4(515 517 533 531)
4(517 519 535 533)
4(519 521 537 535)
4(521 523 539 537)
4(523 525 541 539)
4(525 527 543 541)
4(529 531 547 545)
4(531 533 549 547)
4(533 535 551 549)
4(535 537 553 551)
4(537 539 555 553)
4(539 541 557 555)
4(541 543 559 557)
4(545 547 563 561)
4(547 549 565 563)
4(549 551 567 565)
4(551 553 569 567)
4(553 555 571 569)
4(555 557 573 571)
4(557 559 575 573)
4(561 563 579 577)
4(563 565 581 579)
4(565 567 583 581)
4(567 569 585 583)
4(569 571 587 585)
4(571 573 589 587)
4(573 575 591 589)
4(577 579 595 593)
4(579 581 597 595)
4(581 583 599 597)
4(583 585 601 599)
4(585 587 603 601)
4(587 589 605 603)
4(589 591 607 605)
4(593 595 611 609)
4(595 597 613 611)
4(597 599 615 613)
4(599 601 617 615)
4(601 603 619 617)
4(603 605 621 619)
4(605 607 623 621)
4(609 611 627 625)
4(611 613 629 627)
4(613 615 631 629)
4(615 617 633 631)
4(617 619 635 633)
4(619 621 637 635)
4(621 623 639 637)
4(625 627 643 641)
4(627 629 645 643)
4(629 631 647 645)
4(631 633 649 647)
4(633 635 651 649)
4(635 637 653 651)
4(637 639 655 653)
4(641 643 659 657)
4(643 645 661 659)
4(645 647 663 661)
4(647 649 665 663)
4(649 651 667 665)
4(651 653 669 667)
4(653 655 671 669)
4(657 659 675 673)
4(659 661 677 675)
4(661 663 679 677)
4(663 665 681 679)
4(665 667 683 681)
4(667 669 685 683)
4(669 671 687 685)
4(673 675 691 689)
4(675 677 693 691)
4(677 679 695 693)
4(679 681 697 695)
4(681 683 699 697)
4(683 685 701 699)
4(685 687 703 701)
4(689 691 707 705)
4(691 693 709 707)
4(693 695 711 709)
4(695 697 713 711)
4(697 699 715 713)
4(699 701 717 715)
4(701 703 719 717)
4(705 707 723 721)
4(707 709 725 723)
4(709 711 727 725)
4(711 713 729 727)
4(713 715 731 729)
4(715 717 733 731)
4(717 719 735 733)
4(721 723 739 737)
4(723 725 741 739)
4(725 727 743 741)
4(727 729 745 743)
4(729 731 747 745)
4(731 733 749 747)
4(733 735 751 749)
4(737 739 755 753)
4(739 741 757 755)
4(741 743 759 757)
4(743 745 761 759)
4(745 747 763 761)
4(747 749 765 763)
4(749 751 767 765)
4(753 755 771 769)
4(755 757 773 771)
4(757 759 775 773)
4(759 761 777 775)
4(761 763 779 777)
4(763 765 781 779)
4(765 767 783 781)
4(769 771 787 785)
4(771 773 789 787)
4(773 775 791 789)
4(775 777 793 791)
4(777 779 795 793)
4(779 781 797 795)
4(781 783 799 797)
4(785 787 803 801)
4(787 789 805 803)
4(789 791 807 805)
4(791 793 809 807)
4(793 795 811 809)
4(795 797 813 811)
4(797 799 815 813)
4(14 30 818 816)
4(30 46 820 818)
4(46 62 822 820)
4(62 78 824 822)
4(78 94 826 824)
4(94 110 828 826)
4(110 126 830 828)
4(126 142 832 830)
4(142 158 834 832)
4(158 174 836 834)
4(174 190 838 836)
4(190 206 840 838)
4(206 222 842 840)
4(222 238 844 842)
4(238 254 846 844)
4(254 270 848 846)
4(270 286 850 848)
4(286 302 852 850)
4(302 318 854 852)
4(318 334 856 854)
4(334 350 858 856)
4(350 366 860 858)
4(366 382 862 860)
4(382 398 864 862)
4(398 414 866 864)
4(414 430 868 866)
4(430 446 870 868)
4(446 462 872 870)
4(462 478 874 872)
4(478 494 876 874)
4(494 510 878 876)
4(510 526 880 878)
4(526 542 882 880)
4(542 558 884 882)
4(558 574 886 884)
4(574 590 888 886)
4(590 606 890 888)
4(606 622 892 890)
4(622 638 894 892)
4(638 654 896 894)
4(654 670 898 896)
4(670 686 900 898)
4(686 702 902 900)
4(702 718 904 902)
4(718 734 906 904)
4(734 750 908 906)
4(750 766 910 908)
4(766 782 912 910)
4(782 798 914 912)
4(798 814 916 914)
4(15 817 819 31)
4(31 819 821 47)
4(47 821 823 63)
4(63 823 825 79)
4(79 825 827 95)
4(95 827 829 111)
4(111 829 831 127)
4(127 831 833 143)
4(143 833 835 159)
4(159 835 837 175)
4(175 837 839 191)
4(191 839 841 207)
4(207 841 843 223)
4(223 843 845 239)
4(239 845 847 255)
4(255 847 849 271)
4(271 849 851 287)
4(287 851 853 303)
4(303 853 855 319)
4(319 855 857 335)
4(335 857 859 351)
4(351 859 861 367)
4(367 861 863 383)
4(383 863 865 399)
4(399 865 867 415)
4(415 867 869 431)
4(431 869 871 447)
4(447 871 873 463)
4(463 873 875 479)
4(479 875 877 495)
4(495 877 879 511)
4(511 879 881 527)
4(527 881 883 543)
4(543 883 885 559)
4(559 885 887 575)
4(575 887 889 591)
4(591 889 891 607)
4(607 891 893 623)
4(623 893 895 639)
4(639 895 897 655)
4(655 897 899 671)
4(671 899 901 687)
4(687 901 903 703)
4(703 903 905 719)
4(719 905 907 735)
4(735 907 909 751)
4(751 909 911 767)
4(767 911 913 783)
4(783 913 915 799)
4(799 915 917 815)
4(816 818 932 918)
4(918 932 934 920)
4(920 934 936 922)
4(922 936 938 924)
4(924 938 940 926)
4(926 940 942 928)
4(928 942 944 930)
4(818 820 946 932)
4(932 946 948 934)
4(934 948 950 936)
4(936 950 952 938)
4(938 952 954 940)
4(940 954 956 942)
4(942 956 958 944)
4(820 822 960 946)
4(946 960 962 948)
4(948 962 964 950)
4(950 964 966 952)
4(952 966 968 954)
4(954 968 970 956)
4(956 970 972 958)
4(822 824 974 960)
4(960 974 976 962)
4(962 976 978 964)
4(964 978 980 966)
4(966 980 982 968)
4(968 982 984 970)
4(970 984 986 972)
4(824 826 988 974)
4(974 988 990 976)
4(976 990 992 978)
4(978 992 994 980)
4(980 994 996 982)
4(982 996 998 984)
4(984 998 1000 986)
4(826 828 1002 988)
4(988 1002 1004 990)
4(990 1004 1006 992)
4(992 1006 1008 994)
4(994 1008 1010 996)
4(996 1010 1012 998)
4(998 1012 1014 1000)
4(828 830 1016 1002)
4(1002 1016 1018 1004)
4(1004 1018 1020 1006)
4(1006 1020 1022 1008)
4(1008 1022 1024 1010)
4(1010 1024 1026 1012)
4(1012 1026 1028 1014)
4(830 832 1030 1016)
4(1016 1030 1032 1018)
4(1018 1032 1034 1020)
4(1020 1034 1036 1022)
4(1022 1036 1038 1024)
4(1024 1038 1040 1026)
4(1026 1040 1042 1028)
4(832 834 1044 1030)
4(1030 1044 1046 1032)
4(1032 1046 1048 1034)
4(1034 1048 1050 1036)
4(1036 1050 1052 1038)
4(1038 1052 1054 1040)
4(1040 1054 1056 1042)
4(834 836 1058 1044)
4(1044 1058 1060 1046)
4(1046 1060 1062 1048)
4(1048 1062 1064 1050)
4(1050 1064 1066 1052)
4(1052 1066 1068 1054)
4(1054 1068 1070 1056)
4(836 838 1072 1058)
4(1058 1072 1074 1060)
4(1060 1074 1076 1062)
4(1062 1076 1078 1064)
4(1064 1078 1080 1066)
4(1066 1080 1082 1068)
4(1068 1082 1084 1070)
4(838 840 1086 1072)
4(1072 1086 1088 1074)
4(1074 1088 1090 1076)
4(1076 1090 1092 1078)
4(1078 1092 1094 1080)
4(1080 1094 1096 1082)
4(1082 1096 1098 1084)
4(840 842 1100 1086)
4(1086 1100 1102 1088)
4(1088 1102 1104 1090)
4(1090 1104 1106 1092)
4(1092 1106 1108 1094)
4(1094 1108 1110 1096)
4(1096 1110 1112 1098)
4(842 844 1114 1100)
4(1100 1114 1116 1102)
4(1102 1116 1118 1104)
4(1104 1118 1120 1106)
4(1106 1120 1122 1108)
4(1108 1122 1124 1110)
4(1110 1124 1126 1112)
4(844 846 1128 1114)
4(1114 1128 1130 1116)
4(1116 1130 1132 1118)
4(1118 1132 1134 1120)
4(1120 1134 1136 1122)
4(1122 1136 1138 1124)
4(1124 1138 1140 1126)
4(846 848 1142 1128)
4(1128 1142 1144 1130)
4(1130 1144 1146 1132)
4(1132 1146 1148 1134)
4(1134 1148 1150 1136)
4(1136 1150 1152 1138)
4(1138 1152 1154 1140)
4(848 850 1156 1142)
4(1142 1156 1158 1144)
4(1144 1158 1160 1146)
4(1146 1160 1162 1148)
4(1148 1162 1164 1150)
4(1150 1164 1166 1152)
4(1152 1166 1168 1154)
4(850 852 1170 1156)
4(1156 1170 1172 1158)
4(1158 1172 1174 1160)
4(1160 1174 1176 1162)
4(1162 1176 1178 1164)
4(1164 1178 1180 1166)
4(1166 1180 1182 1168)
4(852 854 1184 1170)
4(1170 1184 1186 1172)
4(1172 1186 1188 1174)
4(1174 1188 1190 1176)
4(1176 1190 1192 1178)
4(1178 1192 1194 1180)
4(1180 1194 1196 1182)
4(854 856 1198 1184)
4(1184 1198 1200 1186)
4(1186 1200 1202 1188)
4(1188 1202 1204 1190)
4(1190 1204 1206 1192)
4(1192 1206 1208 1194)
4(1194 1208 1210 1196)
4(856 858 1212 1198)
4(1198 1212 1214 1200)
4(1200 1214 1216 1202)
4(1202 1216 1218 1204)
4(1204 1218 1220 1206)
4(1206 1220 1222 1208)
4(1208 1222 1224 1210)
4(858 860 1226 1212)
4(1212 1226 1228 1214)
4(1214 1228 1230 1216)
4(1216 1230 1232 1218)
4(1218 1232 1234 1220)
4(1220 1234 1236 1222)
4(1222 1236 1238 1224)
4(860 862 1240 1226)
4(1226 1240 1242 1228)
4(1228 1242 1244 1230)
4(1230 1244 1246 1232)
4(1232 1246 1248 1234)
4(1234 1248 1250 1236)
4(1236 1250 1252 1238)
4(862 864 1254 1240)
4(1240 1254 1256 1242)
4(1242 1256 1258 1244)
4(1244 1258 1260 1246)
4(1246 1260 1262 1248)
4(1248 1262 1264 1250)
4(1250 1264 1266 1252)
4(864 866 1268 1254)
4(1254 1268 1270 1256)
4(1256 1270 1272 1258)
4(1258 1272 1274 1260)
4(1260 1274 1276 1262)
4(1262 1276 1278 1264)
4(1264 1278 1280 1266)
4(866 868 1282 1268)
4(1268 1282 1284 1270)
4(1270 1284 1286 1272)
4(1272 1286 1288 1274)
4(1274 1288 1290 1276)
4(1276 1290 1292 1278)
4(1278 1292 1294 1280)
4(868 870 1296 1282)
4(1282 1296 1298 1284)
4(1284 1298 1300 1286)
4(1286 1300 1302 1288)
4(1288 1302 1304 1290)
4(1290 1304 1306 1292)
4(1292 1306 1308 1294)
4(870 872 1310 1296)
4(1296 1310 1312 1298)
4(1298 1312 1314 1300)
4(1300 1314 1316 1302)
4(1302 1316 1318 1304)
4(1304 1318 1320 1306)
4(1306 1320 1322 1308)
4(872 874 1324 1310)
4(1310 1324 1326 1312)
4(1312 1326 1328 1314)
4(1314 1328 1330 1316)
4(1316 1330 1332 1318)
4(1318 1332 1334 1320)
4(1320 1334 1336 1322)
4(874 876 1338 1324)
4(1324 1338 1340 1326)
4(1326 1340 1342 1328)
4(1328 1342 1344 1330)
4(1330 1344 1346 1332)
4(1332 1346 1348 1334)
4(1334 1348 1350 1336)
4(876 878 1352 1338)
4(1338 1352 1354 1340)
4(1340 1354 1356 1342)
4(1342 1356 1358 1344)
4(1344 1358 1360 1346)
4(1346 1360 1362 1348)
4(1348 1362 1364 1350)
4(878 880 1366 1352)
4(1352 1366 1368 1354)
4(1354 1368 1370 1356)
4(1356 1370 1372 1358)
4(1358 1372 1374 1360)
4(1360 1374 1376 1362)
4(1362 1376 1378 1364)
4(880 882 1380 1366)
4(1366 1380 1382 1368)
4(1368 1382 1384 1370)
4(1370 1384 1386 1372)
4(1372 1386 1388 1374)
4(1374 1388 1390 1376)
4(1376 1390 1392 1378)
4(882 884 1394 1380)
4(1380 1394 1396 1382)
4(1382 1396 1398 1384)
4(1384 1398 1400 1386)
4(1386 1400 1402 1388)
4(1388 1402 1404 1390)
4(1390 1404 1406 1392)
4(884 886 1408 1394)
4(1394 1408 1410 1396)
4(1396 1410 1412 1398)
4(1398 1412 1414 1400)
4(1400 1414 1416 1402)
4(1402 1416 1418 1404)
4(1404 1418 1420 1406)
4(886 888 1422 1408)
4(1408 1422 1424 1410)
4(1410 1424 1426 1412)
4(1412 1426 1428 1414)
4(1414 1428 1430 1416)
4(1416 1430 1432 1418)
4(1418 1432 1434 1420)
4(888 890 1436 1422)
4(1422 1436 1438 1424)
4(1424 1438 1440 1426)
4(1426 1440 1442 1428)
4(1428 1442 1444 1430)
4(1430 1444 1446 1432)
4(1432 1446 1448 1434)
4(890 892 1450 1436)
4(1436 1450 1452 1438)
4(1438 1452 1454 1440)
4(1440 1454 1456 1442)
4(1442 1456 1458 1444)
4(1444 1458 1460 1446)
4(1446 1460 1462 1448)
4(892 894 1464 1450)
4(1450 1464 1466 1452)
4(1452 1466 1468 1454)
4(1454 1468 1470 1456)
4(1456 1470 1472 1458)
4(1458 1472 1474 1460)
4(1460 1474 1476 1462)
4(894 896 1478 1464)
4(1464 1478 1480 1466)
4(1466 1480 1482 1468)
4(1468 1482 1484 1470)
4(1470 1484 1486 1472)
4(1472 1486 1488 1474)
4(1474 1488 1490 1476)
4(896 898 1492 1478)
4(1478 1492 1494 1480)
4(1480 1494 1496 1482)
4(1482 1496 1498 1484)
4(1484 1498 1500 1486)
4(1486 1500 1502 1488)
4(1488 1502 1504 1490)
4(898 900 1506 1492)
4(1492 1506 1508 1494)
4(1494 1508 1510 1496)
4(1496 1510 1512 1498)
4(1498 1512 1514 1500)
4(1500 1514 1516 1502)
4(1502 1516 1518 1504)
4(900 902 1520 1506)
4(1506 1520 1522 1508)
4(1508 1522 1524 1510)
4(1510 1524 1526 1512)
4(1512 1526 1528 1514)
4(1514 1528 1530 1516)
4(1516 1530 1532 1518)
4(902 904 1534 1520)
4(1520 1534 1536 1522)
4(1522 1536 1538 1524)
4(1524 1538 1540 1526)
4(1526 1540 1542 1528)
4(1528 1542 1544 1530)
4(1530 1544 1546 1532)
4(904 906 1548 1534)
4(1534 1548 1550 1536)
4(1536 1550 1552 1538)
4(1538 1552 1554 1540)
4(1540 1554 1556 1542)
4(1542 1556 1558 1544)
4(1544 1558 1560 1546)
4(906 908 1562 1548)
4(1548 1562 1564 1550)
4(1550 1564 1566 1552)
4(1552 1566 1568 1554)
4(1554 1568 1570 1556)
4(1556 1570 1572 1558)
4(1558 1572 1574 1560)
4(908 910 1576 1562)
4(1562 1576 1578 1564)
4(1564 1578 1580 1566)
4(1566 1580 1582 1568)
4(1568 1582 1584 1570)
4(1570 1584 1586 1572)
4(1572 1586 1588 1574)
4(910 912 1590 1576)
4(1576 1590 1592 1578)
4(1578 1592 1594 1580)
4(1580 1594 1596 1582)
4(1582 1596 1598 1584)
4(1584 1598 1600 1586)
4(1586 1600 1602 1588)
4(912 914 1604 1590)
4(1590 1604 1606 1592)
4(1592 1606 1608 1594)
4(1594 1608 1610 1596)
4(1596 1610 1612 1598)
4(1598 1612 1614 1600)
4(1600 1614 1616 1602)
4(914 916 1618 1604)
4(1604 1618 1620 1606)
4(1606 1620 1622 1608)
4(1608 1622 1624 1610)
4(1610 1624 1626 1612)
4(1612 1626 1628 1614)
4(1614 1628 1630 1616)
4(817 919 933 819)
4(919 921 935 933)
4(921 923 937 935)
4(923 925 939 937)
4(925 927 941 939)
4(927 929 943 941)
4(929 931 945 943)
4(819 933 947 821)
4(933 935 949 947)
4(935 937 951 949)
4(937 939 953 951)
4(939 941 955 953)
4(941 943 957 955)
4(943 945 959 957)
4(821 947 961 823)
4(947 949 963 961)
4(949 951 965 963)
4(951 953 967 965)
4(953 955 969 967)
4(955 957 971 969)
4(957 959 973 971)
4(823 961 975 825)
4(961 963 977 975)
4(963 965 979 977)
4(965 967 981 979)
4(967 969 983 981)
4(969 971 985 983)
4(971 973 987 985)
4(825 975 989 827)
4(975 977 991 989)
4(977 979 993 991)
4(979 981 995 993)
4(981 983 997 995)
4(983 985 999 997)
4(985 987 1001 999)
4(827 989 1003 829)
4(989 991 1005 1003)
4(991 993 1007 1005)
4(993 995 1009 1007)
4(995 997 1011 1009)
4(997 999 1013 1011)
4(999 1001 1015 1013)
4(829 1003 1017 831)
4(1003 1005 1019 1017)
4(1005 1007 1021 1019)
4(1007 1009 1023 1021)
4(1009 1011 1025 1023)
4(1011 1013 1027 1025)
4(1013 1015 1029 1027)
4(831 1017 1031 833)
4(1017 1019 1033 1031)
4(1019 1021 1035 1033)
4(1021 1023 1037 1035)
4(1023 1025 1039 1037)
4(1025 1027 1041 1039)
4(1027 1029 1043 1041)
4(833 1031 1045 835)
4(1031 1033 1047 1045)
4(1033 1035 1049 1047)
4(1035 1037 1051 1049)
4(1037 1039 1053 1051)
4(1039 1041 1055 1053)
4(1041 1043 1057 1055)
4(835 1045 1059 837)
4(1045 1047 1061 1059)
4(1047 1049 1063 1061)
4(1049 1051 1065 1063)
4(1051 1053 1067 1065)
4(1053 1055 1069 1067)
4(1055 1057 1071 1069)
4(837 1059 1073 839)
4(1059 1061 1075 1073)
4(1061 1063 1077 1075)
4(1063 1065 1079 1077)
4(1065 1067 1081 1079)
4(1067 1069 1083 1081)
4(1069 1071 1085 1083)
4(839 1073 1087 841)
4(1073 1075 1089 1087)
4(1075 1077 1091 1089)
4(1077 1079 1093 1091)
4(1079 1081 1095 1093)
4(1081 1083 1097 1095)
4(1083 1085 1099 1097)
4(841 1087 1101 843)
4(1087 1089 1103 1101)
4(1089 1091 1105 1103)
4(1091 1093 1107 1105)
4(1093 1095 1109 1107)
4(1095 1097 1111 1109)
4(1097 1099 1113 1111)
4(843 1101 1115 845)
4(1101 1103 1117 1115)
4(1103 1105 1119 1117)
4(1105 1107 1121 1119)
4(1107 1109 1123 1121)
4(1109 1111 1125 1123)
4(1111 1113 1127 1125)
4(845 1115 1129 847)
4(1115 1117 1131 1129)
4(1117 1119 1133 1131)
4(1119 1121 1135 1133)
4(1121 1123 1137 1135)
4(1123 1125 1139 1137)
4(1125 1127 1141 1139)
4(847 1129 1143 849)
4(1129 1131 1145 1143)
4(1131 1133 1147 1145)
4(1133 1135 1149 1147)
4(1135 1137 1151 1149)
4(1137 1139 1153 1151)
4(1139 1141 1155 1153)
4(849 1143 1157 851)
4(1143 1145 1159 1157)
4(1145 1147 1161 1159)
4(1147 1149 1163 1161)
4(1149 1151 1165 1163)
4(1151 1153 1167 1165)
4(1153 1155 1169 1167)
4(851 1157 1171 853)
4(1157 1159 1173 1171)
4(1159 1161 1175 1173)
4(1161 1163 1177 1175)
4(1163 1165 1179 1177)
4(1165 1167 1181 1179)
4(1167 1169 1183 1181)
4(853 1171 1185 855)
4(1171 1173 1187 1185)
4(1173 1175 1189 1187)
4(1175 1177 1191 1189)
4(1177 1179 1193 1191)
4(1179 1181 1195 1193)
4(1181 1183 1197 1195)
4(855 1185 1199 857)
4(1185 1187 1201 1199)
4(1187 1189 1203 1201)
4(1189 1191 1205 1203)
4(1191 1193 1207 1205)
4(1193 1195 1209 1207)
4(1195 1197 1211 1209)
4(857 1199 1213 859)
4(1199 1201 1215 1213)
4(1201 1203 1217 1215)
4(1203 1205 1219 1217)
4(1205 1207 1221 1219)
4(1207 1209 1223 1221)
4(1209 1211 1225 1223)
4(859 1213 1227 861)
4(1213 1215 1229 1227)
4(1215 1217 1231 1229)
4(1217 1219 1233 1231)
4(1219 1221 1235 1233)
4(1221 1223 1237 1235)
4(1223 1225 1239 1237)
4(861 1227 1241 863)
4(1227 1229 1243 1241)
4(1229 1231 1245 1243)
4(1231 1233 1247 1245)
4(1233 1235 1249 1247)
4(1235 1237 1251 1249)
4(1237 1239 1253 1251)
4(863 1241 1255 865)
4(1241 1243 1257 1255)
4(1243 1245 1259 1257)
4(1245 1247 1261 1259)
4(1247 1249 1263 1261)
4(1249 1251 1265 1263)
4(1251 1253 1267 1265)
4(865 1255 1269 867)
4(1255 1257 1271 1269)
4(1257 1259 1273 1271)
4(1259 1261 1275 1273)
4(1261 1263 1277 1275)
4(1263 1265 1279 1277)
4(1265 1267 1281 1279)
4(867 1269 1283 869)
4(1269 1271 1285 1283)
4(1271 1273 1287 1285)
4(1273 1275 1289 1287)
4(1275 1277 1291 1289)
4(1277 1279 1293 1291)
4(1279 1281 1295 1293)
4(869 1283 1297 871)
4(1283 1285 1299 1297)
4(1285 1287 1301 1299)
4(1287 1289 1303 1301)
4(1289 1291 1305 1303)
4(1291 1293 1307 1305)
4(1293 1295 1309 1307)
4(871 1297 1311 873)
4(1297 1299 1313 1311)
4(1299 1301 1315 1313)
4(1301 1303 1317 1315)
4(1303 1305 1319 1317)
4(1305 1307 1321 1319)
4(1307 1309 1323 1321)
4(873 1311 1325 875)
4(1311 1313 1327 1325)
4(1313 1315 1329 1327)
4(1315 1317 1331 1329)
4(1317 1319 1333 1331)
4(1319 1321 1335 1333)
4(1321 1323 1337 1335)
4(875 1325 1339 877)
4(1325 1327 1341 1339)
4(1327 1329 1343 1341)
4(1329 1331 1345 1343)
4(1331 1333 1347 1345)
4(1333 1335 1349 1347)
4(1335 1337 1351 1349)
4(877 1339 1353 879)
4(1339 1341 1355 1353)
4(1341 1343 1357 1355)
4(1343 1345 1359 1357)
4(1345 1347 1361 1359)
4(1347 1349 1363 1361)
4(1349 1351 1365 1363)
4(879 1353 1367 881)
4(1353 1355 1369 1367)
4(1355 1357 1371 1369)
4(1357 1359 1373 1371)
4(1359 1361 1375 1373)
4(1361 1363 1377 1375)
4(1363 1365 1379 1377)
4(881 1367 1381 883)
4(1367 1369 1383 1381)
4(1369 1371 1385 1383)
4(1371 1373 1387 1385)
4(1373 1375 1389 1387)
4(1375 1377 1391 1389)
4(1377 1379 1393 1391)
4(883 1381 1395 885)
4(1381 1383 1397 1395)
4(1383 1385 1399 1397)
4(1385 1387 1401 1399)
4(1387 1389 1403 1401)
4(1389 1391 1405 1403)
4(1391 1393 1407 1405)
4(885 1395 1409 887)
4(1395 1397 1411 1409)
4(1397 1399 1413 1411)
4(1399 1401 1415 1413)
4(1401 1403 1417 1415)
4(1403 1405 1419 1417)
4(1405 1407 1421 1419)
4(887 1409 1423 889)
4(1409 1411 1425 1423)
4(1411 1413 1427 1425)
4(1413 1415 1429 1427)
4(1415 1417 1431 1429)
4(1417 1419 1433 1431)
4(1419 1421 1435 1433)
4(889 1423 1437 891)
4(1423 1425 1439 1437)
4(1425 1427 1441 1439)
4(1427 1429 1443 1441)
4(1429 1431 1445 1443)
4(1431 1433 1447 1445)
4(1433 1435 1449 1447)
4(891 1437 1451 893)
4(1437 1439 1453 1451)
4(1439 1441 1455 1453)
4(1441 1443 1457 1455)
4(1443 1445 1459 1457)
4(1445 1447 1461 1459)
4(1447 1449 1463 1461)
4(893 1451 1465 895)
4(1451 1453 1467 1465)
4(1453 1455 1469 1467)
4(1455 1457 1471 1469)
4(1457 1459 1473 1471)
4(1459 1461 1475 1473)
4(1461 1463 1477 1475)
4(895 1465 1479 897)
4(1465 1467 1481 1479)
4(1467 1469 1483 1481)
4(1469 1471 1485 1483)
4(1471 1473 1487 1485)
4(1473 1475 1489 1487)
4(1475 1477 1491 1489)
4(897 1479 1493 899)
4(1479 1481 1495 1493)
4(1481 1483 1497 1495)
4(1483 1485 1499 1497)
4(1485 1487 1501 1499)
4(1487 1489 1503 1501)
4(1489 1491 1505 1503)
4(899 1493 1507 901)
4(1493 1495 1509 1507)
4(1495 1497 1511 1509)
4(1497 1499 1513 1511)
4(1499 1501 1515 1513)
4(1501 1503 1517 1515)
4(1503 1505 1519 1517)
4(901 1507 1521 903)
4(1507 1509 1523 1521)
4(1509 1511 1525 1523)
4(1511 1513 1527 1525)
4(1513 1515 1529 1527)
4(1515 1517 1531 1529)
4(1517 1519 1533 1531)
4(903 1521 1535 905)
4(1521 1523 1537 1535)
4(1523 1525 1539 1537)
4(1525 1527 1541 1539)
4(1527 1529 1543 1541)
4(1529 1531 1545 1543)
4(1531 1533 1547 1545)
4(905 1535 1549 907)
4(1535 1537 1551 1549)
4(1537 1539 1553 1551)
4(1539 1541 1555 1553)
4(1541 1543 1557 1555)
4(1543 1545 1559 1557)
4(1545 1547 1561 1559)
4(907 1549 1563 909)
4(1549 1551 1565 1563)
4(1551 1553 1567 1565)
4(1553 1555 1569 1567)
4(1555 1557 1571 1569)
4(1557 1559 1573 1571)
4(1559 1561 1575 1573)
4(909 1563 1577 911)
4(1563 1565 1579 1577)
4(1565 1567 1581 1579)
4(1567 1569 1583 1581)
4(1569 1571 1585 1583)
4(1571 1573 1587 1585)
4(1573 1575 1589 1587)
4(911 1577 1591 913)
4(1577 1579 1593 1591)
4(1579 1581 1595 1593)
4(1581 1583 1597 1595)
4(1583 1585 1599 1597)
4(1585 1587 1601 1599)
4(1587 1589 1603 1601)
4(913 1591 1605 915)
4(1591 1593 1607 1605)
4(1593 1595 1609 1607)
4(1595 1597 1611 1609)
4(1597 1599 1613 1611)
4(1599 1601 1615 1613)
4(1601 1603 1617 1615)
4(915 1605 1619 917)
4(1605 1607 1621 1619)
4(1607 1609 1623 1621)
4(1609 1611 1625 1623)
4(1611 1613 1627 1625)
4(1613 1615 1629 1627)
4(1615 1617 1631 1629)
)


// ************************************************************************* //
