/*--------------------------------*- C++ -*----------------------------------*\
| =========                 |                                                 |
| \\      /  F ield         | OpenFOAM: The Open Source CFD Toolbox           |
|  \\    /   O peration     | Version:  2.2.x                                 |
|   \\  /    A nd           | Web:      www.OpenFOAM.org                      |
|    \\/     M anipulation  |                                                 |
\*---------------------------------------------------------------------------*/
FoamFile
{
    version     2.0;
    format      ascii;
    class       vectorField;
    location    "0.0002";
    object      f;
}
// * * * * * * * * * * * * * * * * * * * * * * * * * * * * * * * * * * * * * //


2405
(
(-8.87809e-21 -1.68351e-05 5.7653e-05)
(0 -1.28791e-05 5.23189e-05)
(0 2.28432e-05 7.59845e-05)
(0 4.79181e-05 7.56624e-05)
(0 2.57005e-05 8.51924e-05)
(0 1.06765e-05 3.85652e-05)
(0 9.11173e-06 3.78553e-05)
(0 -1.52114e-05 5.07045e-05)
(0 -1.56388e-05 5.45529e-05)
(0 -1.83776e-05 5.77945e-05)
(0 -2.22227e-05 6.1007e-05)
(0 -2.0386e-05 6.58515e-05)
(0 -2.59287e-05 6.36039e-05)
(0 -4.75871e-05 0.000131957)
(1.86402e-35 -7.3366e-05 0.000126924)
(-3.58502e-20 -3.36224e-05 0.000150269)
(0 -1.84624e-05 6.15414e-05)
(0 -7.16316e-05 0.000140983)
(0 -1.75187e-05 0.000169035)
(0 6.49437e-05 0.000184978)
(-1.55151e-20 4.78809e-06 5.29101e-05)
(0 -2.65926e-05 9.57729e-05)
(0 4.55316e-05 0.000108018)
(0 6.347e-05 9.41352e-05)
(0 3.91639e-05 9.97729e-05)
(0 1.79212e-05 3.46314e-05)
(0 8.77929e-06 3.53188e-05)
(0 1.2219e-06 -7.66725e-08)
(0 1.1965e-05 -9.67077e-06)
(0 1.58498e-05 -9.23719e-06)
(1.15972e-20 6.43089e-06 -4.05984e-05)
(0 1.0031e-05 -3.34366e-05)
(0 3.86285e-05 -9.34148e-05)
(0 2.60634e-05 -8.31774e-05)
(0 2.50271e-05 -8.11442e-05)
(0 -1.47934e-05 -5.06593e-05)
(0 -1.43626e-05 -6.27073e-05)
(-4.28435e-24 -2.57359e-05 3.28192e-05)
(0 -1.20951e-07 -1.37163e-06)
(0 -1.20749e-07 5.00861e-06)
(0 4.69966e-07 -1.42799e-06)
(0 2.84619e-06 -2.4574e-06)
(0 2.58457e-06 -6.59885e-07)
(0 7.64019e-06 -1.71962e-06)
(0 -5.73438e-06 -4.23255e-06)
(0 2.13038e-06 -2.75041e-06)
(0 -4.11911e-06 -2.44036e-06)
(0 2.14025e-06 6.32419e-06)
(0 -9.48872e-07 4.87477e-06)
(0 -3.94893e-08 -1.31631e-07)
(0 2.89762e-06 1.63988e-05)
(0 1.96271e-05 5.80455e-06)
(-4.28579e-24 -1.80892e-05 2.16042e-05)
(0 -1.53246e-05 5.1082e-05)
(0 2.27935e-05 3.8117e-05)
(0 -7.74283e-06 -3.29097e-05)
(0 8.18847e-06 3.39047e-06)
(-4.29895e-24 4.75478e-05 -2.3176e-05)
(0 1.10105e-05 -2.37611e-05)
(0 -6.56309e-06 2.1877e-05)
(0 -2.11117e-05 3.66916e-06)
(0 -2.79706e-06 7.97949e-06)
(0 -6.83282e-06 3.01122e-06)
(0 2.4996e-06 2.27747e-06)
(0 -5.99449e-07 -1.99816e-06)
(0 -6.50386e-06 8.51527e-07)
(0 -1.15202e-05 -4.85147e-06)
(-8.82407e-24 1.2671e-05 -4.75798e-06)
(0 -1.2612e-05 5.14887e-06)
(0 3.92519e-06 7.74269e-06)
(0 3.23114e-06 1.77907e-06)
(0 -4.00299e-06 1.63583e-05)
(0 2.17095e-06 1.42347e-05)
(0 4.34791e-06 1.07695e-05)
(-1.48869e-21 -2.83512e-05 4.20478e-05)
(0 -3.38488e-06 3.71275e-06)
(0 -1.77197e-05 -5.3159e-06)
(0 2.20914e-05 1.80424e-05)
(0 1.64561e-06 7.60843e-06)
(0 -4.31736e-06 2.05286e-06)
(0 3.36429e-05 1.76077e-06)
(0 -1.60774e-05 -5.70646e-06)
(0 -1.96273e-05 1.55976e-05)
(0 3.75682e-05 -6.08284e-07)
(0 -2.98773e-05 4.58901e-06)
(0 -3.50344e-06 8.73028e-07)
(0 3.66374e-06 1.22125e-05)
(0 0 0)
(0 8.36752e-05 4.82807e-06)
(0 -7.0159e-05 1.46106e-05)
(0 -0.000272943 9.6704e-05)
(0 0.000125615 -0.000250131)
(0 0.000135866 0.000227894)
(0 -0.000230929 8.5351e-05)
(0 0.000192856 -7.63087e-06)
(0 0.000319229 0.000159009)
(0 -0.000268514 -0.000129392)
(0 4.07678e-06 2.42275e-05)
(0 2.343e-05 4.00819e-05)
(0 -2.88585e-05 -3.21388e-05)
(0 6.20615e-05 1.29245e-05)
(0 -0.000112634 1.28603e-05)
(0 5.28205e-05 -3.16309e-05)
(0 -1.82064e-05 1.59533e-05)
(0 1.561e-05 -2.49535e-05)
(0 0.00019831 -5.5467e-06)
(0 -0.000141153 -1.1105e-05)
(0 -4.78667e-05 -5.00717e-05)
(0 7.31247e-05 -5.25475e-05)
(0 -7.1202e-05 9.53878e-06)
(0 -1.0834e-05 -1.7254e-05)
(2.64086e-27 7.41208e-08 2.46091e-07)
(0 0 0)
(0 0 0)
(0 -1.92022e-09 2.33815e-08)
(0 1.92022e-09 -2.33815e-08)
(0 0 0)
(0 0 0)
(0 0 0)
(0 4.1506e-08 -1.73409e-08)
(0 -4.1506e-08 1.73409e-08)
(0 1.15859e-07 -1.08629e-08)
(0 -9.85546e-08 3.99654e-08)
(0 3.98684e-07 -2.20084e-07)
(0 -3.98684e-07 2.20084e-07)
(0 3.39956e-07 -7.113e-08)
(0 -1.67481e-07 1.85239e-07)
(0 0 0)
(0 -7.00662e-07 -8.42863e-05)
(0 3.88889e-07 3.49278e-07)
(0 0 0)
(0 -6.07075e-07 -2.48019e-08)
(0 6.07075e-07 2.48019e-08)
(0 3.21106e-06 1.7562e-05)
(0 0 0)
(0 1.47696e-07 1.67641e-07)
(0 -2.74774e-07 -1.38969e-07)
(0 -2.46376e-07 -5.89567e-09)
(0 0 0)
(0 -3.34618e-08 7.6246e-08)
(0 -8.4127e-08 -1.23022e-07)
(0 0 0)
(0 0 0)
(0 0 0)
(0 0 0)
(0 4.72577e-07 -1.73185e-07)
(0 -4.72577e-07 1.73185e-07)
(0 0 0)
(0 6.34994e-08 -1.56911e-07)
(0 -1.29015e-06 2.12542e-08)
(0 1.22665e-06 1.35657e-07)
(0 -9.05347e-09 8.07683e-09)
(0 9.05347e-09 -8.07683e-09)
(0 0 0)
(0 0 0)
(0 0 0)
(0 4.134e-08 -2.39317e-08)
(0 -4.134e-08 2.39317e-08)
(0 7.10437e-08 -4.0719e-08)
(0 -7.10437e-08 4.0719e-08)
(0 2.84127e-07 -1.84091e-07)
(0 -2.84127e-07 1.84091e-07)
(0 1.56602e-07 -4.92233e-08)
(0 -1.56602e-07 4.92233e-08)
(0 0 0)
(0 3.11773e-07 8.3937e-05)
(0 0 0)
(0 0 0)
(0 -1.43663e-07 1.23304e-07)
(0 1.43663e-07 -1.23304e-07)
(0 -9.31651e-06 2.78945e-06)
(0 0 0)
(0 1.48513e-07 1.70879e-07)
(0 -1.48513e-07 -1.70879e-07)
(0 0 0)
(0 0 0)
(0 -6.0829e-08 8.8048e-08)
(0 6.0829e-08 -8.8048e-08)
(0 0 0)
(0 0 0)
(0 0 0)
(0 0 0)
(0 4.31073e-07 -1.62163e-07)
(0 -4.31073e-07 1.62163e-07)
(0 0 0)
(0 0 0)
(0 -7.79793e-08 -4.4708e-07)
(0 0 0)
(0 1.81189e-07 -8.23611e-07)
(0 1.02937e-07 -7.15847e-07)
(0 1.07091e-07 -2.40216e-07)
(0 1.93218e-07 -9.15789e-08)
(0 0 0)
(0 5.00497e-08 -2.86942e-08)
(0 -5.95461e-07 -8.56946e-07)
(0 -9.99119e-07 -2.98615e-07)
(0 -6.14348e-08 4.22679e-08)
(0 1.38125e-07 -2.80031e-07)
(0 -3.96916e-06 -7.58824e-07)
(0 -1.66106e-07 -5.56638e-08)
(0 -4.51534e-06 9.92629e-07)
(0 -1.84523e-07 6.15076e-07)
(0 -3.64562e-07 -8.51769e-08)
(0 1.93117e-06 -1.21905e-05)
(0 1.99996e-06 -4.27501e-06)
(0 4.25712e-06 2.01474e-06)
(0 8.83234e-08 -1.34297e-07)
(0 0 0)
(0 1.47595e-07 4.91984e-07)
(0 5.64094e-06 1.04763e-06)
(0 4.38849e-06 5.41484e-07)
(0 7.30912e-08 2.43637e-07)
(0 0 0)
(0 -4.65518e-08 1.14042e-07)
(0 2.32209e-07 -6.67236e-07)
(0 4.21937e-06 -5.81956e-07)
(0 8.87084e-08 2.95695e-07)
(0 0 0)
(0 8.42931e-07 1.09951e-05)
(0 1.1476e-06 6.66055e-06)
(0 5.50151e-07 3.43129e-06)
(0 1.35653e-06 3.71483e-06)
(0 1.88398e-09 -1.05203e-08)
(0 -3.99135e-08 -2.85905e-06)
(0 -5.32225e-06 1.02785e-05)
(0 2.79575e-06 -3.84994e-06)
(0 4.00979e-07 -4.32421e-06)
(0 3.54064e-07 -3.19202e-06)
(0 2.58867e-07 -2.11483e-06)
(0 -8.98547e-07 4.98927e-06)
(0 -8.5127e-06 1.16279e-05)
(0 -9.40709e-07 -3.79032e-06)
(0 6.79124e-08 -3.34325e-06)
(0 -6.86195e-08 6.2032e-08)
(0 -4.4791e-07 -1.49303e-06)
(0 2.46117e-06 -4.38646e-06)
(0 -1.86169e-06 5.73315e-06)
(0 2.91745e-06 3.97329e-06)
(0 8.06223e-06 2.16348e-06)
(0 -4.906e-06 -7.81295e-05)
(0 -5.05858e-06 -2.87165e-05)
(0 4.11359e-06 2.20363e-05)
(0 -3.67375e-07 1.16931e-05)
(0 4.37928e-08 -1.67278e-07)
(0 2.14951e-05 2.61576e-05)
(0 -1.21986e-05 4.79072e-06)
(0 -2.95279e-06 7.73416e-06)
(0 -2.95917e-06 4.38459e-06)
(0 2.79118e-07 9.88268e-07)
(0 0 0)
(0 8.87501e-07 -3.13034e-06)
(0 2.00833e-06 -6.58807e-06)
(0 -1.3998e-06 -8.64955e-06)
(0 1.79031e-05 1.95062e-05)
(0 1.45391e-05 7.34721e-05)
(0 2.82891e-05 3.96215e-05)
(0 3.25806e-07 1.40557e-05)
(0 1.42952e-06 1.34034e-05)
(0 5.9983e-06 1.71482e-05)
(0 1.32659e-06 7.87749e-08)
(0 3.31446e-06 1.34881e-06)
(0 5.83093e-07 -8.88514e-06)
(0 -1.46631e-06 5.28136e-06)
(0 4.76499e-06 6.57839e-06)
(0 -5.67501e-06 1.87179e-06)
(0 -2.4172e-06 1.61317e-06)
(0 1.14241e-05 -1.60706e-05)
(0 0 0)
(0 4.77214e-06 5.71909e-06)
(0 -2.29742e-06 2.52996e-06)
(0 3.69665e-06 -2.00095e-06)
(0 2.4175e-05 -4.61681e-06)
(0 -2.58393e-05 1.33924e-05)
(0 -3.46092e-05 2.04959e-07)
(0 3.78138e-05 -1.08867e-05)
(0 3.16696e-05 -1.43986e-05)
(0 -8.04802e-05 7.6118e-05)
(0 4.88906e-05 5.52664e-05)
(0 -1.17718e-05 -1.63303e-05)
(0 2.28337e-06 -1.52979e-05)
(0 -2.47084e-05 3.18445e-05)
(0 5.40891e-06 -5.75464e-05)
(0 9.97919e-06 -5.48837e-06)
(0 1.21834e-05 -4.31129e-06)
(0 -1.63281e-05 -9.50437e-06)
(0 -2.41015e-05 5.80669e-06)
(0 1.83799e-05 -7.88078e-06)
(0 5.1494e-06 1.37046e-06)
(0 -3.48307e-06 7.47659e-06)
(0 -1.46452e-06 9.01534e-06)
(0 2.09812e-05 6.08225e-06)
(0 -4.6506e-05 -9.74494e-05)
(0 -3.57559e-05 -5.28505e-05)
(0 3.23462e-05 -3.12119e-05)
(0 -3.6128e-05 -6.2536e-06)
(0 -7.4006e-06 -2.08141e-05)
(0 4.32501e-09 3.06e-07)
(0 4.50388e-09 -1.33522e-08)
(0 0 0)
(0 -1.10647e-08 -4.77259e-09)
(0 1.13939e-08 -2.02497e-08)
(0 -4.17599e-09 -2.25932e-08)
(0 -9.11975e-09 -3.03877e-08)
(0 -5.89898e-09 -2.01549e-08)
(0 1.638e-08 -2.10872e-08)
(0 -4.49642e-08 -1.27344e-09)
(0 1.71594e-08 -4.00233e-08)
(0 -2.6067e-08 1.19716e-08)
(0 5.72808e-08 -1.98336e-07)
(0 -1.19449e-07 2.28193e-07)
(0 -1.7724e-07 3.96586e-08)
(0 9.8563e-08 7.39787e-09)
(0 5.26161e-09 3.93295e-08)
(0 -1.94036e-07 -4.89674e-07)
(0 1.52938e-07 8.92185e-07)
(0 4.71457e-08 1.89058e-07)
(0 1.99002e-08 1.80097e-07)
(0 -3.62522e-08 -1.5191e-07)
(0 5.10375e-08 3.13739e-08)
(0 4.7542e-08 5.60451e-08)
(0 1.01176e-07 2.07064e-07)
(0 -2.56184e-08 -1.6422e-07)
(0 2.16921e-08 4.80114e-09)
(0 -7.10931e-07 2.36977e-06)
(0 5.43677e-08 2.43804e-08)
(0 5.78081e-08 -6.94397e-08)
(0 5.79282e-08 -2.01269e-08)
(0 8.73377e-08 -2.48966e-08)
(0 9.23389e-08 3.50437e-08)
(0 6.58831e-08 -1.8823e-07)
(0 2.55224e-07 -7.1133e-07)
(0 -2.30337e-07 6.833e-07)
(0 -2.92009e-08 1.00892e-10)
(0 1.77187e-07 -3.56543e-08)
(0 1.5711e-06 -7.70035e-07)
(0 -1.75484e-06 8.32927e-07)
(0 -1.00861e-08 1.20869e-08)
(0 9.75693e-09 1.29354e-08)
(0 4.17599e-09 2.25932e-08)
(0 9.11975e-09 3.03877e-08)
(0 5.89898e-09 2.01549e-08)
(0 4.11625e-08 -9.60208e-09)
(0 -1.25783e-08 3.19627e-08)
(0 3.62432e-08 -9.98119e-09)
(0 -2.73355e-08 3.80329e-08)
(0 1.04381e-07 -1.49721e-07)
(0 -4.22128e-08 1.19863e-07)
(0 -4.37407e-08 -1.07984e-08)
(0 1.22418e-07 -3.62581e-08)
(0 -5.26161e-09 -3.93295e-08)
(0 -3.53996e-08 -1.40548e-07)
(0 7.64968e-08 -2.61963e-07)
(0 -4.71457e-08 -1.89058e-07)
(0 -5.74578e-08 9.28781e-08)
(0 1.66475e-08 -1.89753e-07)
(0 -5.10375e-08 -3.13739e-08)
(0 -4.7542e-08 -5.60451e-08)
(0 -1.91763e-08 1.104e-07)
(0 -5.6381e-08 -1.53244e-07)
(0 -2.16921e-08 -4.80114e-09)
(0 -6.96705e-08 2.32235e-07)
(0 -5.45803e-08 7.43691e-08)
(0 -5.75955e-08 -2.93098e-08)
(0 -5.79282e-08 2.01269e-08)
(0 -8.73377e-08 2.48966e-08)
(0 -9.23389e-08 -3.50437e-08)
(0 -6.58831e-08 1.8823e-07)
(0 1.00699e-07 -4.4433e-07)
(0 -1.25586e-07 4.7236e-07)
(0 2.92009e-08 -1.00892e-10)
(0 -1.79154e-05 5.34868e-06)
(0 -1.95163e-07 6.05751e-08)
(0 0 0)
(0 -5.73671e-09 -1.51987e-08)
(0 1.06329e-08 -2.1466e-08)
(0 -2.44154e-08 -3.13017e-08)
(0 -4.42351e-08 -4.07357e-08)
(0 -9.80818e-07 -7.66053e-06)
(0 5.22932e-09 -3.02369e-08)
(0 -2.70314e-08 2.21791e-09)
(0 3.05276e-08 -3.34411e-08)
(0 -2.86377e-08 1.85804e-08)
(0 1.19794e-07 -1.48224e-07)
(0 -6.36484e-08 1.01698e-07)
(0 -4.31629e-08 5.95576e-08)
(0 4.81633e-08 -2.05582e-08)
(0 -2.62603e-09 4.79342e-08)
(0 -3.27831e-08 1.69314e-07)
(0 3.60866e-07 4.60416e-06)
(0 2.37695e-08 7.14687e-08)
(0 -1.37534e-08 1.59499e-07)
(0 3.48348e-08 -8.53896e-08)
(0 1.16368e-08 5.74408e-09)
(0 1.01213e-08 3.09663e-08)
(0 3.01346e-07 3.94784e-07)
(0 -5.06221e-08 7.18969e-08)
(0 8.90887e-09 -7.09233e-09)
(0 4.20136e-09 -1.07047e-08)
(0 3.47568e-08 4.24897e-08)
(0 2.39513e-08 -5.88365e-08)
(0 5.52557e-08 -1.11172e-08)
(0 9.65668e-08 -2.02034e-08)
(0 7.73699e-08 -8.53924e-08)
(0 7.79194e-08 1.1801e-07)
(0 -2.40689e-07 -3.68897e-07)
(0 2.59187e-07 2.51411e-07)
(0 -5.17895e-08 -6.18723e-08)
(0 -2.13805e-05 6.08305e-06)
(0 -5.59599e-07 1.50444e-07)
(0 -1.19245e-06 -8.76271e-06)
(0 -1.9771e-08 1.70886e-08)
(0 1.48748e-08 1.95761e-08)
(0 2.44154e-08 3.13017e-08)
(0 4.42351e-08 4.07357e-08)
(0 9.80818e-07 7.66053e-06)
(0 4.27056e-08 4.20316e-09)
(0 -2.09036e-08 2.38158e-08)
(0 2.79431e-08 -1.38085e-08)
(0 -2.9833e-08 2.86691e-08)
(0 -4.59726e-08 7.42319e-08)
(0 -1.01729e-08 -2.77059e-08)
(0 -5.40845e-08 4.2616e-08)
(0 4.90841e-08 -8.16155e-08)
(0 2.62603e-09 -4.79342e-08)
(0 -3.68571e-06 2.28657e-05)
(0 3.35071e-06 1.29326e-05)
(0 6.71585e-09 -7.31575e-08)
(0 -5.84068e-08 8.12087e-08)
(0 3.73254e-08 -1.55318e-07)
(0 -1.16368e-08 -5.74408e-09)
(0 -1.57325e-08 -3.36499e-08)
(0 -2.93417e-07 -1.35873e-06)
(0 -4.35668e-09 5.23384e-09)
(0 -8.90887e-09 7.09233e-09)
(0 -4.20136e-09 1.07047e-08)
(0 8.50993e-10 3.83023e-08)
(0 -5.95591e-08 -2.19556e-08)
(0 -5.52557e-08 1.11172e-08)
(0 -9.65668e-08 2.02034e-08)
(0 -7.73699e-08 8.53924e-08)
(0 -7.79194e-08 -1.1801e-07)
(0 -4.1966e-07 -4.68607e-07)
(0 4.01163e-07 5.86093e-07)
(0 5.17895e-08 6.18723e-08)
(0 7.59977e-07 2.22153e-07)
(0 -1.4153e-05 -1.61172e-05)
(0 1.44105e-05 2.37969e-05)
(0 -5.11628e-08 -2.02949e-07)
(0 1.4952e-08 -2.08346e-08)
(0 -8.1857e-09 -2.6944e-08)
(0 1.6637e-08 -1.2773e-08)
(0 -2.45588e-05 -3.55579e-05)
(0 4.37743e-08 -2.07941e-08)
(0 -3.71637e-08 -7.06416e-09)
(0 2.94358e-08 -2.81872e-08)
(0 -2.69729e-08 8.85319e-09)
(0 9.73015e-09 1.44452e-08)
(0 -6.9188e-09 -3.2429e-08)
(0 -4.44177e-08 6.12497e-08)
(0 5.74245e-08 -5.11008e-08)
(0 5.70865e-06 -1.69879e-06)
(0 -1.11484e-05 -1.8464e-05)
(0 5.43457e-06 -2.0399e-05)
(0 4.13228e-08 1.80034e-08)
(0 -3.83359e-08 1.28907e-07)
(0 8.67222e-08 -1.2363e-07)
(0 1.37128e-08 -4.02853e-10)
(0 6.93359e-09 -1.22192e-08)
(0 8.90236e-06 -1.76535e-06)
(0 -8.23467e-06 2.46785e-06)
(0 -6.15048e-07 1.69053e-07)
(0 1.031e-08 -2.43943e-08)
(0 9.70105e-08 6.12567e-10)
(0 2.16881e-08 -5.35842e-08)
(0 1.02246e-07 -1.94343e-08)
(0 6.94934e-08 -3.68026e-08)
(0 7.96844e-08 -3.52025e-08)
(0 4.38544e-08 -2.30282e-07)
(0 -3.60883e-07 -5.72272e-07)
(0 3.70476e-07 3.41862e-07)
(0 4.01089e-08 -1.22348e-07)
(0 0 0)
(0 0 0)
(0 1.676e-07 1.41856e-06)
(0 -1.17073e-08 1.72396e-08)
(0 2.37928e-08 3.08168e-08)
(0 8.1857e-09 2.6944e-08)
(0 -1.6637e-08 1.2773e-08)
(0 2.43621e-05 3.39579e-05)
(0 2.61842e-08 1.54608e-08)
(0 -3.27947e-08 1.23974e-08)
(0 2.50231e-08 3.6106e-10)
(0 -2.7486e-08 1.8973e-08)
(0 1.33547e-08 1.79539e-08)
(0 -1.6166e-08 2.98264e-11)
(0 -6.07551e-08 4.93576e-08)
(0 4.77483e-08 -5.95065e-08)
(0 -1.84046e-08 -8.31839e-09)
(0 -6.64951e-08 1.93757e-07)
(0 6.64951e-08 -1.93757e-07)
(0 -4.13228e-08 -1.80034e-08)
(0 -9.68712e-08 7.55839e-08)
(0 4.84849e-08 -8.08608e-08)
(0 -1.37128e-08 4.02853e-10)
(0 -6.93359e-09 1.22192e-08)
(0 5.52657e-08 -1.02972e-07)
(0 -5.61099e-08 1.09231e-07)
(0 8.67691e-10 1.16821e-08)
(0 -1.031e-08 2.43943e-08)
(0 1.43405e-07 4.57997e-08)
(0 -2.62103e-07 7.17195e-09)
(0 -1.02246e-07 1.94343e-08)
(0 -6.94934e-08 3.68026e-08)
(0 -7.96844e-08 3.52025e-08)
(0 -4.38544e-08 2.30282e-07)
(0 -3.37997e-07 -2.74282e-07)
(0 3.28404e-07 5.04693e-07)
(0 -4.01089e-08 1.22348e-07)
(0 -5.23917e-08 -4.89622e-08)
(0 -5.22832e-08 -4.87668e-08)
(0 -3.10989e-08 -5.70928e-08)
(0 -6.06265e-08 -6.57578e-08)
(0 -2.93397e-08 -5.52583e-08)
(0 7.28843e-08 -3.10595e-08)
(0 7.28854e-08 -3.15809e-08)
(0 2.45004e-07 1.55944e-06)
(0 8.13189e-08 -2.87552e-08)
(0 3.14498e-08 -2.90819e-08)
(0 3.55888e-08 -3.75399e-08)
(0 -1.73772e-08 -1.64157e-08)
(0 2.9052e-08 -3.64306e-08)
(0 3.84707e-10 -3.93882e-08)
(0 -2.44952e-08 1.72419e-08)
(0 1.19452e-07 -1.00154e-07)
(0 7.47147e-08 -4.01923e-08)
(0 1.04337e-08 9.39146e-08)
(0 1.42664e-07 -1.70806e-07)
(0 1.3232e-07 -8.11016e-08)
(0 2.43837e-07 -3.74767e-08)
(0 3.67382e-07 -1.70863e-07)
(0 2.02208e-07 -6.43258e-08)
(0 -2.34118e-08 -1.09456e-07)
(0 1.95741e-08 -1.98051e-07)
(0 -2.55584e-07 -1.00014e-07)
(0 -1.9168e-07 -1.87449e-07)
(0 5.29651e-08 -1.09837e-07)
(0 2.89356e-07 -1.17098e-07)
(0 -1.89371e-07 -1.62606e-07)
(0 3.90782e-07 -2.20676e-07)
(0 3.8143e-07 -2.03556e-07)
(0 2.73991e-07 -2.07377e-07)
(0 1.29e-07 -3.21157e-07)
(0 -1.86534e-07 -5.88099e-07)
(0 2.30098e-07 -1.1386e-08)
(0 -6.4459e-08 -2.5466e-07)
(0 5.23917e-08 4.89622e-08)
(0 -1.43285e-07 -8.44236e-07)
(0 3.01317e-08 2.66218e-08)
(0 9.47985e-09 2.3613e-08)
(0 5.33852e-08 3.66397e-08)
(0 -6.67512e-08 4.71524e-09)
(0 -6.07613e-08 1.06811e-08)
(0 -1.48037e-08 9.52439e-08)
(0 -1.26358e-08 1.40311e-08)
(0 -7.48277e-08 1.8271e-08)
(0 2.31267e-08 7.77406e-10)
(0 3.02513e-07 -5.64541e-07)
(0 2.11283e-08 1.48028e-09)
(0 -3.47962e-08 3.09036e-08)
(0 6.8826e-10 7.77318e-08)
(0 -5.83642e-08 -5.34386e-08)
(0 -3.52071e-08 2.39498e-09)
(0 1.30621e-07 -7.5877e-08)
(0 2.29446e-06 -1.62653e-06)
(0 -7.38334e-08 2.69999e-08)
(0 -2.72526e-07 1.12363e-07)
(0 5.2244e-08 -9.89271e-08)
(0 -1.80338e-07 1.45429e-08)
(0 6.38984e-09 1.08571e-07)
(0 -1.718e-07 -1.03053e-07)
(0 3.03633e-07 2.61644e-07)
(0 5.92648e-08 4.09804e-08)
(0 -4.29791e-08 5.18808e-08)
(0 2.02099e-07 6.43912e-08)
(0 -1.78861e-07 7.5974e-08)
(0 -9.54433e-08 7.69144e-08)
(0 9.25207e-08 5.21814e-08)
(0 -1.86885e-07 9.05397e-08)
(0 -2.3845e-08 2.64245e-07)
(0 -6.94037e-07 1.04503e-07)
(0 6.5357e-07 3.58557e-07)
(0 1.17678e-08 2.15092e-07)
(0 2.48067e-06 6.54141e-07)
(0 -1.06293e-06 -6.49028e-06)
(0 9.67217e-10 3.04711e-08)
(0 7.09186e-09 2.10518e-08)
(0 2.00092e-08 3.97117e-08)
(0 -6.13312e-09 2.63443e-08)
(0 -1.21241e-08 2.08998e-08)
(0 -3.34092e-08 -5.4728e-08)
(0 4.12781e-09 5.35204e-09)
(0 -2.9433e-08 2.01829e-08)
(0 6.27768e-08 -7.6402e-09)
(0 1.28477e-06 -4.4082e-06)
(0 1.27483e-07 -6.52443e-06)
(0 -6.08099e-08 3.38674e-08)
(0 6.39149e-09 8.15553e-08)
(0 -4.36721e-08 -2.29365e-08)
(0 -3.95076e-08 3.77973e-08)
(0 -2.42299e-08 4.12704e-08)
(0 1.55363e-06 -1.18215e-05)
(0 -9.00388e-08 2.72395e-08)
(0 -1.58608e-07 1.64906e-07)
(0 -2.32329e-07 2.99984e-08)
(0 -2.18703e-08 4.97829e-08)
(0 1.7022e-08 8.85728e-10)
(0 -2.53061e-07 -2.58294e-07)
(0 3.57238e-07 3.97768e-07)
(0 1.32415e-07 1.46469e-07)
(0 -9.98604e-09 5.79567e-08)
(0 2.15428e-07 3.49402e-08)
(0 -3.38651e-07 1.04399e-07)
(0 -2.95339e-07 1.43762e-07)
(0 -4.7395e-07 1.51375e-07)
(0 -8.71055e-08 1.16837e-07)
(0 -1.05155e-07 5.69118e-08)
(0 -6.45494e-07 -4.41789e-08)
(0 6.42397e-07 1.80603e-07)
(0 5.26911e-08 3.95683e-08)
(0 2.47738e-06 2.10881e-07)
(0 5.76913e-07 7.26886e-06)
(0 -7.53837e-07 1.49706e-07)
(0 1.41359e-06 6.26579e-08)
(0 1.12626e-09 -3.66559e-08)
(0 1.01114e-09 -4.64779e-08)
(0 -3.7874e-09 -3.95902e-08)
(0 2.71728e-09 -2.81341e-08)
(0 5.20747e-09 -3.64378e-08)
(0 -9.29561e-09 -1.63344e-08)
(0 2.12955e-09 -2.25033e-08)
(0 1.70759e-05 -5.96627e-07)
(0 -5.78494e-06 8.48409e-06)
(0 -1.30682e-05 3.64499e-06)
(0 3.35021e-08 1.59859e-08)
(0 -5.70454e-09 -9.68426e-08)
(0 -1.09126e-06 2.27277e-07)
(0 4.75562e-05 -1.00677e-05)
(0 -5.04665e-05 2.32689e-05)
(0 8.63679e-08 -1.06684e-07)
(0 2.37543e-07 -7.96082e-08)
(0 -2.41067e-07 -1.02545e-07)
(0 3.65577e-08 -1.06556e-07)
(0 1.51065e-08 -1.28173e-07)
(0 -3.43267e-07 -4.46912e-07)
(0 2.30031e-07 1.73974e-07)
(0 7.7381e-08 -7.85043e-08)
(0 1.52772e-08 -1.14754e-07)
(0 4.23536e-07 -2.08667e-07)
(0 -1.83989e-07 -1.04382e-07)
(0 2.39298e-07 -2.14459e-07)
(0 -2.16866e-08 -2.45027e-07)
(0 2.08924e-07 -2.4051e-07)
(0 6.87506e-08 -2.36279e-07)
(0 -5.8891e-07 -1.84069e-07)
(0 6.09488e-07 -7.03133e-08)
(0 3.73386e-08 -1.10684e-07)
(0 3.17735e-09 5.33286e-07)
(0 0 0)
(0 -2.27695e-08 -7.93308e-08)
(0 -1.56141e-08 3.56827e-08)
(0 7.4684e-09 5.69334e-08)
(0 -1.01114e-09 4.64779e-08)
(0 3.7874e-09 3.95902e-08)
(0 -2.71728e-09 2.81341e-08)
(0 2.19392e-08 3.05755e-08)
(0 -1.78511e-08 2.21967e-08)
(0 2.80521e-08 8.19857e-09)
(0 -3.01817e-08 1.43047e-08)
(0 1.07119e-07 -9.71862e-08)
(0 -1.03721e-07 1.32297e-07)
(0 6.80793e-09 1.04147e-07)
(0 -3.46055e-08 -2.32901e-08)
(0 -1.51727e-08 5.37885e-08)
(0 1.49345e-07 4.71716e-08)
(0 -2.08619e-07 5.70095e-08)
(0 -8.63679e-08 1.06684e-07)
(0 -1.42556e-07 1.40132e-07)
(0 1.4608e-07 4.20211e-08)
(0 -3.65577e-08 1.06556e-07)
(0 -1.51065e-08 1.28173e-07)
(0 -2.90932e-07 -2.61074e-07)
(0 4.04167e-07 5.34012e-07)
(0 -7.7381e-08 7.85043e-08)
(0 -1.52772e-08 1.14754e-07)
(0 4.19406e-07 -9.52659e-09)
(0 -6.58953e-07 3.22575e-07)
(0 -2.39298e-07 2.14459e-07)
(0 2.16866e-08 2.45027e-07)
(0 -2.08924e-07 2.4051e-07)
(0 -6.87506e-08 2.36279e-07)
(0 -7.57741e-07 1.24293e-07)
(0 7.37163e-07 1.3009e-07)
(0 -3.73386e-08 1.10684e-07)
(0 0 0)
(0 0 0)
(0 0 0)
(0 -1.45656e-08 -9.84188e-09)
(0 1.45656e-08 9.84188e-09)
(0 0 0)
(0 0 0)
(0 0 0)
(0 2.40516e-08 5.66891e-09)
(0 -2.40516e-08 -5.66891e-09)
(0 2.67232e-08 -1.64643e-08)
(0 -2.67232e-08 1.64643e-08)
(0 1.00349e-07 -1.08452e-07)
(0 -1.00349e-07 1.08452e-07)
(0 2.13905e-08 6.12744e-08)
(0 -2.13905e-08 -6.12744e-08)
(0 0 0)
(0 2.08414e-07 -1.07221e-07)
(0 -2.08414e-07 1.07221e-07)
(0 0 0)
(0 -1.9149e-07 7.44833e-08)
(0 1.9149e-07 -7.44833e-08)
(0 0 0)
(0 0 0)
(0 -2.51975e-07 -2.76885e-07)
(0 2.51975e-07 2.76885e-07)
(0 0 0)
(0 0 0)
(0 5.56028e-07 -1.68424e-07)
(0 -5.56028e-07 1.68424e-07)
(0 0 0)
(0 0 0)
(0 0 0)
(0 0 0)
(0 -7.3394e-07 4.34822e-08)
(0 7.3394e-07 -4.34822e-08)
(0 0 0)
(0 1.76884e-08 -2.78222e-08)
(0 1.15154e-06 -7.53384e-07)
(0 -4.91735e-07 -1.18127e-06)
(0 6.33672e-07 -3.18497e-06)
(0 4.21592e-07 -2.30631e-06)
(0 -7.1473e-07 -1.77755e-06)
(0 -1.52297e-06 -2.1973e-06)
(0 0 0)
(0 4.39556e-09 -1.14549e-08)
(0 -3.35164e-08 -3.06231e-08)
(0 -4.934e-08 -9.37734e-07)
(0 -2.83825e-07 -8.76066e-07)
(0 4.67186e-08 -2.85907e-08)
(0 -6.4965e-08 -1.6994e-08)
(0 -2.35695e-08 5.56586e-08)
(0 -4.57736e-08 -2.22726e-06)
(0 1.06505e-08 -7.82121e-08)
(0 2.79886e-07 -2.97577e-07)
(0 -1.27536e-06 -3.33349e-06)
(0 -8.91028e-07 -4.17458e-06)
(0 2.22138e-06 -5.42726e-06)
(0 4.72654e-06 -6.86914e-06)
(0 0 0)
(0 -4.29144e-06 -9.88376e-06)
(0 -3.19289e-06 -9.071e-06)
(0 -1.90864e-06 -6.33342e-06)
(0 -2.61403e-06 -5.28985e-06)
(0 0 0)
(0 5.95829e-06 -7.75605e-06)
(0 2.80964e-06 -7.00827e-06)
(0 2.82328e-07 -3.34437e-07)
(0 6.27014e-07 -4.61199e-07)
(0 0 0)
(0 2.77848e-07 -6.49525e-07)
(0 -7.81967e-07 -3.00071e-07)
(0 -3.69848e-06 -1.51933e-05)
(0 -9.36439e-06 -1.6023e-05)
(0 9.86316e-07 2.13879e-05)
(0 -1.22735e-06 -2.56802e-06)
(0 -1.67499e-05 -6.85243e-05)
(0 -9.77604e-07 -1.44204e-05)
(0 1.66018e-06 -8.65356e-06)
(0 1.84352e-06 -7.923e-06)
(0 1.80516e-05 8.24418e-06)
(0 -4.94724e-06 7.99653e-06)
(0 5.39759e-08 2.26133e-08)
(0 -2.48551e-08 1.94648e-08)
(0 1.12851e-06 -6.15314e-06)
(0 4.25213e-06 -1.69123e-05)
(0 2.01488e-05 -6.35523e-05)
(0 1.82464e-08 4.55847e-08)
(0 1.97591e-08 5.85329e-08)
(0 -3.69284e-06 -1.19373e-05)
(0 4.48455e-06 -1.24796e-06)
(0 4.30492e-05 -9.57503e-05)
(0 -5.91757e-06 -2.3339e-05)
(0 -5.76854e-06 -3.22688e-05)
(0 -5.78916e-06 -2.61978e-05)
(0 2.31584e-05 -4.79701e-05)
(0 -7.54952e-05 -3.57928e-05)
(0 5.39619e-05 -4.84624e-05)
(0 -2.39043e-06 -5.0946e-05)
(0 -3.50382e-06 -5.03967e-05)
(0 3.86873e-05 -4.50781e-05)
(0 -4.93429e-05 -1.47522e-06)
(0 2.78759e-05 -4.26505e-05)
(0 -8.07981e-06 -4.17864e-05)
(0 -2.82328e-07 3.34437e-07)
(0 -6.27014e-07 4.61199e-07)
(0 -5.62365e-05 -6.90511e-05)
(0 8.48296e-05 2.12599e-05)
(0 -1.17959e-07 5.58707e-07)
(0 -9.81601e-06 -0.000115655)
(0 -5.99073e-05 -0.000115875)
(0 0 0)
(0 -3.58671e-06 6.91902e-06)
(0 3.14044e-05 6.54567e-05)
(0 -1.38968e-05 2.18612e-05)
(0 -2.41728e-05 1.76036e-05)
(0 2.10284e-05 3.07968e-06)
(0 3.91324e-05 2.2801e-05)
(0 -5.82709e-05 -2.7756e-05)
(0 8.89659e-06 -9.1675e-06)
(0 1.33623e-05 -4.61981e-06)
(0 -1.56615e-05 1.16371e-05)
(0 2.72358e-05 7.47196e-07)
(0 -4.0617e-05 7.39494e-05)
(0 -9.21095e-06 4.41515e-06)
(0 1.90275e-06 3.19497e-06)
(0 2.64669e-07 1.29427e-05)
(0 0 0)
(0 -2.55188e-05 7.76711e-05)
(0 -1.49703e-05 4.63204e-05)
(0 8.63023e-06 3.71967e-05)
(0 9.95373e-07 3.11047e-05)
(0 -0.000127386 6.98076e-05)
(0 -0.000143509 -0.00024257)
(0 0.000179584 0.000161182)
(0 1.38188e-05 6.24255e-05)
(0 -2.24237e-06 5.44158e-05)
(0 0.000134081 6.8231e-05)
(0 5.34694e-05 -0.000105603)
(0 -0.000206779 0.000139073)
(0 0.000157493 -1.38878e-05)
(0 -0.000133898 5.30667e-05)
(0 -0.000239201 5.5158e-05)
(0 0.000190079 2.79318e-06)
(0 -1.69878e-05 6.39504e-06)
(0 -0.000164303 5.88555e-05)
(0 0.000195463 6.45129e-05)
(0 6.95809e-05 0.000131976)
(0 -2.95221e-06 2.75313e-05)
(0 1.93166e-07 5.79499e-08)
(0 0 0)
(0 6.9524e-09 8.3196e-09)
(0 -6.9524e-09 -8.3196e-09)
(0 0 0)
(0 0 0)
(0 0 0)
(0 -9.27876e-09 4.38546e-08)
(0 -2.01056e-08 2.71599e-08)
(0 6.77842e-09 -2.91715e-08)
(0 -6.77842e-09 2.91715e-08)
(0 1.072e-07 -2.30447e-07)
(0 -8.83797e-08 3.00446e-07)
(0 4.63449e-08 2.06152e-07)
(0 -2.3227e-08 -1.26156e-07)
(0 0 0)
(0 9.41537e-08 -7.93101e-08)
(0 -9.41537e-08 7.93101e-08)
(0 0 0)
(0 -5.0751e-08 -1.37946e-07)
(0 5.0751e-08 1.37946e-07)
(0 -6.49108e-06 0.00013565)
(0 9.57858e-05 2.4732e-05)
(0 4.1681e-08 1.94588e-07)
(0 -4.1681e-08 -1.94588e-07)
(0 0 0)
(0 -0.000115148 -0.000120193)
(0 4.73349e-07 -2.51406e-07)
(0 -4.73349e-07 2.51406e-07)
(0 2.04025e-08 2.59245e-07)
(0 3.33034e-07 3.41401e-07)
(0 0 0)
(0 0 0)
(0 -1.58503e-06 1.20727e-06)
(0 1.51764e-06 -4.58521e-07)
(0 0 0)
(3.85219e-22 -7.1583e-06 -5.98601e-06)
(0 5.17201e-06 6.44857e-06)
(0 -6.67402e-08 2.329e-07)
(0 -1.08031e-07 7.41527e-08)
(0 -1.55215e-07 9.63971e-08)
(0 2.1632e-07 -2.98248e-08)
(0 2.15101e-07 -3.4296e-08)
(0 1.21463e-07 1.06359e-07)
(0 1.42785e-07 -6.21959e-08)
(0 1.3616e-07 -8.3992e-08)
(0 -1.58801e-08 -9.3744e-08)
(0 -2.83627e-08 -2.39578e-08)
(0 9.28032e-08 -6.51868e-07)
(0 -1.79714e-07 8.2603e-08)
(0 -5.81692e-08 -4.75037e-08)
(0 -1.08956e-07 -2.79247e-07)
(0 -8.7883e-08 -1.48118e-07)
(0 -1.25937e-07 6.65432e-08)
(0 -2.52941e-07 -7.70255e-09)
(0 -1.58851e-07 -1.29931e-07)
(0 -1.72846e-07 -4.87729e-07)
(0 5.01624e-08 -1.71491e-07)
(0 -1.99669e-07 -7.18651e-07)
(0 1.40853e-07 -7.16077e-07)
(0 1.23868e-07 -5.41903e-07)
(0 -1.2935e-07 -7.04341e-07)
(0 -8.35448e-08 -5.21797e-07)
(0 0.000122034 0.00011368)
(0 2.4808e-07 -6.14556e-07)
(0 -8.26282e-07 -6.88701e-09)
(0 -4.87585e-07 -4.1108e-07)
(0 -5.00466e-07 -4.44337e-07)
(0 -3.52046e-07 -6.27587e-07)
(0 -1.80065e-07 -1.24267e-06)
(0 -1.49071e-06 -9.20832e-07)
(0 1.39095e-06 -1.37465e-06)
(0 1.35947e-07 -9.72557e-07)
(0 1.75283e-07 8.07459e-08)
(0 -2.62346e-06 -1.28017e-06)
(0 6.67402e-08 -2.329e-07)
(0 -2.79043e-06 -2.0444e-06)
(0 7.50592e-08 -2.12087e-07)
(0 -2.1632e-07 2.98248e-08)
(0 -2.15101e-07 3.4296e-08)
(0 -1.21463e-07 -1.06359e-07)
(0 -1.36639e-07 8.4055e-08)
(0 -1.42306e-07 6.21329e-08)
(0 2.7894e-08 2.17886e-08)
(0 1.63488e-08 9.59133e-08)
(0 5.07074e-08 2.92468e-07)
(0 3.62033e-08 2.76797e-07)
(0 9.75495e-08 3.42424e-07)
(0 6.95752e-08 -1.56736e-08)
(0 8.7883e-08 1.48118e-07)
(0 4.10907e-07 -6.34514e-07)
(0 -1.80729e-06 -5.58774e-06)
(0 -3.0746e-06 -3.77548e-06)
(0 -3.19714e-07 -3.64184e-06)
(0 4.03491e-06 -6.054e-06)
(0 1.99669e-07 7.18651e-07)
(0 -1.40853e-07 7.16077e-07)
(0 -3.30089e-07 1.03199e-06)
(0 -2.03388e-06 -4.22295e-06)
(0 -6.58835e-06 -3.10951e-06)
(0 -6.88598e-06 6.51283e-06)
(0 7.83972e-07 3.74702e-08)
(0 -2.0577e-07 5.83973e-07)
(0 -4.06521e-06 -4.87217e-06)
(0 -2.14137e-07 -7.53452e-06)
(0 3.52046e-07 6.27587e-07)
(0 1.80065e-07 1.24267e-06)
(0 -1.88325e-06 -2.93033e-05)
(0 -4.56591e-06 -1.87218e-05)
(0 -9.53702e-06 -2.10558e-05)
(0 -1.07031e-07 -6.20985e-08)
(0 1.24552e-06 -3.60758e-06)
(0 -1.48267e-05 1.20212e-05)
(0 1.88469e-05 2.06472e-05)
(0 3.56833e-06 1.07944e-05)
(0 0 0)
(0 0 0)
(0 0 0)
(0 -2.74634e-08 1.82437e-08)
(0 2.74634e-08 -1.82437e-08)
(0 5.61582e-09 -3.42997e-08)
(0 -5.41294e-06 -1.58792e-06)
(0 -7.40334e-06 -9.06715e-05)
(0 0 0)
(0 2.99205e-08 1.86302e-07)
(0 -2.99205e-08 -1.86302e-07)
(0 0 0)
(0 -1.6931e-05 3.99376e-05)
(0 -4.51165e-05 -1.60195e-05)
(0 -8.5571e-07 -9.25357e-06)
(0 -3.02495e-06 -7.66231e-06)
(0 3.20098e-06 -2.82774e-05)
(0 -1.79835e-05 5.36057e-05)
(0 3.18659e-05 9.55964e-06)
(0 0 0)
(0 2.46476e-05 -3.04211e-05)
(0 -2.5108e-05 -2.99181e-05)
(0 6.26989e-06 -0.000150682)
(0 -4.14008e-05 1.23315e-05)
(0 -4.44699e-07 2.22325e-07)
(0 -3.71343e-06 -2.43827e-05)
(0 -4.44164e-05 -5.14509e-05)
(0 -4.72789e-05 4.04977e-05)
(0 3.12947e-05 9.98062e-06)
(0 -2.63395e-06 -9.81013e-05)
(0 -7.58987e-06 -9.99344e-05)
(0 -4.0835e-05 -0.000115988)
(0 4.93958e-05 1.42974e-05)
(0 3.29432e-05 2.53498e-05)
(0 -3.45546e-05 -5.82217e-05)
(0 2.15525e-06 7.18434e-06)
(0 5.8061e-05 8.48666e-07)
(0 -5.85668e-05 -1.29425e-05)
(0 -3.15698e-06 1.39814e-06)
(0 0 0)
(0 -6.8139e-08 1.70346e-08)
(0 6.8139e-08 -1.70346e-08)
(0 -3.33097e-09 -3.51674e-08)
(0 3.33097e-09 3.51674e-08)
(0 2.5467e-05 8.84969e-05)
(0 -1.19776e-05 3.34327e-06)
(0 -7.09041e-07 6.43813e-07)
(0 1.67661e-06 -3.52608e-06)
(0 -4.7315e-06 2.42157e-06)
(0 8.19414e-05 -5.76818e-05)
(0 -1.50846e-05 4.06761e-05)
(0 3.64204e-05 1.5231e-05)
(0 -2.91459e-05 9.01728e-06)
(0 -0.00013747 2.84862e-05)
(0 0.000116531 -5.63155e-05)
(0 -2.23786e-06 1.3797e-05)
(0 -4.87794e-05 1.34545e-06)
(0 2.90037e-05 1.98637e-05)
(0 0.000198274 4.8569e-05)
(0 -0.000131092 0.000122771)
(0 5.35532e-06 -3.2922e-06)
(0 8.44312e-05 -8.97214e-05)
(0 -8.13759e-05 0.000121629)
(0 -6.22191e-05 2.82144e-05)
(0 0.00012203 -1.80721e-05)
(0 0 0)
(0 -0.000144863 0.0001741)
(0 0.00016227 7.40896e-05)
(0 5.05357e-05 0.000137871)
(0 7.34529e-08 5.22804e-07)
(0 7.52412e-08 1.69551e-08)
(0 0 0)
(0 1.65777e-07 1.84531e-07)
(0 -2.11817e-08 3.49443e-09)
(0 -4.50595e-08 1.79e-08)
(0 -9.32067e-08 8.94039e-08)
(0 8.25673e-09 7.16833e-09)
(0 -1.24852e-07 1.39284e-08)
(0 1.26789e-08 1.09964e-08)
(0 -5.00618e-08 -7.58561e-08)
(0 -2.08473e-08 3.52112e-09)
(0 -2.0022e-08 -2.19493e-07)
(0 -4.87725e-08 2.11243e-07)
(0 -2.30998e-08 1.89867e-07)
(0 -1.281e-07 -2.3676e-07)
(0 -1.24171e-08 1.0688e-08)
(0 9.09162e-09 -4.37689e-07)
(0 -2.51739e-07 4.57171e-07)
(0 -1.55261e-07 -7.74359e-10)
(0 -1.33822e-07 -3.79572e-07)
(0 -4.19587e-07 3.66938e-07)
(0 -9.14732e-08 -1.32386e-07)
(0 1.27551e-08 5.10214e-07)
(0 -3.61026e-07 1.04782e-06)
(0 5.26364e-07 -9.13268e-07)
(0 3.14458e-07 -2.37451e-07)
(0 1.93207e-08 -1.83294e-07)
(0 -3.8122e-09 -3.01842e-07)
(0 2.45651e-09 2.16568e-07)
(0 -3.62194e-07 -2.14185e-07)
(0 -5.32463e-07 -2.75898e-07)
(0 -3.38232e-07 -4.40437e-07)
(0 -3.3849e-07 5.33719e-07)
(0 -1.16477e-06 1.32846e-06)
(0 1.101e-06 -1.81046e-06)
(0 2.74876e-07 -2.67553e-07)
(0 -9.26719e-07 7.76757e-07)
(0 6.56768e-07 -7.36286e-07)
(0 1.58691e-07 -4.76072e-08)
(0 -5.82051e-08 -6.99528e-08)
(0 -8.63897e-08 -1.18073e-07)
(0 3.90635e-08 -6.17424e-08)
(0 9.32067e-08 -8.94039e-08)
(0 -8.25673e-09 -7.16833e-09)
(0 3.74338e-08 -5.56426e-08)
(0 7.47398e-08 3.07178e-08)
(0 -5.3526e-09 -2.52681e-08)
(0 7.62617e-08 9.7603e-08)
(0 8.96645e-08 -6.63158e-08)
(0 5.1813e-08 7.77378e-08)
(0 1.37541e-07 1.92002e-07)
(0 1.36587e-08 -1.4511e-07)
(0 9.31848e-08 2.08873e-08)
(0 9.80961e-08 -1.71633e-07)
(0 1.44551e-07 1.52151e-07)
(0 1.55261e-07 7.74359e-10)
(0 1.97317e-07 -2.74339e-07)
(0 3.56091e-07 2.86972e-07)
(0 9.14732e-08 1.32386e-07)
(0 -1.27551e-08 -5.10214e-07)
(0 -2.18294e-07 1.84996e-07)
(0 -3.76053e-08 -1.29301e-07)
(0 -3.14458e-07 2.37451e-07)
(0 -1.93207e-08 1.83294e-07)
(0 5.80102e-08 -1.44136e-07)
(0 1.68865e-07 4.01374e-07)
(0 3.62194e-07 2.14185e-07)
(0 5.32463e-07 2.75898e-07)
(0 3.38232e-07 4.40437e-07)
(0 3.3849e-07 -5.33719e-07)
(0 -4.29398e-07 9.40675e-07)
(0 4.93165e-07 -4.58677e-07)
(0 -2.74876e-07 2.67553e-07)
(0 -8.56186e-06 8.99577e-06)
(0 8.8133e-06 -8.96766e-06)
(0 5.29311e-08 -1.22802e-08)
(0 5.10482e-08 1.2576e-07)
(0 -1.37461e-08 -2.77993e-09)
(0 -5.09065e-09 4.66748e-08)
(0 -2.30645e-08 1.13852e-07)
(0 -4.21186e-08 -1.34824e-08)
(0 -6.76414e-08 -7.76746e-08)
(0 1.54335e-09 1.17178e-09)
(0 -1.03963e-07 -6.46156e-08)
(0 -5.88392e-08 7.29644e-08)
(0 -9.03273e-09 -2.5343e-07)
(0 -3.29127e-06 -1.56503e-06)
(0 1.39586e-08 -8.16534e-08)
(0 -1.73949e-06 1.25738e-06)
(0 -2.08283e-06 1.37443e-06)
(0 -1.14707e-07 -1.14377e-07)
(0 -7.90995e-08 2.11417e-07)
(0 -1.17083e-07 7.27045e-08)
(0 -2.39135e-07 -1.95201e-07)
(0 -2.80252e-07 3.94351e-07)
(0 0 0)
(0 -2.9819e-06 -1.38231e-06)
(0 -1.42585e-06 3.79129e-06)
(0 -3.57931e-07 2.88498e-08)
(0 3.9292e-07 -3.15257e-08)
(0 0 0)
(0 -5.71529e-08 -2.47935e-07)
(0 -1.32112e-07 2.87066e-07)
(0 -2.81184e-07 9.37279e-07)
(0 -1.13237e-07 3.77458e-07)
(0 0 0)
(0 -1.10729e-05 -2.42987e-05)
(0 -5.32136e-06 -4.21366e-06)
(0 -3.78122e-07 -1.13843e-06)
(0 2.17017e-07 6.56038e-08)
(0 -3.72661e-06 1.50098e-06)
(0 8.23498e-07 -6.00823e-07)
(0 -5.29311e-08 1.22802e-08)
(0 -1.82841e-09 -9.29338e-08)
(0 -3.54737e-08 -3.00464e-08)
(0 5.09065e-09 -4.66748e-08)
(0 2.30645e-08 -1.13852e-07)
(0 4.21186e-08 1.34824e-08)
(0 -2.39118e-08 6.94486e-09)
(0 9.00099e-08 6.95579e-08)
(0 8.6867e-09 -3.79312e-08)
(0 1.54115e-07 2.95824e-08)
(0 -1.75401e-05 4.70347e-05)
(0 1.1119e-05 -3.27093e-06)
(0 -2.91186e-06 9.82834e-06)
(0 -1.00304e-05 7.7242e-06)
(0 -1.34706e-05 1.10948e-05)
(0 -7.41541e-08 -3.65227e-07)
(0 2.67961e-07 2.68187e-07)
(0 1.17083e-07 -7.27045e-08)
(0 7.71369e-09 -4.29963e-07)
(0 5.11674e-07 2.30812e-07)
(0 -4.23153e-05 0.000136817)
(0 -3.78425e-05 3.35283e-05)
(0 -5.79835e-06 5.53861e-05)
(0 -1.68937e-07 -1.35002e-07)
(0 -0.00011155 6.88373e-05)
(0 3.75513e-05 4.65359e-06)
(0 -8.65884e-08 -2.23377e-07)
(0 2.75854e-07 1.84246e-07)
(0 -7.9522e-07 -1.42213e-07)
(0 5.73011e-05 -5.51421e-06)
(0 -0.000174525 -0.000150291)
(0 -6.18603e-06 -3.36667e-05)
(0 2.72083e-06 0.000100036)
(0 -1.00199e-07 -2.32436e-07)
(0 -2.17017e-07 -6.56038e-08)
(0 -2.93144e-06 9.37047e-07)
(0 -4.38773e-07 -5.5102e-08)
(0 0 0)
(0 7.66184e-09 -3.87352e-08)
(0 -7.66184e-09 3.87352e-08)
(0 0 0)
(0 0 0)
(0 0 0)
(0 -5.85098e-08 -3.2906e-08)
(0 5.85098e-08 3.2906e-08)
(0 -2.38812e-06 -6.07804e-07)
(0 1.35933e-05 -2.79927e-06)
(0 -2.57687e-05 -5.32906e-05)
(0 2.43517e-05 1.46237e-05)
(0 2.49609e-05 -2.94677e-06)
(0 -1.03662e-05 -1.5865e-05)
(0 1.82299e-05 -1.31035e-05)
(0 -8.41868e-06 -9.73016e-06)
(0 5.6382e-06 1.06665e-05)
(0 0 0)
(0 -7.29849e-06 -7.40324e-06)
(0 9.09277e-05 1.50909e-05)
(0 1.09517e-07 -0.000156605)
(0 -3.48784e-07 -1.95609e-05)
(0 0.000127096 -3.47499e-05)
(0 -0.000109188 -2.97268e-05)
(0 -1.03813e-05 5.53511e-06)
(0 7.70641e-05 -7.44967e-05)
(0 -1.23692e-05 -4.6113e-06)
(0 -0.000112064 -0.000118361)
(0 0.000121132 0.000121948)
(0 9.05832e-05 -3.76474e-05)
(0 3.24858e-05 0.000192903)
(0 1.21147e-05 5.97154e-05)
(0 0.00010982 -6.25293e-05)
(0 -0.000102077 -3.16257e-05)
(0 -4.86715e-06 1.00849e-08)
(0 -3.86655e-10 1.29235e-07)
(0 0 0)
(0 0 0)
(0 -1.22303e-08 -8.5988e-09)
(0 1.22303e-08 8.5988e-09)
(0 0 0)
(0 0 0)
(0 0 0)
(0 -4.88332e-08 -4.59446e-08)
(0 4.88332e-08 4.59446e-08)
(0 -5.06331e-08 -1.33559e-08)
(0 7.31746e-08 5.20266e-08)
(0 -4.50748e-08 -1.20415e-07)
(0 4.50748e-08 1.20415e-07)
(0 9.14343e-08 1.17656e-07)
(0 -9.14343e-08 -1.17656e-07)
(0 0 0)
(0 -6.47945e-08 -3.82555e-07)
(0 1.52588e-07 2.54026e-07)
(0 0 0)
(0 -1.57512e-07 -1.57581e-07)
(0 7.08252e-08 -1.42974e-07)
(0 0 0)
(0 0 0)
(0 7.03642e-07 1.22153e-07)
(0 -6.42658e-07 -4.35812e-07)
(0 0 0)
(0 0 0)
(0 -2.30018e-07 -4.16318e-07)
(0 7.39309e-07 2.58581e-07)
(0 0 0)
(0 0 0)
(0 0 0)
(0 0 0)
(0 7.9083e-07 1.77476e-06)
(0 -7.63779e-07 -2.23505e-06)
(0 0 0)
(7.15885e-28 -4.0061e-06 5.44508e-06)
(2.57897e-37 -2.0273e-06 -2.76391e-07)
(0 1.11145e-07 -1.07641e-07)
(0 2.92939e-07 -5.18364e-07)
(0 3.22432e-07 -5.59436e-07)
(0 -1.09098e-07 -6.58946e-07)
(0 -1.52208e-07 -6.69659e-07)
(0 -1.44316e-07 -5.18932e-07)
(0 -2.13702e-07 5.25802e-08)
(0 -1.26241e-07 1.66975e-07)
(0 -8.80789e-08 -3.50843e-07)
(0 -4.00785e-08 -3.16561e-07)
(0 2.24733e-08 2.34137e-07)
(0 1.77084e-08 4.16576e-07)
(0 9.47381e-08 4.84182e-07)
(0 -8.06958e-08 6.39352e-08)
(0 1.0516e-09 1.7306e-07)
(0 -3.08534e-07 -5.73052e-07)
(0 1.163e-07 5.23138e-07)
(0 -4.88852e-08 1.73762e-07)
(0 2.03434e-07 3.35118e-07)
(0 2.58672e-07 4.80194e-07)
(0 -1.31316e-07 5.13295e-07)
(0 -1.5242e-07 8.83712e-07)
(0 3.12046e-07 9.21337e-07)
(0 -1.09449e-06 7.56711e-07)
(0 -6.25395e-07 8.05008e-07)
(0 -3.70842e-07 -2.90241e-07)
(0 -9.91547e-07 -7.6244e-07)
(0 -2.32614e-07 -1.05133e-07)
(0 -6.76191e-07 3.54844e-07)
(0 -7.04607e-07 3.7764e-07)
(0 -3.42164e-07 1.65454e-06)
(0 -5.75792e-08 1.83818e-06)
(0 5.24507e-07 3.14526e-06)
(0 -5.16302e-07 -2.07404e-07)
(0 1.79319e-07 1.02328e-06)
(-7.15885e-28 -2.21047e-06 -2.69553e-06)
(0 2.34145e-06 -5.09966e-07)
(0 -1.11145e-07 1.07641e-07)
(0 5.88617e-06 -6.84814e-06)
(0 2.72005e-06 -4.122e-06)
(0 1.09098e-07 6.58946e-07)
(0 1.52208e-07 6.69659e-07)
(0 1.44316e-07 5.18932e-07)
(0 -1.98279e-06 -1.84303e-06)
(0 -8.05357e-07 -1.05488e-06)
(0 -2.52615e-07 -1.20615e-06)
(0 -7.93405e-07 -2.48911e-06)
(0 -2.1581e-08 -2.56387e-07)
(0 -7.44764e-07 2.07366e-06)
(0 5.64591e-08 1.71283e-06)
(0 7.4663e-07 2.05817e-06)
(0 9.69598e-07 2.60547e-06)
(0 7.66664e-08 1.9508e-07)
(0 1.10126e-06 5.58119e-06)
(0 1.02415e-06 4.3013e-06)
(0 1.02397e-06 3.63231e-06)
(0 1.61527e-06 5.2821e-06)
(0 7.56776e-07 3.04092e-06)
(0 1.5242e-07 -8.83712e-07)
(0 3.24356e-07 -1.01149e-06)
(0 -2.51657e-06 5.64424e-06)
(0 -2.66942e-06 7.656e-06)
(0 3.70842e-07 2.90241e-07)
(0 -4.35517e-06 2.77544e-06)
(0 -3.03487e-06 6.55028e-06)
(0 6.76191e-07 -3.54844e-07)
(0 7.04607e-07 -3.7764e-07)
(0 3.42164e-07 -1.65454e-06)
(0 -2.35552e-06 1.40711e-05)
(0 1.1821e-07 1.90306e-05)
(0 3.93804e-06 2.05316e-05)
(0 1.06124e-05 1.87185e-05)
(0 1.57736e-07 -3.57487e-08)
(0 -1.87205e-06 -1.54478e-06)
(0 1.57637e-05 -1.9016e-05)
(0 -3.09329e-05 4.55139e-05)
(0 1.3785e-06 -1.35172e-05)
(0 0 0)
(0 0 0)
(0 -2.19668e-05 -0.000104172)
(0 2.10286e-05 9.47891e-06)
(0 2.98121e-06 -5.56672e-07)
(0 2.57034e-06 -5.37796e-07)
(0 1.22265e-05 -1.29101e-06)
(0 9.66309e-06 5.44425e-05)
(0 2.4453e-06 8.55481e-06)
(0 6.26382e-06 9.2928e-06)
(0 4.74927e-06 9.12415e-06)
(0 -3.71252e-06 1.06605e-05)
(0 -2.6567e-05 -5.40602e-05)
(0 2.99688e-06 2.01262e-05)
(0 6.09567e-06 1.58948e-05)
(0 5.18376e-06 1.37583e-05)
(0 8.1956e-06 2.30768e-05)
(0 3.50539e-05 4.56567e-05)
(0 -5.44224e-08 -4.83575e-07)
(0 0 0)
(0 -1.99505e-05 2.21064e-05)
(0 -3.64642e-05 3.11055e-05)
(0 -1.41618e-05 -7.73621e-05)
(0 -5.85494e-06 2.76056e-05)
(0 -2.63339e-05 5.38167e-05)
(0 0 0)
(0 0 0)
(0 6.49631e-05 0.000162331)
(0 -0.000100177 0.000152393)
(0 1.14833e-05 0.000136274)
(0 -1.52852e-05 0.000128108)
(0 2.25561e-05 0.000106716)
(0 -5.32419e-05 1.65646e-05)
(0 -3.43432e-05 1.32067e-05)
(0 6.80974e-05 -5.88819e-05)
(0 -2.57178e-05 2.89543e-05)
(0 -8.45442e-05 1.5076e-05)
(0 7.52532e-05 8.3315e-08)
(0 2.63459e-05 8.91735e-06)
(0 -6.68738e-05 0.000130186)
(0 4.88281e-05 -4.02208e-05)
(0 -8.91339e-06 -4.50239e-07)
(0 4.5778e-06 4.03094e-06)
(0 1.8761e-05 1.3249e-05)
(0 -5.97965e-05 -5.73927e-05)
(0 1.85145e-05 -1.70921e-05)
(0 1.76099e-05 -1.72999e-05)
(0 -2.95009e-05 -5.44329e-06)
(0 -3.33031e-05 -2.4214e-05)
(0 5.65114e-05 6.66899e-05)
(0 1.93875e-06 -2.78954e-05)
(0 4.66215e-06 -1.66771e-05)
(0 -1.80474e-05 -2.13564e-05)
(0 -3.4392e-05 -3.5996e-05)
(0 -1.12433e-05 -4.14128e-05)
(0 1.27247e-06 -4.84817e-06)
(0 2.22035e-05 -2.84753e-05)
(0 -6.52148e-07 4.86281e-06)
(0 -2.13027e-05 -5.77146e-05)
(0 -1.52784e-05 6.85301e-05)
(0 9.97796e-05 -3.7793e-06)
(0 -0.000118279 -5.67248e-05)
(0 0.000128211 -1.63803e-05)
(0 0.0002705 9.60109e-05)
(0 -0.000106482 -0.00042874)
(0 -0.000103349 1.72262e-05)
(0 0.000178901 -7.54061e-05)
(0 -0.000179921 -0.00023132)
(0 -3.36856e-05 -0.000126639)
(0 5.73053e-06 1.78095e-05)
(0 -1.22764e-05 1.63225e-05)
(0 0 0)
(0 -4.81771e-08 1.46419e-08)
(0 4.81771e-08 -1.46419e-08)
(0 -5.20725e-09 1.05748e-07)
(0 -7.76529e-08 1.60598e-08)
(0 0 0)
(0 -1.26833e-08 3.37548e-09)
(0 1.26833e-08 -3.37548e-09)
(0 -1.39782e-08 -9.24151e-09)
(0 1.39782e-08 9.24151e-09)
(0 -4.32379e-08 6.98939e-08)
(0 4.32379e-08 -6.98939e-08)
(0 9.14986e-08 -1.83389e-08)
(0 -9.14986e-08 1.83389e-08)
(0 0 0)
(0 -2.6903e-08 8.91713e-08)
(0 2.6903e-08 -8.91713e-08)
(0 0 0)
(0 -1.38402e-08 3.3521e-09)
(0 1.38402e-08 -3.3521e-09)
(0 0 0)
(0 0 0)
(0 2.54723e-07 -2.83197e-07)
(0 -1.52087e-07 1.56515e-07)
(0 0 0)
(0 0 0)
(0 -4.11087e-07 -2.10462e-07)
(0 4.11087e-07 2.10462e-07)
(0 1.36228e-07 -2.60959e-07)
(0 -4.90733e-07 -6.90134e-07)
(0 0 0)
(0 0 0)
(0 1.11412e-06 3.70377e-07)
(0 -1.11412e-06 -3.70377e-07)
(0 0 0)
(0 0 0)
(0 0 0)
(0 0 0)
(0 2.31084e-08 -6.27752e-08)
(0 -2.31084e-08 6.27752e-08)
(0 0 0)
(0 0 0)
(0 0 0)
(0 -3.99362e-08 1.17785e-09)
(0 3.99362e-08 -1.17785e-09)
(0 8.72855e-09 3.48511e-08)
(0 -8.72855e-09 -3.48511e-08)
(0 -1.10449e-08 4.99744e-08)
(0 1.10449e-08 -4.99744e-08)
(0 6.12975e-08 -9.28779e-09)
(0 -6.12975e-08 9.28779e-09)
(0 0 0)
(0 -3.48117e-08 4.19939e-09)
(0 3.48117e-08 -4.19939e-09)
(0 0 0)
(0 -3.11826e-08 -3.17933e-08)
(0 3.11826e-08 3.17933e-08)
(0 0 0)
(0 0 0)
(0 1.06629e-07 -7.51861e-08)
(0 -1.06629e-07 7.51861e-08)
(0 0 0)
(0 0 0)
(0 -3.94262e-07 -2.55947e-07)
(0 3.94262e-07 2.55947e-07)
(0 0 0)
(0 0 0)
(0 0 0)
(0 0 0)
(0 8.45615e-07 2.84592e-07)
(0 -8.45615e-07 -2.84592e-07)
(0 0 0)
(0 2.60087e-07 -1.37012e-06)
(0 1.02732e-05 -8.31451e-06)
(0 -1.05333e-05 9.68463e-06)
(0 1.78291e-08 -5.82407e-08)
(0 -1.78291e-08 5.82407e-08)
(0 0 0)
(0 0 0)
(0 0 0)
(0 -3.87213e-08 3.47905e-09)
(0 3.87213e-08 -3.47905e-09)
(0 7.80927e-09 3.39486e-08)
(0 -7.80927e-09 -3.39486e-08)
(0 2.74546e-08 4.66023e-08)
(0 -2.74546e-08 -4.66023e-08)
(0 -9.23662e-08 -1.65641e-08)
(0 9.23662e-08 1.65641e-08)
(0 0 0)
(0 -3.91018e-08 -5.73999e-08)
(0 3.91018e-08 5.73999e-08)
(0 0 0)
(0 -3.14003e-08 -3.18944e-08)
(0 3.14003e-08 3.18944e-08)
(0 0 0)
(0 0 0)
(0 -1.44195e-07 3.64542e-07)
(0 1.03713e-07 3.00434e-06)
(0 -3.14174e-06 4.05673e-06)
(0 0 0)
(0 -4.95662e-07 4.36123e-06)
(0 2.4959e-06 7.60666e-06)
(0 0 0)
(0 0 0)
(0 0 0)
(0 0 0)
(0 7.04457e-07 1.5348e-07)
(0 -7.04457e-07 -1.5348e-07)
(0 0 0)
(0 0 0)
(0 0 0)
(0 0 0)
(0 4.28528e-08 -2.66027e-08)
(0 -4.28528e-08 2.66027e-08)
(0 0 0)
(0 0 0)
(0 0 0)
(0 -4.09433e-08 4.79076e-10)
(0 4.09433e-08 -4.79076e-10)
(0 1.34602e-08 1.21382e-08)
(0 -1.34602e-08 -1.21382e-08)
(0 6.8687e-08 5.75671e-08)
(0 -6.8687e-08 -5.75671e-08)
(0 -1.19879e-07 -3.27213e-08)
(0 1.19879e-07 3.27213e-08)
(0 0 0)
(0 -4.85814e-08 -1.01183e-07)
(0 4.85814e-08 1.01183e-07)
(0 0 0)
(0 -1.64982e-08 -5.1349e-08)
(0 1.64982e-08 5.1349e-08)
(0 0 0)
(0 0 0)
(0 0 0)
(0 2.26152e-05 1.50201e-05)
(0 -4.43281e-07 2.52551e-05)
(0 0 0)
(0 1.23002e-05 3.20014e-05)
(0 3.53666e-05 5.6788e-05)
(0 0 0)
(0 0 0)
(0 0 0)
(0 0 0)
(0 7.30567e-07 1.09559e-07)
(0 -7.30567e-07 -1.09559e-07)
(0 0 0)
(1.44128e-20 6.95194e-05 2.16136e-05)
(0 4.344e-06 1.85015e-06)
(0 -4.10108e-08 1.31651e-07)
(0 8.3454e-08 2.08909e-07)
(0 -1.06005e-07 1.41351e-07)
(0 -5.29549e-08 1.57852e-07)
(0 -1.19583e-07 1.67114e-07)
(0 1.22556e-08 3.25479e-08)
(0 -3.32318e-08 2.98794e-08)
(0 6.42875e-08 4.90809e-08)
(0 5.04706e-08 5.06539e-08)
(0 1.62648e-09 1.04553e-07)
(0 4.39831e-08 -9.99438e-08)
(0 -1.05905e-07 -2.67658e-08)
(0 -1.14511e-07 -2.29908e-09)
(0 1.24728e-07 6.29483e-08)
(0 -1.53076e-08 3.75074e-08)
(0 -1.56193e-07 -2.36712e-07)
(0 1.13151e-07 3.35083e-07)
(0 -4.40863e-08 4.20787e-08)
(0 -2.14353e-08 -2.51304e-08)
(0 -2.80216e-08 1.41965e-07)
(0 6.88678e-09 5.37076e-08)
(0 1.41397e-06 6.87073e-06)
(0 -3.03144e-05 2.25329e-06)
(0 6.15941e-06 -2.72658e-05)
(0 5.53357e-05 -3.8586e-05)
(0 -0.000187621 -0.000131281)
(0 0.000123616 0.000104145)
(0 -6.15202e-05 -2.33739e-05)
(0 2.25779e-05 -3.91708e-05)
(0 2.52604e-06 -6.27239e-07)
(0 1.82358e-07 3.62079e-07)
(0 1.42794e-07 3.05204e-07)
(0 7.01979e-07 3.95323e-07)
(0 -6.71184e-07 1.98793e-07)
(0 -1.3194e-07 2.96195e-07)
(0 -1.70941e-07 -1.35598e-06)
(0 0 0)
(0 4.10108e-08 -1.31651e-07)
(0 4.39978e-08 -2.49155e-07)
(0 -2.14464e-08 -1.01105e-07)
(0 5.29549e-08 -1.57852e-07)
(0 1.19583e-07 -1.67114e-07)
(0 -1.22556e-08 -3.25479e-08)
(0 -3.51886e-08 -4.45344e-09)
(0 4.1329e-09 -7.45068e-08)
(0 -1.39247e-08 -4.72256e-08)
(0 -3.81724e-08 -1.07982e-07)
(0 1.39653e-07 3.33292e-07)
(0 -7.77303e-08 -2.06582e-07)
(0 -1.2105e-07 -6.15805e-08)
(0 1.10832e-07 9.31301e-10)
(0 1.53076e-08 -3.75074e-08)
(0 -1.31185e-07 -2.67846e-07)
(0 1.74226e-07 1.69475e-07)
(0 4.40863e-08 -4.20787e-08)
(0 7.30444e-08 -6.59375e-08)
(0 -2.35875e-08 -5.08969e-08)
(0 -6.88678e-09 -5.37076e-08)
(0 -6.12592e-08 -2.60647e-07)
(0 -2.84229e-07 3.38935e-07)
(0 1.75876e-07 -4.81083e-07)
(0 0 0)
(0 -1.37185e-07 -2.96055e-07)
(0 -2.56669e-07 -1.50945e-08)
(0 2.56669e-07 1.50945e-08)
(0 -1.7806e-07 -3.46948e-07)
(0 -3.452e-07 -3.76608e-07)
(0 -1.82358e-07 -3.62079e-07)
(0 -1.42794e-07 -3.05204e-07)
(0 5.03384e-07 -2.45861e-07)
(0 -5.3418e-07 -3.48255e-07)
(0 1.3194e-07 -2.96195e-07)
(0 0 0)
(0 0 0)
(0 0 0)
(0 2.80675e-08 -6.16714e-08)
(0 -2.80675e-08 6.16714e-08)
(0 0 0)
(0 0 0)
(0 0 0)
(0 -2.15974e-08 3.09347e-08)
(0 2.15974e-08 -3.09347e-08)
(0 1.01699e-08 3.21485e-08)
(0 -1.01699e-08 -3.21485e-08)
(0 4.25945e-08 1.49452e-07)
(0 -4.25945e-08 -1.49452e-07)
(0 -1.02147e-07 -2.10236e-08)
(0 1.02147e-07 2.10236e-08)
(0 0 0)
(0 -1.58614e-07 -1.85903e-07)
(0 1.58614e-07 1.85903e-07)
(0 0 0)
(0 3.92374e-08 -2.57322e-09)
(0 -3.92374e-08 2.57322e-09)
(0 0 0)
(0 0 0)
(0 -1.21988e-07 3.73727e-07)
(0 1.21988e-07 -3.73727e-07)
(0 0 0)
(0 0 0)
(0 -2.86509e-07 -3.45142e-08)
(0 2.86509e-07 3.45142e-08)
(0 0 0)
(0 0 0)
(0 0 0)
(0 0 0)
(0 4.39444e-07 4.98586e-08)
(0 -4.39444e-07 -4.98586e-08)
(0 0 0)
(0 -7.79113e-06 2.23391e-05)
(0 9.87528e-06 -3.69102e-06)
(0 0 0)
(0 9.56992e-07 4.35256e-06)
(0 -5.20149e-07 3.35528e-06)
(0 0 0)
(0 0 0)
(0 -1.77433e-06 1.7691e-06)
(0 -1.34569e-06 7.48677e-07)
(0 -4.32839e-08 1.28737e-06)
(0 3.88649e-07 2.03197e-06)
(0 -2.22063e-08 2.3342e-06)
(0 3.64299e-07 1.57102e-06)
(0 3.8583e-09 1.01928e-06)
(0 7.01774e-08 1.36375e-06)
(0 -2.66519e-07 1.05763e-06)
(0 -1.17446e-06 8.22432e-07)
(0 -1.71946e-07 -1.39159e-07)
(0 -1.08542e-07 1.99113e-06)
(0 6.93339e-07 2.42083e-06)
(0 -1.79253e-06 1.85739e-06)
(0 -5.55182e-06 9.88675e-07)
(0 0 0)
(0 4.243e-06 5.09528e-06)
(0 2.8104e-06 4.05142e-06)
(0 3.69693e-06 3.41519e-06)
(0 6.50381e-06 4.12735e-06)
(0 0 0)
(0 2.79132e-06 4.01021e-06)
(0 4.96527e-06 3.93413e-06)
(0 1.96157e-06 3.36911e-06)
(0 -3.02871e-06 3.12382e-06)
(0 0 0)
(0 -3.63633e-07 6.37054e-06)
(0 2.22468e-07 3.09479e-06)
(0 8.11574e-08 7.22019e-07)
(0 1.53639e-06 9.13537e-07)
(0 -6.63339e-06 2.51446e-05)
(0 1.00488e-05 -4.64981e-06)
(0 -3.43558e-07 -4.12922e-05)
(0 1.79341e-06 2.1137e-06)
(0 2.21003e-07 -4.23698e-06)
(0 0 0)
(0 -5.29854e-10 -1.29842e-08)
(0 -2.71598e-05 -4.58376e-05)
(0 -1.46659e-06 8.67323e-06)
(0 9.74081e-06 1.20844e-05)
(0 5.9581e-06 8.33575e-06)
(0 1.57747e-06 9.97282e-06)
(0 6.75332e-06 3.51963e-05)
(0 1.86676e-06 7.90344e-06)
(0 2.54333e-06 9.14597e-06)
(0 3.56027e-06 8.05351e-06)
(0 -1.84559e-08 8.69604e-06)
(0 0 0)
(0 3.75797e-06 1.19602e-05)
(0 1.36597e-05 1.7408e-05)
(0 1.73918e-05 1.61791e-05)
(0 -1.1031e-05 1.47545e-05)
(0 2.72361e-07 7.67225e-05)
(0 -2.16593e-05 -9.5919e-06)
(0 8.284e-06 1.55189e-05)
(0 4.7548e-06 1.47714e-05)
(0 -6.07963e-05 -3.71286e-06)
(0 3.24875e-05 6.44522e-05)
(0 2.12946e-06 1.42168e-05)
(0 1.6744e-06 1.6374e-05)
(0 4.22227e-06 1.74591e-05)
(0 0.000104124 4.71307e-05)
(0 -6.04808e-05 2.80288e-05)
(0 4.91143e-06 3.03999e-05)
(0 -4.94904e-06 1.91849e-05)
(0 3.53415e-06 8.18307e-06)
(0 2.2089e-06 1.17742e-05)
(0 0 0)
(0 -1.63294e-05 -1.96943e-05)
(0 2.8122e-05 5.93362e-05)
(0 -1.64763e-05 -1.07703e-05)
(0 -1.31375e-05 -2.96314e-06)
(0 1.46514e-05 8.51843e-07)
(0 -1.31892e-06 3.18444e-06)
(0 3.65191e-05 4.18061e-05)
(0 -4.80366e-06 -6.99386e-06)
(0 3.76454e-08 -1.06134e-05)
(0 -1.60444e-05 -1.31693e-05)
(0 5.99399e-06 -2.0736e-05)
(0 -2.92501e-05 -3.28056e-05)
(0 1.26558e-05 -4.52729e-06)
(0 -2.60478e-05 1.70141e-05)
(0 2.00388e-05 -3.67346e-05)
(0 -4.27271e-06 -1.1142e-05)
(0 -2.65191e-05 -1.25813e-05)
(0 2.86363e-05 5.6631e-07)
(0 -4.91412e-05 4.82835e-07)
(0 1.91865e-05 -3.83803e-05)
(0 0.000133941 3.86149e-05)
(0 -8.80716e-06 -8.48043e-05)
(0 -9.13032e-05 -4.16802e-05)
(0 1.13766e-05 -9.31487e-06)
(0 -3.09585e-05 -2.83936e-05)
(0 -9.89628e-05 2.74836e-06)
(0 7.84775e-05 -4.54364e-05)
(0 3.68045e-05 -4.05997e-05)
(0 -6.83482e-05 -8.81523e-06)
(0 5.60848e-05 -3.20625e-05)
(0 9.45626e-05 2.75474e-05)
(0 -0.000108425 -9.79751e-05)
(0 -3.07694e-05 -4.48874e-05)
(0 7.72112e-05 -6.68746e-05)
(0 -7.65539e-05 3.57866e-05)
(0 -3.80669e-06 -1.26886e-05)
(0 -5.41538e-06 2.5287e-05)
(0 6.94178e-06 -9.72036e-06)
(0 0 0)
(0 -9.45738e-08 -7.01058e-08)
(0 9.45738e-08 7.01058e-08)
(0 1.27523e-07 1.80699e-09)
(0 0 0)
(0 0 0)
(0 1.18621e-07 4.87244e-08)
(0 -1.18621e-07 -4.87244e-08)
(0 -1.34229e-08 3.12748e-08)
(0 1.34229e-08 -3.12748e-08)
(0 -4.98842e-08 -9.23571e-08)
(0 4.98842e-08 9.23571e-08)
(0 -8.92273e-08 8.07402e-08)
(0 8.92273e-08 -8.07402e-08)
(0 0 0)
(0 -1.60709e-07 -1.5688e-07)
(0 1.08767e-07 3.03658e-08)
(0 0 0)
(0 -3.75532e-08 2.13508e-08)
(0 3.75532e-08 -2.13508e-08)
(0 0 0)
(0 0 0)
(0 1.07123e-07 3.52076e-08)
(0 -1.07123e-07 -3.52076e-08)
(0 0 0)
(0 0 0)
(0 -8.26495e-08 6.55387e-09)
(0 8.26495e-08 -6.55387e-09)
(0 0 0)
(0 0 0)
(0 0 0)
(0 0 0)
(0 5.08974e-07 -2.99288e-07)
(0 -5.08974e-07 2.99288e-07)
(0 0 0)
(0 0 0)
(0 0 0)
(0 0 0)
(0 -1.18398e-07 -5.3307e-08)
(0 1.18398e-07 5.3307e-08)
(0 0 0)
(0 0 0)
(0 0 0)
(0 1.25022e-07 3.20374e-08)
(0 -1.25022e-07 -3.20374e-08)
(0 -9.62901e-09 2.09081e-08)
(0 9.62901e-09 -2.09081e-08)
(0 -4.07535e-08 -7.64921e-08)
(0 4.07535e-08 7.64921e-08)
(0 -7.48036e-08 8.19703e-08)
(0 7.48036e-08 -8.19703e-08)
(0 0 0)
(0 -5.55066e-08 -9.34212e-11)
(0 5.55066e-08 9.34212e-11)
(0 0 0)
(0 5.999e-08 5.15905e-08)
(0 -5.999e-08 -5.15905e-08)
(0 0 0)
(0 0 0)
(0 8.22483e-08 3.14247e-08)
(0 -8.22483e-08 -3.14247e-08)
(0 0 0)
(0 0 0)
(0 -6.98098e-08 1.98341e-08)
(0 6.98098e-08 -1.98341e-08)
(0 0 0)
(0 0 0)
(0 0 0)
(0 0 0)
(0 4.42069e-07 -2.86739e-07)
(0 -4.42069e-07 2.86739e-07)
(0 0 0)
(0 -1.32552e-05 2.4196e-05)
(0 1.11858e-05 -1.04322e-05)
(0 0 0)
(0 -1.35259e-05 -8.45555e-06)
(0 -6.86798e-06 -4.52298e-06)
(0 -1.06809e-05 -2.10516e-06)
(0 -2.20331e-05 -4.17496e-06)
(0 9.2094e-07 2.03038e-06)
(0 3.45054e-06 1.54097e-06)
(0 1.60573e-06 7.83774e-07)
(0 1.88497e-08 6.33569e-08)
(0 7.51819e-08 9.49614e-09)
(0 -4.23487e-08 1.74221e-07)
(0 8.45222e-07 1.10136e-06)
(0 6.67798e-07 1.25955e-06)
(0 8.54691e-07 1.27966e-06)
(0 1.08216e-06 1.45613e-06)
(0 -1.46035e-08 4.36506e-08)
(0 2.4147e-06 2.62954e-06)
(0 1.97206e-06 1.83272e-06)
(0 1.73096e-06 1.31288e-06)
(0 1.93681e-06 1.47983e-06)
(0 6.75303e-07 7.18566e-07)
(0 7.5321e-07 2.03146e-06)
(0 2.17633e-07 1.24174e-06)
(0 -2.60681e-07 1.71422e-07)
(0 -8.50617e-07 -3.03948e-07)
(0 1.35934e-08 4.53114e-08)
(0 1.32386e-06 5.08391e-07)
(0 8.69204e-08 3.29063e-08)
(0 2.96459e-08 -9.88198e-08)
(0 2.59451e-06 -9.14508e-07)
(0 2.52791e-06 -1.63436e-06)
(0 1.80168e-06 9.90301e-06)
(0 1.44795e-06 4.50458e-06)
(0 -4.67088e-09 7.74321e-09)
(0 -1.36909e-08 4.96518e-08)
(0 -5.1194e-06 2.41734e-05)
(0 -3.39892e-05 -2.22873e-05)
(0 8.31663e-06 -8.1573e-05)
(0 -1.91097e-06 -4.16734e-05)
(0 7.931e-06 2.50135e-06)
(0 1.10757e-05 -2.19759e-07)
(0 2.07539e-05 -7.09377e-07)
(0 -8.32898e-06 -2.67241e-05)
(0 -7.26412e-07 7.02394e-06)
(0 -1.1557e-06 4.08102e-06)
(0 -3.39046e-08 -1.09115e-08)
(0 -6.01269e-08 -6.19415e-08)
(0 1.75613e-05 -4.19662e-05)
(0 5.57512e-06 4.41054e-06)
(0 3.55921e-06 6.04295e-06)
(0 3.97342e-06 6.09555e-06)
(0 -3.66736e-06 1.62063e-06)
(0 -1.42506e-05 -1.68204e-05)
(0 1.07985e-05 9.10026e-06)
(0 -1.62696e-08 4.42485e-06)
(0 -2.34927e-07 3.37032e-06)
(0 -2.82317e-07 4.33862e-06)
(0 2.85875e-07 2.4854e-06)
(0 3.94426e-06 4.76773e-06)
(0 -3.63173e-07 1.94212e-06)
(0 6.73406e-07 3.0133e-06)
(0 6.2715e-07 -6.55588e-07)
(0 6.88473e-07 2.29494e-06)
(0 -9.49664e-07 1.18483e-06)
(0 5.42093e-07 -1.78204e-06)
(0 2.40946e-08 2.3278e-07)
(0 -1.69745e-06 -2.21567e-06)
(0 1.46443e-05 6.65456e-05)
(0 3.64881e-05 2.3024e-05)
(0 1.51114e-06 -1.51835e-05)
(0 2.92473e-09 -7.21937e-09)
(0 1.36909e-08 -4.96518e-08)
(0 0 0)
(0 -7.19056e-06 2.39689e-05)
(0 -0.000225492 -7.16142e-05)
(0 0.000263956 0.000199826)
(0 -7.16658e-05 3.08594e-05)
(0 7.03911e-05 -2.66105e-05)
(0 0.000388668 0.000120644)
(0 -0.000220134 -4.25079e-05)
(0 -0.000162167 -5.69111e-05)
(0 -4.12984e-06 -5.93817e-06)
(0 4.25768e-06 1.9711e-06)
(0 -1.51541e-05 7.82865e-06)
(0 -1.52529e-05 3.69255e-05)
(0 5.67815e-06 -9.30352e-06)
(0 -1.64926e-05 -5.81635e-07)
(0 7.45372e-06 -1.40834e-05)
(0 -3.43358e-05 -4.09512e-05)
(0 6.11895e-05 5.76611e-05)
(0 -2.32646e-05 -1.47889e-05)
(0 2.55137e-05 2.82361e-05)
(0 -2.87511e-05 -3.90275e-05)
(0 -1.29994e-05 -1.15644e-05)
(0 1.19614e-05 2.92588e-06)
(0 -6.35818e-06 -7.31828e-06)
(0 -1.14204e-05 -6.65142e-06)
(0 1.10356e-05 2.67563e-07)
(0 1.09257e-05 8.23691e-06)
(0 -1.35379e-05 -8.93405e-06)
(0 1.71144e-06 -2.30548e-06)
(0 2.20301e-05 3.02198e-05)
(0 -2.25661e-05 -2.86064e-05)
(0 5.06593e-06 4.88004e-06)
(0 -2.08036e-05 -6.60006e-05)
(0 -4.04812e-05 -3.37599e-05)
(0 -1.12282e-05 8.37254e-06)
(0 7.78928e-06 2.63899e-06)
(0 3.21337e-07 -2.44562e-07)
(0 -5.34665e-06 2.17236e-05)
(0 -5.19846e-06 2.63744e-06)
(0 0 0)
(0 3.87644e-09 1.13056e-07)
(0 -3.87644e-09 -1.13056e-07)
(0 0 0)
(0 0 0)
(0 0 0)
(0 3.23861e-08 -3.49656e-08)
(0 -3.23861e-08 3.49656e-08)
(0 8.05549e-09 -9.76151e-09)
(0 -9.35394e-09 -6.06107e-08)
(0 -7.58319e-09 3.22865e-08)
(0 7.58319e-09 -3.22865e-08)
(0 -4.63102e-08 2.0995e-08)
(0 4.63102e-08 -2.0995e-08)
(0 0 0)
(0 -5.96078e-08 -2.40004e-08)
(0 5.96078e-08 2.40004e-08)
(0 0 0)
(0 3.21073e-08 4.18072e-08)
(0 -3.21073e-08 -4.18072e-08)
(0 0 0)
(0 0 0)
(0 -5.70448e-08 -6.82441e-08)
(0 5.70448e-08 6.82441e-08)
(0 0 0)
(0 0 0)
(0 5.1543e-08 -1.10778e-08)
(0 -5.1543e-08 1.10778e-08)
(0 0 0)
(0 0 0)
(0 0 0)
(0 0 0)
(0 -6.58753e-08 -5.7088e-07)
(0 5.81374e-08 6.07371e-07)
(0 0 0)
(0 0 0)
(0 0 0)
(0 0 0)
(0 -1.08548e-07 5.59357e-08)
(0 1.08548e-07 -5.59357e-08)
(0 0 0)
(0 0 0)
(0 0 0)
(0 5.49552e-08 -3.33979e-08)
(0 -5.49552e-08 3.33979e-08)
(0 3.26875e-09 2.5532e-08)
(0 -3.26875e-09 -2.5532e-08)
(0 -1.42132e-08 2.90249e-08)
(0 1.42132e-08 -2.90249e-08)
(0 -4.44468e-08 2.12781e-08)
(0 4.44468e-08 -2.12781e-08)
(0 0 0)
(0 -7.93676e-08 -6.61272e-08)
(0 7.93676e-08 6.61272e-08)
(0 0 0)
(0 1.68478e-08 3.05922e-08)
(0 -1.68478e-08 -3.05922e-08)
(0 0 0)
(0 0 0)
(0 -4.02068e-08 -4.76404e-08)
(0 4.02068e-08 4.76404e-08)
(0 0 0)
(0 0 0)
(0 6.70946e-08 -2.54757e-08)
(0 -6.70946e-08 2.54757e-08)
(0 0 0)
(0 0 0)
(0 0 0)
(0 0 0)
(0 -9.64277e-08 -3.66082e-07)
(0 9.64277e-08 3.66082e-07)
(0 0 0)
(1.0335e-20 4.80411e-05 1.40101e-05)
(0 1.79763e-06 7.21642e-07)
(0 0 0)
(0 -7.77002e-08 5.77119e-08)
(0 7.77002e-08 -5.77119e-08)
(0 0 0)
(0 0 0)
(0 0 0)
(0 -5.77368e-07 -6.6571e-07)
(0 -4.92017e-07 3.64346e-07)
(0 1.42848e-09 1.91107e-08)
(0 -1.42848e-09 -1.91107e-08)
(0 5.70468e-11 -4.02812e-10)
(0 5.44205e-07 6.54912e-07)
(0 2.73163e-07 7.18425e-07)
(0 6.73503e-08 -8.48322e-08)
(0 0 0)
(0 -8.4087e-08 -1.4193e-07)
(0 8.4087e-08 1.4193e-07)
(0 0 0)
(0 -5.20431e-07 -7.45896e-08)
(0 -1.4693e-06 -6.35918e-07)
(0 0 0)
(0 0 0)
(0 2.89282e-08 8.42827e-08)
(0 -2.89282e-08 -8.42827e-08)
(0 0 0)
(0 0 0)
(0 -4.01295e-07 -3.8691e-06)
(0 1.20682e-07 -1.85142e-06)
(0 0 0)
(0 0 0)
(0 0 0)
(0 0 0)
(0 -4.88656e-07 -7.32282e-08)
(0 4.88656e-07 7.32282e-08)
(0 0 0)
(0 7.63711e-07 4.49013e-07)
(0 0 0)
(0 0 0)
(0 -7.20197e-08 1.36654e-07)
(0 7.20197e-08 -1.36654e-07)
(0 0 0)
(0 0 0)
(0 0 0)
(0 4.24181e-07 1.77348e-06)
(0 -2.52984e-06 7.6512e-06)
(0 6.78639e-09 4.09034e-09)
(0 -6.78639e-09 -4.09034e-09)
(0 0 0)
(0 4.47371e-06 4.10089e-06)
(0 1.00419e-06 3.34751e-06)
(0 0 0)
(0 0 0)
(0 -1.00286e-07 -2.01799e-07)
(0 1.00286e-07 2.01799e-07)
(0 0 0)
(0 4.2815e-06 3.0535e-06)
(0 1.35544e-06 2.26657e-07)
(0 6.56832e-07 2.18941e-06)
(0 0 0)
(0 3.44741e-08 1.06525e-07)
(0 -3.44741e-08 -1.06525e-07)
(0 0 0)
(0 0 0)
(0 -1.03893e-05 -1.19211e-05)
(0 1.93887e-08 6.89917e-07)
(0 0 0)
(0 0 0)
(0 0 0)
(0 0 0)
(0 -5.60103e-07 -8.43481e-08)
(0 5.60103e-07 8.43481e-08)
(0 0 0)
(0 5.7574e-05 1.42414e-05)
(0 4.86204e-05 1.84499e-05)
(0 -4.44705e-05 -1.33412e-05)
(0 -6.5874e-08 2.08263e-07)
(0 6.5874e-08 -2.08263e-07)
(0 0 0)
(0 -6.40896e-06 -5.43633e-06)
(0 1.52257e-06 3.93728e-06)
(0 5.15511e-06 3.15176e-07)
(0 2.21396e-05 -4.9437e-06)
(0 -1.87171e-05 -3.39029e-06)
(0 4.57434e-07 2.44941e-06)
(0 1.72302e-07 -1.88662e-06)
(0 -6.1942e-06 -4.88433e-06)
(0 -1.72553e-05 1.77747e-05)
(0 1.54915e-05 -2.16581e-05)
(0 4.78952e-07 -1.44586e-07)
(0 -4.28936e-08 -1.19005e-07)
(0 6.51296e-07 1.67127e-06)
(0 -5.75223e-06 1.67667e-08)
(0 1.40906e-06 -4.46638e-06)
(0 4.12238e-05 1.42226e-05)
(0 -4.21035e-05 -1.61618e-05)
(0 3.27419e-07 9.82281e-08)
(0 3.53612e-08 1.04228e-07)
(0 -3.53612e-08 -1.04228e-07)
(0 -6.58429e-06 -4.37284e-06)
(0 3.99586e-05 -5.88641e-06)
(0 -2.24369e-05 2.58395e-05)
(0 0.00012311 -2.26144e-05)
(0 -0.000106146 1.80961e-05)
(0 -1.72848e-05 5.64964e-06)
(0 0 0)
(0 0 0)
(0 -5.71243e-07 -5.03783e-08)
(0 5.71243e-07 5.03783e-08)
(0 0 0)
(0 -8.44655e-08 -8.58351e-07)
(0 0 0)
(0 7.25596e-08 6.88158e-08)
(0 -4.71214e-10 4.39045e-07)
(0 1.25172e-07 3.09823e-08)
(0 -3.63988e-09 -1.16627e-08)
(0 -6.45596e-08 -6.12253e-08)
(0 7.52653e-08 7.87418e-08)
(0 6.36981e-08 9.10051e-08)
(0 -4.24377e-08 5.4427e-08)
(0 4.91293e-08 4.65872e-10)
(0 -3.99809e-08 7.23577e-08)
(0 -1.19539e-07 5.91349e-08)
(0 4.42274e-08 2.87009e-09)
(0 -6.84134e-08 1.02608e-07)
(0 7.21504e-08 -8.92588e-08)
(0 -5.5244e-10 -2.36196e-09)
(0 -3.34181e-08 -6.75738e-08)
(0 5.93575e-08 1.7239e-07)
(0 5.5913e-09 3.20725e-08)
(0 6.5909e-08 5.59203e-08)
(0 4.98851e-08 2.16632e-08)
(0 9.76424e-09 3.34077e-09)
(0 -4.23388e-10 3.57301e-08)
(0 3.65073e-08 1.20692e-07)
(0 -8.08659e-08 -1.17737e-07)
(0 -1.46553e-07 -5.26645e-08)
(0 -6.3139e-08 2.15319e-07)
(0 1.64046e-07 1.56936e-07)
(0 -1.93876e-07 7.11534e-08)
(0 -1.86421e-07 1.17518e-07)
(0 -5.38049e-07 2.74576e-07)
(0 3.78599e-07 -1.72095e-07)
(0 1.13871e-07 -1.64652e-07)
(0 -5.46385e-07 -9.32253e-08)
(0 6.73177e-07 -6.47808e-08)
(0 7.7592e-08 -1.21117e-08)
(7.15881e-28 4.69429e-05 1.62927e-05)
(2.57897e-37 -1.18549e-06 -7.70792e-07)
(0 -7.25596e-08 -6.88158e-08)
(0 -8.20349e-08 -2.38878e-07)
(0 -4.26662e-08 -2.31149e-07)
(0 3.63988e-09 1.16627e-08)
(0 6.45596e-08 6.12253e-08)
(0 -5.08435e-09 -2.4516e-08)
(0 1.05633e-08 -9.05863e-08)
(0 -3.18237e-08 -5.48458e-08)
(0 4.17781e-08 -5.4651e-08)
(0 -3.62348e-08 -6.11587e-08)
(0 -7.59063e-08 1.24681e-09)
(0 4.09578e-08 -5.08231e-08)
(0 -8.32729e-08 4.61299e-08)
(0 7.53734e-08 -7.56357e-08)
(0 5.5244e-10 2.36196e-09)
(0 1.71712e-08 -2.84005e-08)
(0 -4.31106e-08 -7.64162e-08)
(0 -2.25763e-08 -5.28239e-08)
(0 -1.92519e-08 -5.21024e-09)
(0 -9.65422e-08 -7.23733e-08)
(0 -9.76424e-09 -3.34077e-09)
(0 4.23388e-10 -3.57301e-08)
(0 -5.78396e-10 -1.86447e-08)
(0 4.4937e-08 1.56898e-08)
(0 1.46553e-07 5.26645e-08)
(0 1.18695e-07 1.47516e-08)
(0 1.49658e-07 -1.79413e-07)
(0 -1.19828e-07 -4.86767e-08)
(0 1.64447e-07 -1.07523e-07)
(0 5.38049e-07 -2.74576e-07)
(0 -3.78599e-07 1.72095e-07)
(0 -1.13871e-07 1.64652e-07)
(0 -7.45563e-07 1.81637e-07)
(0 6.18772e-07 -2.36309e-08)
(0 -7.7592e-08 1.21117e-08)
(-7.15881e-28 -7.0563e-06 -3.91157e-06)
(0 0 0)
(0 0 0)
(0 -3.04258e-08 4.42683e-08)
(0 3.04258e-08 -4.42683e-08)
(0 0 0)
(0 0 0)
(0 0 0)
(0 4.72267e-08 -4.22961e-09)
(0 -4.72267e-08 4.22961e-09)
(0 4.05155e-08 -9.46546e-09)
(0 -4.05155e-08 9.46546e-09)
(0 -5.47092e-07 1.17051e-06)
(0 1.74616e-08 -8.68703e-09)
(0 -2.37863e-07 4.53767e-08)
(0 2.37863e-07 -4.53767e-08)
(0 0 0)
(0 1.01396e-08 6.86554e-09)
(0 -1.01396e-08 -6.86554e-09)
(0 0 0)
(0 1.59458e-08 1.34207e-08)
(0 -1.59458e-08 -1.34207e-08)
(0 0 0)
(0 7.7246e-08 2.57487e-07)
(0 2.92381e-08 1.40986e-07)
(0 6.07436e-07 7.3923e-08)
(0 0 0)
(0 0 0)
(0 2.17726e-07 3.54214e-08)
(0 -2.17726e-07 -3.54214e-08)
(0 0 0)
(0 0 0)
(0 0 0)
(0 0 0)
(0 -1.08658e-06 3.48874e-07)
(0 1.08658e-06 -3.48874e-07)
(0 0 0)
(0 1.48912e-05 9.21121e-06)
(0 -2.64201e-05 4.42652e-06)
(0 0 0)
(0 -7.81832e-08 3.28414e-08)
(0 7.81832e-08 -3.28414e-08)
(0 0 0)
(0 0 0)
(0 -1.36964e-05 1.89844e-06)
(0 1.72165e-05 7.45573e-06)
(0 -1.06791e-07 -1.59079e-08)
(0 8.26482e-08 -2.34122e-08)
(0 -8.26482e-08 2.34122e-08)
(0 -1.89447e-05 1.63894e-05)
(0 -1.26859e-07 4.36311e-08)
(0 -2.7214e-07 4.63334e-08)
(0 2.7214e-07 -4.63334e-08)
(0 0 0)
(0 -1.89902e-08 -2.24087e-09)
(0 1.89902e-08 2.24087e-09)
(0 0 0)
(0 4.26577e-08 -3.69879e-09)
(0 -4.26577e-08 3.69879e-09)
(0 1.20635e-05 2.36057e-06)
(0 -1.18269e-05 -1.04624e-06)
(0 -5.27956e-07 -8.87998e-08)
(0 0 0)
(0 6.73317e-05 6.60486e-06)
(0 -6.26525e-05 1.0022e-05)
(0 7.95166e-07 5.61772e-08)
(0 -7.95166e-07 -5.61772e-08)
(0 0 0)
(0 -9.00815e-05 -2.02006e-06)
(0 0.00011747 -3.22902e-05)
(0 0 0)
(0 -1.35204e-06 4.8249e-07)
(0 1.35204e-06 -4.8249e-07)
(0 0 0)
(0 -5.43514e-05 0.000104608)
(0 -4.74424e-05 1.13626e-05)
(0 0 0)
(0 -1.37225e-07 1.42368e-08)
(0 1.37225e-07 -1.42368e-08)
(0 -7.02074e-06 -1.58506e-06)
(0 6.00664e-05 2.18067e-05)
(0 -5.64588e-05 -2.95599e-05)
(0 1.6905e-07 3.65548e-08)
(0 -1.6905e-07 -3.65548e-08)
(0 3.79534e-06 -1.00549e-06)
(0 -2.39771e-05 5.03682e-06)
(0 3.9783e-05 -2.16262e-05)
(0 0 0)
(0 -2.66755e-07 4.2313e-08)
(0 2.66755e-07 -4.2313e-08)
(0 0 0)
(0 -3.25932e-08 -5.96727e-09)
(0 3.25932e-08 5.96727e-09)
(0 0 0)
(0 1.95981e-06 -3.52656e-07)
(0 -1.64454e-05 5.06741e-06)
(0 4.95087e-05 7.00016e-06)
(0 -3.54891e-05 -1.32682e-05)
(0 -0.000127893 -1.77072e-05)
(0 0.000112828 1.65198e-05)
(0 1.51078e-05 1.04277e-06)
(0 -0.000213809 -2.17174e-05)
(0 0.000240683 6.26513e-06)
(0 -3.15528e-05 -1.17461e-06)
(0 0 0)
(0 0 0)
(0 0.000112587 -0.00010035)
(0 -0.000167616 0.000144566)
(0 2.62854e-05 -9.40917e-06)
(0 1.35466e-06 -4.97166e-07)
(0 0 0)
(0 4.56699e-07 -1.69581e-06)
(0 0 0)
(0 0 0)
(0 -9.05873e-08 4.14856e-09)
(0 9.05873e-08 -4.14856e-09)
(0 0 0)
(0 0 0)
(0 0 0)
(0 1.16123e-07 2.95185e-08)
(0 -1.16123e-07 -2.95185e-08)
(0 7.43434e-08 -1.96857e-08)
(0 -7.43434e-08 1.96857e-08)
(0 1.11857e-07 -5.39828e-08)
(0 -1.11857e-07 5.39828e-08)
(0 -2.61573e-07 3.81977e-08)
(0 2.61573e-07 -3.81977e-08)
(0 0 0)
(0 -1.16994e-08 1.30211e-09)
(0 1.16994e-08 -1.30211e-09)
(0 0 0)
(0 5.25249e-08 -9.05851e-09)
(0 -5.25249e-08 9.05851e-09)
(0 0 0)
(0 0 0)
(0 -7.856e-07 -8.71445e-08)
(0 7.856e-07 8.71445e-08)
(0 0 0)
(0 0 0)
(0 7.83536e-07 2.53977e-08)
(0 -7.83536e-07 -2.53977e-08)
(0 0 0)
(0 0 0)
(0 0 0)
(0 0 0)
(0 -1.35761e-06 5.11518e-07)
(0 1.35761e-06 -5.11518e-07)
(0 0 0)
(0 -6.00717e-05 4.60383e-05)
(0 -1.75311e-06 4.24985e-07)
(0 0 0)
(0 -3.15298e-08 4.40831e-09)
(0 3.15298e-08 -4.40831e-09)
(0 0 0)
(0 0 0)
(0 0 0)
(0 5.31621e-08 1.57586e-08)
(0 -5.31621e-08 -1.57586e-08)
(0 2.68975e-08 -8.27245e-09)
(0 -2.68975e-08 8.27245e-09)
(0 3.15193e-08 -3.23222e-08)
(0 -3.15193e-08 3.23222e-08)
(0 -2.18766e-07 2.77421e-08)
(0 2.18766e-07 -2.77421e-08)
(0 0 0)
(0 1.813e-08 1.05086e-08)
(0 -1.813e-08 -1.05086e-08)
(0 0 0)
(0 1.7634e-08 -3.4e-09)
(0 -1.7634e-08 3.4e-09)
(0 0 0)
(0 0 0)
(0 -6.24632e-07 -6.25645e-08)
(0 6.24632e-07 6.25645e-08)
(0 0 0)
(0 0 0)
(0 2.38595e-07 6.3742e-09)
(0 -2.38595e-07 -6.3742e-09)
(0 0 0)
(0 0 0)
(0 0 0)
(0 0 0)
(0 -1.00933e-06 3.39457e-07)
(0 1.00933e-06 -3.39457e-07)
(0 0 0)
)


// ************************************************************************* //
