/*--------------------------------*- C++ -*----------------------------------*\
| =========                 |                                                 |
| \\      /  F ield         | OpenFOAM: The Open Source CFD Toolbox           |
|  \\    /   O peration     | Version:  2.2.x                                 |
|   \\  /    A nd           | Web:      www.OpenFOAM.org                      |
|    \\/     M anipulation  |                                                 |
\*---------------------------------------------------------------------------*/
FoamFile
{
    version     2.0;
    format      ascii;
    class       vectorField;
    location    "0.0002";
    object      U;
}
// * * * * * * * * * * * * * * * * * * * * * * * * * * * * * * * * * * * * * //


2405
(
(-4.90622e-21 0.0111992 -0.0112991)
(0 0.009705 -0.0104625)
(0 -0.00318601 -0.0156197)
(0 -0.00756648 -0.0172503)
(0 -0.0123753 -0.0177446)
(0 -0.00996559 -0.00756007)
(0 -0.00634553 -0.00730864)
(0 0.0129342 -0.00987197)
(0 0.020295 -0.0108036)
(0 0.0349483 -0.0116129)
(0 0.0667375 -0.0131148)
(0 0.0893395 -0.0138273)
(0 0.110957 -0.0147142)
(0 0.192274 -0.0298577)
(1.0301e-35 0.248086 -0.03176)
(-1.98116e-20 0.27779 -0.0351304)
(0 0.213866 -0.0226751)
(0 0.0887951 -0.033941)
(0 0.00387101 -0.0442632)
(0 -0.0452567 -0.0459385)
(-8.574e-21 -0.205562 -0.0143341)
(0 -0.272386 -0.0252134)
(0 -0.288334 -0.0271761)
(0 -0.266642 -0.0239667)
(0 -0.2287 -0.0230938)
(0 -0.194091 -0.00688477)
(0 -0.188258 -0.00685099)
(0 -0.190385 0.00150432)
(0 -0.203714 0.00395287)
(0 -0.212663 0.00403208)
(6.40886e-21 -0.206952 0.0125337)
(0 -0.176394 0.0118497)
(0 -0.119852 0.0227783)
(0 -0.0631928 0.0237768)
(0 -0.0265758 0.0198448)
(0 0.0128351 0.012675)
(0 0.0168682 0.015624)
(-2.36763e-24 0.012242 -0.0129347)
(0 0.0120172 -0.0124366)
(0 -0.00313428 -0.0190519)
(0 -0.0107406 -0.0264108)
(0 -0.0138819 -0.0240388)
(0 -0.0110185 -0.00950109)
(0 -0.00817953 -0.00885919)
(0 -0.00251872 -0.00931486)
(0 0.0219004 -0.0135699)
(0 0.0346393 -0.0153001)
(0 0.0653592 -0.01824)
(0 0.0906204 -0.0212368)
(0 0.101223 -0.0230018)
(0 0.188756 -0.0544953)
(0 0.23073 -0.0551712)
(-2.36842e-24 0.302014 -0.067893)
(0 0.285818 -0.0639809)
(0 0.0756549 -0.0581556)
(0 0.0100252 -0.0816668)
(0 -0.0465882 -0.0768883)
(-2.37569e-24 -0.227798 -0.0447145)
(0 -0.358407 -0.0691005)
(0 -0.250083 -0.0407977)
(0 -0.2486 -0.0439674)
(0 -0.208812 -0.0352934)
(0 -0.184958 -0.011458)
(0 -0.191608 -0.0103147)
(0 -0.171388 0.00282482)
(0 -0.193159 0.0100376)
(0 -0.197194 0.011354)
(-4.87637e-24 -0.213384 0.0237589)
(0 -0.207118 0.0262334)
(0 -0.109571 0.0374707)
(0 -0.0672857 0.0437571)
(0 -0.0293376 0.0320963)
(0 0.0156183 0.0193551)
(0 0.0253855 0.0253475)
(-8.2268e-22 0.0117044 -0.014082)
(0 0.0140143 -0.0151751)
(0 -0.0030825 -0.0234183)
(0 -0.0133103 -0.0358715)
(0 -0.0130099 -0.0283102)
(0 -0.0104643 -0.0117569)
(0 -0.00956771 -0.0109924)
(0 0.0137752 -0.0116695)
(0 0.0234926 -0.0164868)
(0 0.0325372 -0.0184497)
(0 0.0621372 -0.0224358)
(0 0.0878317 -0.0286693)
(0 0.0931179 -0.0305897)
(0 0.182941 -0.0733526)
(0 0.204721 -0.0723786)
(0 0.272797 -0.085637)
(0 0.322254 -0.110815)
(0 0.114554 -0.0528991)
(0 0.0114351 -0.140542)
(0 -0.0433837 -0.102744)
(0 -0.211331 -0.0729)
(0 -0.386043 -0.103832)
(0 -0.216765 -0.0520126)
(0 -0.223227 -0.0596834)
(0 -0.187321 -0.0404593)
(0 -0.164673 -0.016455)
(0 -0.183659 -0.0111833)
(0 -0.138132 -0.00250766)
(0 -0.178537 0.0132747)
(0 -0.178469 0.0190008)
(0 -0.194707 0.0305335)
(0 -0.217555 0.0433596)
(0 -0.101897 0.0518742)
(0 -0.0691119 0.0634697)
(0 -0.032358 0.0481788)
(0 0.017669 0.0316137)
(0 0.0308527 0.0367296)
(1.4594e-27 0.0112664 -0.0156588)
(0 0.0128947 -0.0170197)
(0 -0.00306136 -0.0287748)
(0 -0.011634 -0.0386266)
(0 -0.0120711 -0.0333082)
(0 -0.0100273 -0.0145773)
(0 -0.00835573 -0.0135737)
(0 0.0143912 -0.0134009)
(0 0.0230731 -0.0184843)
(0 0.0310189 -0.0218006)
(0 0.05964 -0.0266717)
(0 0.078507 -0.0343147)
(0 0.0865459 -0.03798)
(0 0.162869 -0.0800688)
(0 0.182701 -0.0886407)
(0 0.247781 -0.102244)
(0 0.257372 -0.127825)
(0 0.0671079 -0.111708)
(0 0.00929606 -0.163517)
(0 -0.040035 -0.13847)
(0 -0.201132 -0.102671)
(0 -0.289438 -0.106273)
(0 -0.1879 -0.061061)
(0 -0.187946 -0.0641812)
(0 -0.167681 -0.04496)
(0 -0.146197 -0.0206079)
(0 -0.154203 -0.0104836)
(0 -0.123124 -0.00174846)
(0 -0.15651 0.0147203)
(0 -0.161377 0.0257961)
(0 -0.17768 0.0365641)
(0 -0.182074 0.0537809)
(0 -0.0962352 0.0671831)
(0 -0.0653472 0.0764909)
(0 -0.0356058 0.0699738)
(0 0.0200131 0.0496253)
(0 0.026265 0.0477295)
(0 0.00983928 -0.017462)
(0 0.0102564 -0.0184644)
(0 0.00926273 -0.0185548)
(0 -0.00738415 -0.0371821)
(0 -0.00944525 -0.0353449)
(0 -0.00818383 -0.0181365)
(0 -0.00527738 -0.0173673)
(0 0.0150674 -0.0157557)
(0 0.0212808 -0.0199341)
(0 0.0291948 -0.0245108)
(0 0.0546137 -0.030534)
(0 0.0682141 -0.0383211)
(0 0.0813331 -0.0456294)
(0 0.135726 -0.0808349)
(0 0.158744 -0.0970654)
(0 0.188724 -0.106479)
(0 0.165254 -0.119052)
(0 0.0670067 -0.1503)
(0 0.0115134 -0.15892)
(0 -0.0360776 -0.157814)
(0 -0.153448 -0.111879)
(0 -0.174346 -0.0939678)
(0 -0.163771 -0.0688095)
(0 -0.153396 -0.0614042)
(0 -0.142395 -0.046121)
(0 -0.120792 -0.0212985)
(0 -0.118815 -0.010456)
(0 -0.109438 -0.00115504)
(0 -0.132877 0.0165063)
(0 -0.141725 0.0292964)
(0 -0.144156 0.0407715)
(0 -0.133053 0.055045)
(0 -0.0922637 0.0844229)
(0 -0.0607948 0.0870827)
(0 -0.0349572 0.0894312)
(0 0.0157771 0.0703777)
(0 0.0167581 0.0638651)
(0 -0.000436027 -0.0258766)
(0 -7.82496e-05 -0.0269522)
(0 0.000631386 -0.0279853)
(0 0.00105069 -0.0348888)
(0 -0.000521227 -0.0332348)
(0 0.00339086 -0.0203868)
(0 0.00516511 -0.0201138)
(0 0.00643528 -0.0210807)
(0 0.0175306 -0.0381242)
(0 0.0271116 -0.0436121)
(0 0.0312528 -0.0418407)
(0 0.0430143 -0.0499239)
(0 0.0593402 -0.0593048)
(0 0.0918802 -0.0925464)
(0 0.112458 -0.108943)
(0 0.0834986 -0.110123)
(0 0.0675597 -0.123943)
(0 0.0747647 -0.195538)
(0 0.0217362 -0.207918)
(0 -0.0367578 -0.205077)
(0 -0.044812 -0.109168)
(0 -0.057662 -0.0896611)
(0 -0.0791429 -0.0741375)
(0 -0.0922947 -0.063923)
(0 -0.0824237 -0.0497225)
(0 -0.063725 -0.0193689)
(0 -0.0618015 -0.0105878)
(0 -0.0802659 0.0103648)
(0 -0.0865258 0.0225879)
(0 -0.0947299 0.0343843)
(0 -0.0862251 0.0531392)
(0 -0.0787408 0.0666715)
(0 -0.0800542 0.131982)
(0 -0.0539585 0.153577)
(0 -0.021604 0.160038)
(0 0.00423811 0.108609)
(0 0.00561151 0.100979)
(0 -0.000619164 -0.0279694)
(0 -0.000427375 -0.02904)
(0 0.00306916 -0.0384018)
(0 0.00189431 -0.038768)
(0 -9.10849e-05 -0.0365436)
(0 0.00387049 -0.0215095)
(0 0.00603026 -0.0205423)
(0 0.00938416 -0.0362923)
(0 0.016113 -0.0435645)
(0 0.0246694 -0.0477468)
(0 0.0265049 -0.0430387)
(0 0.0345809 -0.0503254)
(0 0.052223 -0.0596002)
(0 0.0748732 -0.0969009)
(0 0.0932411 -0.109171)
(0 0.0626083 -0.105518)
(0 0.0449247 -0.121072)
(0 0.0521979 -0.131241)
(0 0.0287467 -0.265215)
(0 -0.0278019 -0.225013)
(0 -0.0253582 -0.100388)
(0 -0.0305121 -0.0807394)
(0 -0.075118 -0.0639186)
(0 -0.0635809 -0.0616246)
(0 -0.0577472 -0.0458049)
(0 -0.0435043 -0.0158646)
(0 -0.0400547 -0.0094504)
(0 -0.0582687 0.00900901)
(0 -0.0629767 0.0227393)
(0 -0.0683363 0.0316462)
(0 -0.0673363 0.0504189)
(0 -0.0680319 0.068062)
(0 -0.0540113 0.0804195)
(0 -0.0501692 0.204904)
(0 -0.0174493 0.193168)
(0 0.00768498 0.122585)
(0 0.0116878 0.118323)
(0 -0.000636543 -0.0303674)
(0 -0.000484156 -0.031159)
(0 0.00142077 -0.031966)
(0 0.00263305 -0.0421755)
(0 0.000150808 -0.0397696)
(0 0.00408761 -0.0237114)
(0 0.00626989 -0.0219245)
(0 0.00524875 -0.0264688)
(0 0.0147089 -0.0488205)
(0 0.0215455 -0.0507796)
(0 0.0240803 -0.045302)
(0 0.0286867 -0.0511159)
(0 0.0458366 -0.0600155)
(0 0.0634535 -0.100234)
(0 0.0763245 -0.105475)
(0 0.0493122 -0.102088)
(0 0.0316659 -0.117486)
(0 0.0540689 -0.178328)
(0 0.0273386 -0.292353)
(0 -0.00962348 -0.213)
(0 -0.0142929 -0.0915335)
(0 -0.0133908 -0.0736389)
(0 -0.0327021 -0.0538647)
(0 -0.0420901 -0.0557901)
(0 -0.040627 -0.04)
(0 -0.0295538 -0.0124875)
(0 -0.0255554 -0.00853154)
(0 -0.0406806 0.00788522)
(0 -0.0445427 0.0206947)
(0 -0.0459573 0.0270674)
(0 -0.0469429 0.0442935)
(0 -0.0555775 0.0682661)
(0 -0.0398706 0.134906)
(0 -0.0356702 0.238265)
(0 -0.0166086 0.207015)
(0 0.00875262 0.133441)
(0 0.0154208 0.132039)
(0 -0.000655454 -0.0329831)
(0 5.36697e-05 -0.033402)
(0 0.00188003 -0.0341654)
(0 0.00289994 -0.0445045)
(0 0.000424395 -0.0432483)
(0 0.0043484 -0.0261603)
(0 0.00538466 -0.0255664)
(0 0.0043477 -0.0298484)
(0 0.0127726 -0.0518426)
(0 0.0184624 -0.0542569)
(0 0.0217687 -0.0479717)
(0 0.0263935 -0.0528483)
(0 0.0400603 -0.0606288)
(0 0.0562551 -0.0976636)
(0 0.0614334 -0.102378)
(0 0.037659 -0.0994556)
(0 0.0290416 -0.110362)
(0 0.0447315 -0.170436)
(0 0.0231892 -0.24725)
(0 0.0073377 -0.202639)
(0 -0.00484852 -0.0842908)
(0 -0.00607036 -0.064863)
(0 -0.0178059 -0.0459432)
(0 -0.0278567 -0.0449222)
(0 -0.0275017 -0.0350062)
(0 -0.0196874 -0.00972572)
(0 -0.0176075 -0.00755916)
(0 -0.0275363 0.00701123)
(0 -0.0295944 0.0160837)
(0 -0.0297432 0.0230525)
(0 -0.0323543 0.0391676)
(0 -0.0381851 0.0638994)
(0 -0.0221515 0.139288)
(0 -0.0166985 0.222809)
(0 -0.0157101 0.22151)
(0 0.00995714 0.144918)
(0 0.0128452 0.136282)
(0 -0.000264306 -0.0356416)
(0 0.000915863 -0.0359585)
(0 0.00238265 -0.0365132)
(0 0.00286346 -0.0464753)
(0 0.000523833 -0.0460677)
(0 0.00354979 -0.0304854)
(0 0.0036406 -0.0313838)
(0 0.00321958 -0.0337068)
(0 0.0102213 -0.0534627)
(0 0.0155473 -0.0569175)
(0 0.0204302 -0.050752)
(0 0.0260286 -0.0554382)
(0 0.0348366 -0.0615245)
(0 0.0495899 -0.091052)
(0 0.0512879 -0.0977111)
(0 0.0327583 -0.0951141)
(0 0.0300478 -0.102833)
(0 0.0359463 -0.162948)
(0 0.0241149 -0.177683)
(0 0.0163538 -0.166446)
(0 0.000563522 -0.0754169)
(0 -0.00367781 -0.0551915)
(0 -0.00804554 -0.039937)
(0 -0.0187648 -0.0341931)
(0 -0.0184265 -0.0286827)
(0 -0.0143131 -0.00784735)
(0 -0.0134591 -0.00664004)
(0 -0.0188059 0.00636566)
(0 -0.0190015 0.0115672)
(0 -0.0188836 0.0189431)
(0 -0.0212761 0.0353146)
(0 -0.0214827 0.0591333)
(0 -0.00449262 0.145996)
(0 -0.00409905 0.186775)
(0 -0.00860797 0.210128)
(0 0.0076144 0.150935)
(0 0.00726082 0.136302)
(0 0.00891833 -0.0426846)
(0 0.0102265 -0.0431424)
(0 0.00596917 -0.0534017)
(0 0.0041456 -0.0527239)
(0 0.00171694 -0.0522815)
(0 -0.014158 -0.0566823)
(0 -0.0140897 -0.0579011)
(0 -0.00319771 -0.0469152)
(0 -0.000940713 -0.0490176)
(0 0.00289779 -0.0518141)
(0 0.0190191 -0.0555809)
(0 0.0246491 -0.0603272)
(0 0.0311361 -0.0654775)
(0 0.0434458 -0.0809681)
(0 0.0450622 -0.0873652)
(0 0.0360371 -0.0786505)
(0 0.0334982 -0.0857035)
(0 0.0362905 -0.104823)
(0 0.0284529 -0.0863539)
(0 0.0224862 -0.0778038)
(0 0.00795657 -0.0508437)
(0 0.00368208 -0.0331881)
(0 0.00214814 -0.0233646)
(0 2.88982e-05 -0.00223746)
(0 4.53624e-05 0.00109872)
(0 0.00804247 -0.0101058)
(0 0.00827534 -0.00903556)
(0 0.00865405 -0.00119639)
(0 0.0104165 0.00264049)
(0 0.0119817 0.00935652)
(0 0.0290893 0.0234171)
(0 0.0343787 0.0457019)
(0 0.0264175 0.120081)
(0 0.0221649 0.159007)
(0 0.019127 0.179961)
(0 -0.0138865 0.138666)
(0 -0.0136885 0.124495)
(0 0.0107841 -0.0456672)
(0 0.0140517 -0.0464486)
(0 0.00562383 -0.0569616)
(0 0.00508865 -0.0560059)
(0 0.00171025 -0.0560185)
(0 -0.0188272 -0.0626746)
(0 -0.0225492 -0.0656994)
(0 -0.00351663 -0.0501375)
(0 -0.00377519 -0.0520067)
(0 0.00156284 -0.0541889)
(0 0.0192331 -0.0572316)
(0 0.0247966 -0.0615214)
(0 0.0417484 -0.0783464)
(0 0.0435708 -0.077006)
(0 0.0458236 -0.0846874)
(0 0.036232 -0.0738624)
(0 0.032996 -0.0765271)
(0 0.0403235 -0.0967336)
(0 0.0298291 -0.0642694)
(0 0.0270319 -0.0641221)
(0 0.0109461 -0.0435774)
(0 0.00472414 -0.0262671)
(0 0.00437357 -0.022265)
(0 0.0019645 0.00369064)
(0 0.00114813 0.00330008)
(0 0.00887567 -0.0111078)
(0 0.00997908 -0.0103933)
(0 0.00945752 -0.00324567)
(0 0.0150056 0.00192378)
(0 0.01862 0.00694387)
(0 0.0396564 0.0212888)
(0 0.0528461 0.0418343)
(0 0.0412137 0.103734)
(0 0.0370662 0.181599)
(0 0.0267414 0.176622)
(0 -0.0179635 0.119514)
(0 -0.0235927 0.11265)
(0 0.0110501 -0.0488223)
(0 0.0162499 -0.0498519)
(0 0.00524341 -0.0606867)
(0 0.00539416 -0.0595773)
(0 0.000815258 -0.0605257)
(0 -0.0202965 -0.0675536)
(0 -0.0280379 -0.072375)
(0 -0.00388202 -0.0535945)
(0 -0.00555048 -0.0554692)
(0 0.00167105 -0.0563809)
(0 0.0195621 -0.0594503)
(0 0.0248681 -0.0625518)
(0 0.0417106 -0.0793641)
(0 0.0436124 -0.0755737)
(0 0.0472131 -0.0835986)
(0 0.0373054 -0.072939)
(0 0.0340072 -0.0695467)
(0 0.0384677 -0.0816458)
(0 0.0316943 -0.0526219)
(0 0.0343096 -0.0597183)
(0 0.0156228 -0.0399983)
(0 0.00620836 -0.0231617)
(0 0.00657112 -0.0218151)
(0 0.00393936 0.00653904)
(0 0.00112659 0.00277363)
(0 0.00898803 -0.0118992)
(0 0.0134941 -0.0131905)
(0 0.0107526 -0.00658598)
(0 0.0196049 9.27534e-05)
(0 0.0302705 0.00378522)
(0 0.0528706 0.0191754)
(0 0.0739022 0.0386986)
(0 0.059973 0.0522604)
(0 0.0555169 0.181939)
(0 0.0268127 0.14901)
(0 -0.0154971 0.0968166)
(0 -0.0270122 0.0972762)
(0 0.0113038 -0.0521613)
(0 0.0142261 -0.052761)
(0 0.00480134 -0.0646354)
(0 0.00406994 -0.0639903)
(0 -0.000171748 -0.0653124)
(0 -0.0218619 -0.0727117)
(0 -0.0248563 -0.0748202)
(0 -0.0118676 -0.0697536)
(0 -0.00439317 -0.0585374)
(0 0.00177795 -0.0586458)
(0 0.0198908 -0.0617417)
(0 0.0250103 -0.0639617)
(0 0.0416716 -0.0803931)
(0 0.0441891 -0.0779875)
(0 0.0486161 -0.0825438)
(0 0.0383898 -0.0720509)
(0 0.0375238 -0.0679533)
(0 0.0480283 -0.0826701)
(0 0.0383559 -0.0545244)
(0 0.0422122 -0.0562718)
(0 0.0206687 -0.0375091)
(0 0.0104158 -0.0246407)
(0 0.00919355 -0.0218922)
(0 0.00526534 0.00419984)
(0 0.00107621 0.00214696)
(0 0.00911519 -0.012811)
(0 0.0133285 -0.015427)
(0 0.0127242 -0.011256)
(0 0.024135 -0.00465615)
(0 0.0484403 -0.00160661)
(0 0.0724241 0.0154549)
(0 0.0871921 0.0316532)
(0 0.0752118 0.0455214)
(0 0.0639036 0.137854)
(0 0.0265468 0.124495)
(0 -0.0133967 0.0772222)
(0 -0.0193418 0.0738543)
(0 0.00929829 -0.0556944)
(0 0.0100083 -0.0560679)
(0 0.00432145 -0.0687624)
(0 0.00164888 -0.0692953)
(0 -0.00205268 -0.0706246)
(0 -0.0190689 -0.0758909)
(0 -0.0176292 -0.0757653)
(0 -0.0123907 -0.0742111)
(0 -0.00146093 -0.0612429)
(0 0.00344429 -0.0613954)
(0 0.020156 -0.0639177)
(0 0.0252978 -0.0659645)
(0 0.0416312 -0.0814334)
(0 0.0453903 -0.0819432)
(0 0.0499705 -0.0840483)
(0 0.0413193 -0.0726418)
(0 0.0422581 -0.0699852)
(0 0.0518868 -0.0765784)
(0 0.0500952 -0.0637881)
(0 0.0528613 -0.0594009)
(0 0.029634 -0.0394247)
(0 0.0187509 -0.0287273)
(0 0.0126007 -0.0223024)
(0 0.00711263 -0.00242148)
(0 0.00106156 -0.00185796)
(0 0.00822448 -0.0143933)
(0 0.0107503 -0.0169321)
(0 0.0153897 -0.017252)
(0 0.0325565 -0.0134392)
(0 0.0663795 -0.0112772)
(0 0.0898881 0.00830055)
(0 0.0954803 0.0231831)
(0 0.0957129 0.0393858)
(0 0.0603233 0.0870326)
(0 0.0268115 0.0877239)
(0 -0.00840201 0.0576477)
(0 -0.0100386 0.0516537)
(0 -0.000721101 -0.0650676)
(0 9.56843e-06 -0.0654042)
(0 -0.0016259 -0.0796921)
(0 -0.00683591 -0.080765)
(0 -0.010773 -0.0823219)
(0 -0.00513052 -0.0818368)
(0 -0.00369064 -0.0818111)
(0 -0.00317056 -0.0819682)
(0 0.00919034 -0.066595)
(0 0.0143589 -0.0671155)
(0 0.0218255 -0.0690553)
(0 0.0271112 -0.0711563)
(0 0.0434319 -0.0878973)
(0 0.0492191 -0.0899938)
(0 0.0539284 -0.0921659)
(0 0.0555209 -0.0803967)
(0 0.0565466 -0.0776795)
(0 0.0562377 -0.0754557)
(0 0.0750241 -0.0796316)
(0 0.0781661 -0.0749268)
(0 0.0905735 -0.060697)
(0 0.0747011 -0.0473391)
(0 0.0512711 -0.0346168)
(0 0.00263535 -0.0233755)
(0 -0.00461258 -0.0232526)
(0 -0.0312359 -0.0500595)
(0 -0.0259066 -0.052817)
(0 0.0255187 -0.038279)
(0 0.043425 -0.0387055)
(0 0.0746321 -0.0395569)
(0 0.164621 -0.0339452)
(0 0.168425 -0.0157852)
(0 0.148111 -0.000313928)
(0 0.0849932 0.0255513)
(0 0.0483572 0.0241435)
(0 -0.0216165 0.00646436)
(0 -0.0223658 0.00290233)
(0 -0.00117644 -0.0691364)
(0 -0.00086687 -0.0695761)
(0 -0.00181089 -0.0855255)
(0 -0.0102005 -0.0864039)
(0 -0.0125913 -0.0883154)
(0 -0.00395759 -0.0868801)
(0 -0.00137198 -0.0858121)
(0 0.00321864 -0.0714913)
(0 0.0122619 -0.0687399)
(0 0.0161268 -0.069859)
(0 0.0226378 -0.0719414)
(0 0.0286323 -0.0739708)
(0 0.0434921 -0.0919828)
(0 0.0521747 -0.0942271)
(0 0.056427 -0.097184)
(0 0.0601518 -0.0866004)
(0 0.0641021 -0.0849154)
(0 0.0608714 -0.0833563)
(0 0.0864588 -0.0877483)
(0 0.0893511 -0.0852839)
(0 0.120263 -0.0780629)
(0 0.119774 -0.0672853)
(0 0.0554537 -0.0441471)
(0 -0.000619943 -0.0235451)
(0 -0.00813929 -0.0290475)
(0 -0.0476321 -0.0709652)
(0 -0.0512297 -0.0808567)
(0 0.0274285 -0.0493741)
(0 0.0519144 -0.0505229)
(0 0.0897078 -0.0544144)
(0 0.221102 -0.0614667)
(0 0.259064 -0.0447641)
(0 0.164769 -0.0226811)
(0 0.105103 0.0146561)
(0 0.0508763 0.00937341)
(0 -0.0235434 -0.00488255)
(0 -0.0324425 -0.00467265)
(0 -0.00120175 -0.0733066)
(0 -0.00147594 -0.0744114)
(0 -0.00202296 -0.091661)
(0 -0.0123317 -0.0925077)
(0 -0.0126684 -0.0947708)
(0 -0.0038381 -0.0933169)
(0 0.000125497 -0.090156)
(0 0.00357668 -0.0754186)
(0 0.0142833 -0.0718489)
(0 0.0163596 -0.0729977)
(0 0.0229538 -0.0751039)
(0 0.0294959 -0.0772184)
(0 0.0435304 -0.0962094)
(0 0.0537574 -0.0985072)
(0 0.0583585 -0.103121)
(0 0.0621714 -0.0919357)
(0 0.0707549 -0.0930726)
(0 0.0657996 -0.0918658)
(0 0.0955812 -0.0965994)
(0 0.100944 -0.0993747)
(0 0.132977 -0.0912715)
(0 0.153827 -0.0882415)
(0 0.0602416 -0.0566324)
(0 -0.001757 -0.0285708)
(0 -0.0128202 -0.0421274)
(0 -0.0567325 -0.0903843)
(0 -0.0720176 -0.10938)
(0 0.0294958 -0.063268)
(0 0.0592874 -0.0643686)
(0 0.11204 -0.0760769)
(0 0.252018 -0.0879223)
(0 0.334522 -0.0869005)
(0 0.188448 -0.0499978)
(0 0.12583 -0.00375392)
(0 0.0507867 -0.0064494)
(0 -0.0236395 -0.0117153)
(0 -0.0443038 -0.0161723)
(0 -0.00122846 -0.0776675)
(0 -0.00126253 -0.0798781)
(0 0.00065279 -0.0823243)
(0 -0.0110984 -0.0992006)
(0 -0.0127192 -0.10155)
(0 -0.00369121 -0.100078)
(0 -0.000424674 -0.0959148)
(0 0.0039714 -0.079511)
(0 0.0134642 -0.0762753)
(0 0.0165848 -0.0762476)
(0 0.0232631 -0.0783772)
(0 0.029041 -0.0811129)
(0 0.0327644 -0.0850305)
(0 0.0532709 -0.103616)
(0 0.0603319 -0.109303)
(0 0.0642359 -0.0975147)
(0 0.0729596 -0.100897)
(0 0.0709432 -0.100967)
(0 0.101289 -0.109249)
(0 0.11349 -0.114893)
(0 0.146662 -0.105885)
(0 0.13963 -0.100124)
(0 0.0655521 -0.0721322)
(0 0.000437428 -0.0472149)
(0 -0.0188315 -0.058813)
(0 -0.0671701 -0.1134)
(0 -0.060777 -0.120799)
(0 0.031715 -0.0799602)
(0 0.068131 -0.0829973)
(0 0.137994 -0.102984)
(0 0.286779 -0.119118)
(0 0.331372 -0.122542)
(0 0.218797 -0.0849826)
(0 0.135817 -0.0381232)
(0 0.0571007 -0.0267049)
(0 -0.0269643 -0.0284625)
(0 -0.0388799 -0.0322725)
(0 -0.000862414 -0.0827078)
(0 -0.000486409 -0.0855244)
(0 0.000454939 -0.0883096)
(0 -0.00773541 -0.106548)
(0 -0.0110514 -0.108786)
(0 -0.00460169 -0.107348)
(0 -0.00222828 -0.103119)
(0 0.004403 -0.0837685)
(0 0.0108189 -0.0814956)
(0 0.0154232 -0.0804115)
(0 0.0228488 -0.0822382)
(0 0.0279646 -0.0853869)
(0 0.0329027 -0.0890344)
(0 0.0521132 -0.109775)
(0 0.0607425 -0.115647)
(0 0.0648374 -0.103929)
(0 0.0720144 -0.107888)
(0 0.0763802 -0.110678)
(0 0.106696 -0.126254)
(0 0.123071 -0.132065)
(0 0.135961 -0.116516)
(0 0.108107 -0.105696)
(0 0.0387115 -0.0964802)
(0 0.00529975 -0.0824693)
(0 -0.0228913 -0.0875087)
(0 -0.0595438 -0.12773)
(0 -0.0364957 -0.126432)
(0 0.0340834 -0.0994504)
(0 0.0816517 -0.108929)
(0 0.162532 -0.133395)
(0 0.28628 -0.148139)
(0 0.290076 -0.145855)
(0 0.255303 -0.129269)
(0 0.143212 -0.0888876)
(0 0.065577 -0.0648284)
(0 -0.0208026 -0.0597194)
(0 -0.0249047 -0.0609975)
(0 0.00783237 -0.0912017)
(0 0.0082898 -0.0941318)
(0 0.00520219 -0.098149)
(0 -0.000114406 -0.141686)
(0 -0.00416522 -0.144158)
(0 -0.015244 -0.123589)
(0 -0.0126533 -0.119054)
(0 -0.000677559 -0.092659)
(0 0.0015724 -0.0900352)
(0 0.00631474 -0.0886373)
(0 0.0181958 -0.0910111)
(0 0.0233272 -0.0941196)
(0 0.0439332 -0.131755)
(0 0.0528768 -0.137223)
(0 0.0626309 -0.143506)
(0 0.0619015 -0.121669)
(0 0.0691067 -0.125699)
(0 0.0754048 -0.130397)
(0 0.116117 -0.173626)
(0 0.134219 -0.179678)
(0 0.119469 -0.154646)
(0 0.0926769 -0.143677)
(0 0.0346245 -0.15884)
(0 -0.00744167 -0.159041)
(0 -0.0425017 -0.16644)
(0 -0.0424721 -0.155252)
(0 -0.0186946 -0.155502)
(0 0.0474686 -0.14366)
(0 0.11138 -0.162499)
(0 0.20054 -0.18992)
(0 0.313572 -0.218489)
(0 0.317311 -0.215921)
(0 0.280886 -0.208097)
(0 0.169604 -0.215752)
(0 0.082191 -0.186824)
(0 -0.0237266 -0.156444)
(0 -0.0294216 -0.158167)
(0 0.0104024 -0.0952369)
(0 0.0134462 -0.0976498)
(0 0.0029915 -0.103699)
(0 0.00280159 -0.156505)
(0 -0.00235656 -0.154975)
(0 -0.0184428 -0.131888)
(0 -0.0194615 -0.129303)
(0 -0.00298023 -0.117758)
(0 -0.00138759 -0.0927646)
(0 0.00504453 -0.0920286)
(0 0.0178556 -0.0953143)
(0 0.0221789 -0.0982927)
(0 0.0274658 -0.104385)
(0 0.0502263 -0.143854)
(0 0.0597607 -0.15202)
(0 0.0616774 -0.131536)
(0 0.0706563 -0.137077)
(0 0.0742695 -0.143087)
(0 0.111657 -0.190583)
(0 0.130227 -0.199175)
(0 0.130236 -0.180338)
(0 0.113025 -0.175404)
(0 0.03653 -0.194186)
(0 -0.0266241 -0.205187)
(0 -0.0567981 -0.208796)
(0 -0.0510179 -0.184833)
(0 -0.0303759 -0.18021)
(0 0.0105707 -0.185692)
(0 0.135325 -0.197834)
(0 0.215859 -0.223526)
(0 0.354584 -0.267136)
(0 0.408393 -0.283007)
(0 0.276412 -0.297413)
(0 0.210012 -0.310221)
(0 0.0993267 -0.268094)
(0 -0.044319 -0.226196)
(0 -0.0713779 -0.232999)
(0 0.0105985 -0.10018)
(0 0.0152576 -0.102133)
(0 -0.00569608 -0.149377)
(0 0.0026601 -0.168002)
(0 -0.00135813 -0.162101)
(0 -0.0178556 -0.138218)
(0 -0.0217547 -0.137405)
(0 0.00403522 -0.102188)
(0 -0.0018177 -0.0964889)
(0 0.00533773 -0.0965409)
(0 0.0183522 -0.0998722)
(0 0.0208387 -0.103558)
(0 0.0391689 -0.14702)
(0 0.0476612 -0.151235)
(0 0.0565903 -0.162976)
(0 0.0597527 -0.140669)
(0 0.0707742 -0.149886)
(0 0.0950277 -0.199632)
(0 0.108051 -0.208146)
(0 0.126976 -0.223093)
(0 0.128633 -0.20112)
(0 0.126839 -0.211232)
(0 0.0685636 -0.204808)
(0 -0.0421874 -0.254913)
(0 -0.0597854 -0.248145)
(0 -0.0538718 -0.222034)
(0 -0.0384726 -0.207355)
(0 0.0495609 -0.191664)
(0 0.151501 -0.230476)
(0 0.214081 -0.255846)
(0 0.350491 -0.301704)
(0 0.460005 -0.354024)
(0 0.289158 -0.325572)
(0 0.234087 -0.405434)
(0 0.109486 -0.359759)
(0 -0.0513344 -0.31181)
(0 -0.106474 -0.319537)
(0 0.0107936 -0.105277)
(0 0.0106543 -0.108186)
(0 -0.00928125 -0.156728)
(0 -0.00186171 -0.171353)
(0 -0.000278937 -0.169461)
(0 -0.0172409 -0.144767)
(0 -0.0149212 -0.140607)
(0 0.00321698 -0.128858)
(0 0.00215518 -0.102147)
(0 0.00562104 -0.101205)
(0 0.0188718 -0.104604)
(0 0.0201694 -0.110183)
(0 0.0244103 -0.117349)
(0 0.0449323 -0.16142)
(0 0.0532311 -0.174614)
(0 0.0576776 -0.150488)
(0 0.0675956 -0.162857)
(0 0.0921626 -0.217592)
(0 0.105858 -0.229113)
(0 0.123523 -0.249267)
(0 0.126933 -0.22409)
(0 0.11955 -0.244129)
(0 0.0384998 -0.280834)
(0 -0.0362675 -0.296325)
(0 -0.062513 -0.292071)
(0 -0.0564501 -0.263804)
(0 -0.0347608 -0.242034)
(0 0.0503153 -0.219223)
(0 0.143709 -0.25538)
(0 0.212562 -0.291901)
(0 0.347601 -0.339444)
(0 0.411759 -0.403715)
(0 0.294847 -0.39983)
(0 0.225125 -0.480534)
(0 0.119365 -0.468705)
(0 -0.0592506 -0.414831)
(0 -0.091897 -0.404218)
(2.1288e-22 0.00708189 -0.111614)
(0 0.00283354 -0.115908)
(0 -0.0130364 -0.164324)
(0 -0.0073941 -0.170545)
(0 -0.00251096 -0.172754)
(0 -0.0113032 -0.148794)
(0 -0.00403726 -0.142274)
(0 0.00658382 -0.134765)
(0 0.00828911 -0.109374)
(0 0.0088972 -0.107286)
(0 0.0192426 -0.110449)
(0 0.0204119 -0.117239)
(0 0.0226713 -0.124418)
(0 0.0417354 -0.174278)
(0 0.0498388 -0.187436)
(0 0.0540793 -0.161846)
(0 0.0624355 -0.175405)
(0 0.0890187 -0.236737)
(0 0.104004 -0.254651)
(0 0.120772 -0.276731)
(0 0.115957 -0.250042)
(0 0.099223 -0.274376)
(0 0.0701467 -0.295851)
(0 -0.0146228 -0.333467)
(0 -0.0534377 -0.333311)
(0 -0.0517401 -0.309622)
(0 -0.0222194 -0.286726)
(0 0.0128781 -0.274629)
(0 0.12194 -0.280374)
(0 0.198539 -0.3234)
(0 0.305873 -0.375497)
(0 0.324477 -0.438472)
(0 0.300412 -0.485515)
(0 0.202403 -0.553114)
(0 0.110586 -0.571193)
(0 -0.0362767 -0.52624)
(0 -0.0425914 -0.502045)
(0 -0.0183764 -0.123356)
(0 -0.0231253 -0.1283)
(0 -0.0227313 -0.130446)
(0 -0.0262045 -0.158348)
(0 -0.0219422 -0.160144)
(0 0.0201201 -0.153133)
(0 0.0272091 -0.147262)
(0 0.024228 -0.119294)
(0 0.0285692 -0.120009)
(0 0.0291377 -0.117916)
(0 0.0160486 -0.118919)
(0 0.0171792 -0.125889)
(0 0.0216863 -0.181314)
(0 0.0300955 -0.200186)
(0 0.0381713 -0.213811)
(0 0.0414697 -0.183)
(0 0.0496693 -0.19695)
(0 0.0557597 -0.209119)
(0 0.0822251 -0.273713)
(0 0.0976948 -0.295633)
(0 0.10756 -0.296623)
(0 0.0898005 -0.323691)
(0 0.0411422 -0.400386)
(0 0.005838 -0.437628)
(0 -0.0371398 -0.435857)
(0 -0.0688357 -0.388357)
(0 -0.0343591 -0.362629)
(0 0.0306458 -0.292761)
(0 0.0814817 -0.326683)
(0 0.155006 -0.367487)
(0 0.235043 -0.435296)
(0 0.251777 -0.50311)
(0 0.249272 -0.576804)
(0 0.176246 -0.733874)
(0 0.0753073 -0.760808)
(0 -0.015492 -0.670554)
(0 -0.0228485 -0.643526)
(0 -0.0239731 -0.127963)
(0 -0.0348695 -0.134275)
(0 -0.0253884 -0.151357)
(0 -0.0393501 -0.167448)
(0 -0.0273351 -0.16076)
(0 0.0284042 -0.151825)
(0 0.0431349 -0.152536)
(0 0.0254549 -0.118161)
(0 0.0378508 -0.125184)
(0 0.0325933 -0.121696)
(0 0.013939 -0.121245)
(0 0.0150111 -0.127805)
(0 0.0108093 -0.138485)
(0 0.0233529 -0.218449)
(0 0.029852 -0.226464)
(0 0.0355799 -0.190835)
(0 0.045368 -0.207544)
(0 0.0544059 -0.249504)
(0 0.0742526 -0.302482)
(0 0.0832185 -0.313862)
(0 0.106415 -0.314246)
(0 0.107029 -0.354408)
(0 0.0284154 -0.417531)
(0 0.00356737 -0.553474)
(0 -0.0353274 -0.504459)
(0 -0.07943 -0.409079)
(0 -0.0642423 -0.37959)
(0 0.0328394 -0.314114)
(0 0.065535 -0.358419)
(0 0.130244 -0.390722)
(0 0.214658 -0.459962)
(0 0.248553 -0.54037)
(0 0.204295 -0.698898)
(0 0.179179 -0.943882)
(0 0.0692416 -0.907265)
(0 -0.0387507 -0.759015)
(0 -0.0649585 -0.74638)
(0 -0.0242444 -0.132214)
(0 -0.0415346 -0.137454)
(0 -0.0240469 -0.129192)
(0 -0.0468285 -0.172118)
(0 -0.0254507 -0.15365)
(0 0.0293092 -0.145239)
(0 0.0524802 -0.155211)
(0 0.0266714 -0.117058)
(0 0.0434896 -0.127598)
(0 0.0304452 -0.12434)
(0 0.0117453 -0.124164)
(0 0.0111076 -0.130889)
(0 0.00523223 -0.192208)
(0 0.0151272 -0.231179)
(0 0.0196811 -0.23382)
(0 0.0277958 -0.19683)
(0 0.0381958 -0.216359)
(0 0.0359772 -0.221667)
(0 0.0633492 -0.321891)
(0 0.0623548 -0.322523)
(0 0.086567 -0.32138)
(0 0.110517 -0.377541)
(0 0.0345529 -0.38058)
(0 -0.00650335 -0.629394)
(0 -0.0229324 -0.530922)
(0 -0.0682558 -0.432124)
(0 -0.0800929 -0.401315)
(0 0.0172256 -0.394565)
(0 0.0586358 -0.387867)
(0 0.0979335 -0.411414)
(0 0.177779 -0.478742)
(0 0.22592 -0.579902)
(0 0.163611 -0.669514)
(0 0.149189 -1.09731)
(0 0.0666751 -0.991943)
(0 -0.0449666 -0.837083)
(0 -0.0904495 -0.836789)
(0 -0.0245705 -0.136577)
(0 -0.0361293 -0.135573)
(0 -0.0246715 -0.128529)
(0 -0.0394732 -0.16273)
(0 -0.0237084 -0.146751)
(0 0.0302125 -0.138854)
(0 0.0458481 -0.147583)
(0 0.0278788 -0.115986)
(0 0.038692 -0.124959)
(0 0.028255 -0.127103)
(0 0.00948458 -0.127204)
(0 0.00526234 -0.135975)
(0 -0.00340342 -0.198457)
(0 0.00457554 -0.231642)
(0 0.00922762 -0.241808)
(0 0.0197919 -0.203445)
(0 0.0264657 -0.220953)
(0 0.0312087 -0.264947)
(0 0.0445879 -0.31958)
(0 0.0413619 -0.332957)
(0 0.0669498 -0.330215)
(0 0.0796452 -0.381075)
(0 0.0219162 -0.398779)
(0 -0.0143013 -0.602369)
(0 -0.00975033 -0.558595)
(0 -0.0564932 -0.456406)
(0 -0.0585749 -0.428866)
(0 0.0199977 -0.420361)
(0 0.0551868 -0.407603)
(0 0.0651268 -0.436378)
(0 0.141725 -0.501691)
(0 0.166304 -0.61693)
(0 0.11792 -0.72628)
(0 0.0925423 -1.09468)
(0 0.0637664 -1.08118)
(0 -0.0518768 -0.919612)
(0 -0.0729754 -0.891094)
(0 -0.0193389 -0.138006)
(0 -0.0251991 -0.133107)
(0 -0.0253119 -0.127906)
(0 -0.025451 -0.146107)
(0 -0.0167262 -0.136024)
(0 0.024538 -0.129873)
(0 0.0323086 -0.134578)
(0 0.0290782 -0.114943)
(0 0.0284752 -0.121301)
(0 0.0221771 -0.127134)
(0 0.00541628 -0.131567)
(0 -0.000969857 -0.142135)
(0 -0.0123663 -0.205144)
(0 -0.00701308 -0.226617)
(0 -0.00214415 -0.24337)
(0 0.00919988 -0.208704)
(0 0.0129293 -0.223992)
(0 0.0191682 -0.273907)
(0 0.0213806 -0.307787)
(0 0.0188082 -0.33307)
(0 0.0348321 -0.334499)
(0 0.0313729 -0.378629)
(0 0.00862844 -0.418036)
(0 -0.0124485 -0.528153)
(0 -0.00235917 -0.53618)
(0 -0.0267114 -0.486922)
(0 -0.0128957 -0.463406)
(0 0.0228043 -0.447023)
(0 0.0447065 -0.422695)
(0 0.0426502 -0.458704)
(0 0.0891112 -0.532846)
(0 0.0889562 -0.657063)
(0 0.0687876 -0.790346)
(0 0.0433722 -1.01705)
(0 0.0373025 -1.08797)
(0 -0.0346759 -0.982933)
(0 -0.033046 -0.930013)
(0 -0.000870531 -0.162351)
(0 -0.00810004 -0.156405)
(0 -0.00977832 -0.118844)
(0 -0.00418323 -0.10164)
(0 0.00210999 -0.0936611)
(0 0.00536512 -0.0859225)
(0 0.0109736 -0.089521)
(0 0.0163029 -0.103896)
(0 0.0133505 -0.1428)
(0 0.00551085 -0.149899)
(0 -0.0197233 -0.133555)
(0 -0.0267719 -0.144808)
(0 -0.0302185 -0.158612)
(0 -0.0319495 -0.20708)
(0 -0.0281298 -0.222483)
(0 -0.0159873 -0.206559)
(0 -0.0127755 -0.221534)
(0 -0.0115931 -0.26889)
(0 -0.0197597 -0.298135)
(0 -0.0232767 -0.323326)
(0 -0.0528103 -0.321816)
(0 -0.0597376 -0.365929)
(0 -0.048284 -0.403024)
(0 -0.0227507 -0.48391)
(0 -0.0130607 -0.49151)
(0 0.0635791 -0.476092)
(0 0.0753806 -0.454626)
(0 0.0298883 -0.39466)
(0 0.0292398 -0.434672)
(0 0.0267331 -0.471218)
(0 -0.0391989 -0.55501)
(0 -0.0486974 -0.682656)
(0 -0.025173 -0.946292)
(0 -0.025209 -1.09016)
(0 -0.0333925 -1.16407)
(0 0.0229058 -1.00299)
(0 0.0234242 -0.949635)
(0 0.00142508 -0.1657)
(0 -0.0037235 -0.161967)
(0 -0.00208936 -0.12063)
(0 -0.000783347 -0.0884501)
(0 0.00412875 -0.0889627)
(0 0.00462563 -0.0791332)
(0 0.00762319 -0.0729601)
(0 0.0101846 -0.105857)
(0 0.00947338 -0.1487)
(0 -0.000213691 -0.155127)
(0 -0.0294768 -0.134395)
(0 -0.0406675 -0.142754)
(0 -0.038834 -0.189391)
(0 -0.0467185 -0.215567)
(0 -0.0390789 -0.223247)
(0 -0.0234963 -0.200299)
(0 -0.0221075 -0.215115)
(0 -0.0201003 -0.256243)
(0 -0.0394055 -0.296667)
(0 -0.0402846 -0.31275)
(0 -0.0806302 -0.306038)
(0 -0.107366 -0.352739)
(0 -0.0466197 -0.410869)
(0 -0.0361212 -0.490342)
(0 -0.0218062 -0.474284)
(0 0.0881197 -0.456454)
(0 0.132396 -0.459174)
(0 0.045646 -0.416287)
(0 0.0234408 -0.43414)
(0 0.0050388 -0.466058)
(0 -0.0975089 -0.550636)
(0 -0.135144 -0.680897)
(0 -0.0881845 -0.775455)
(0 -0.0747843 -1.20356)
(0 -0.0593557 -1.19007)
(0 0.0374613 -0.969182)
(0 0.0549488 -0.940092)
(0 0.00142811 -0.166514)
(0 0.00347109 -0.166269)
(0 0.00573372 -0.123106)
(0 0.00369016 -0.0833616)
(0 0.00543444 -0.0921724)
(0 0.00587657 -0.0821857)
(0 0.00399723 -0.0664139)
(0 0.00400028 -0.108342)
(0 0.00346064 -0.153348)
(0 -0.0077403 -0.159641)
(0 -0.036402 -0.139513)
(0 -0.0508462 -0.143076)
(0 -0.0420699 -0.160082)
(0 -0.058392 -0.220784)
(0 -0.045926 -0.216904)
(0 -0.0294213 -0.194182)
(0 -0.0299427 -0.206989)
(0 -0.0281635 -0.244308)
(0 -0.0535442 -0.29031)
(0 -0.0531652 -0.294464)
(0 -0.0920712 -0.289772)
(0 -0.136188 -0.333149)
(0 -0.0709313 -0.328636)
(0 -0.0500431 -0.47195)
(0 -0.0255676 -0.435333)
(0 0.0804293 -0.417528)
(0 0.156578 -0.457017)
(0 0.0135196 -0.373304)
(0 0.0161973 -0.428248)
(0 -0.0318063 -0.458984)
(0 -0.138629 -0.549052)
(0 -0.203027 -0.673293)
(0 -0.13799 -0.873532)
(0 -0.134787 -1.24164)
(0 -0.0607634 -1.12793)
(0 0.0340657 -0.913173)
(0 0.0697952 -0.913227)
(0 0.00143217 -0.16733)
(0 0.0110895 -0.16685)
(0 0.0138514 -0.126272)
(0 0.00958894 -0.0935261)
(0 0.00680461 -0.095482)
(0 0.00719251 -0.085338)
(0 0.000924152 -0.0774294)
(0 -0.00236039 -0.111358)
(0 -0.00623924 -0.155834)
(0 -0.0155877 -0.16462)
(0 -0.0438092 -0.145072)
(0 -0.0535023 -0.147626)
(0 -0.0529845 -0.191296)
(0 -0.0616135 -0.214324)
(0 -0.0526836 -0.210957)
(0 -0.0351797 -0.188456)
(0 -0.0348658 -0.196692)
(0 -0.0358162 -0.233067)
(0 -0.0580118 -0.269968)
(0 -0.0654016 -0.277637)
(0 -0.103141 -0.274893)
(0 -0.126053 -0.297784)
(0 -0.06945 -0.3382)
(0 -0.057836 -0.408818)
(0 -0.0290283 -0.39834)
(0 0.0733239 -0.380596)
(0 0.11125 -0.420141)
(0 0.00569189 -0.363106)
(0 -0.00675144 -0.413291)
(0 -0.0686287 -0.455308)
(0 -0.18154 -0.55088)
(0 -0.227192 -0.647509)
(0 -0.192693 -0.844172)
(0 -0.170457 -1.11194)
(0 -0.0621318 -1.06751)
(0 0.0309433 -0.858983)
(0 0.0511719 -0.846481)
(3.95614e-28 0.00406373 -0.166608)
(1.42519e-37 0.0162979 -0.164996)
(0 0.0224139 -0.130113)
(0 0.0162968 -0.113609)
(0 0.0105792 -0.107046)
(0 0.00740127 -0.0987526)
(0 -0.00129309 -0.100585)
(0 -0.00900207 -0.114905)
(0 -0.0177617 -0.15806)
(0 -0.0258008 -0.168802)
(0 -0.047233 -0.15198)
(0 -0.05263 -0.155488)
(0 -0.0603476 -0.1926)
(0 -0.0601212 -0.200563)
(0 -0.0553564 -0.201285)
(0 -0.0395541 -0.18088)
(0 -0.038121 -0.186527)
(0 -0.0352369 -0.191887)
(0 -0.0583716 -0.242687)
(0 -0.0712434 -0.256047)
(0 -0.0963721 -0.249957)
(0 -0.100129 -0.259994)
(0 -0.0790588 -0.306292)
(0 -0.0586468 -0.332297)
(0 -0.0324068 -0.342422)
(0 0.0389063 -0.340688)
(0 0.0429463 -0.369837)
(0 -0.00183175 -0.353312)
(0 -0.0430216 -0.397912)
(0 -0.107364 -0.450017)
(0 -0.204491 -0.539032)
(0 -0.228736 -0.617126)
(0 -0.247447 -0.819052)
(0 -0.173144 -0.910918)
(0 -0.0691486 -0.937165)
(0 0.0133746 -0.790472)
(0 0.0184489 -0.762147)
(-3.95614e-28 0.0217152 -0.14457)
(0 0.0320915 -0.143857)
(0 0.035473 -0.142781)
(0 0.0536702 -0.178016)
(0 0.0455144 -0.169495)
(0 -0.00541728 -0.176306)
(0 -0.0191769 -0.179399)
(0 -0.0259586 -0.17598)
(0 -0.0379378 -0.145261)
(0 -0.0455681 -0.155762)
(0 -0.0542697 -0.191114)
(0 -0.060652 -0.194905)
(0 -0.0578461 -0.160143)
(0 -0.057902 -0.156434)
(0 -0.0539238 -0.156856)
(0 -0.0393364 -0.160796)
(0 -0.0379969 -0.166157)
(0 -0.0528012 -0.218172)
(0 -0.0633936 -0.222273)
(0 -0.0769866 -0.235594)
(0 -0.069434 -0.202382)
(0 -0.0727699 -0.211608)
(0 -0.0944875 -0.245879)
(0 -0.0765556 -0.228291)
(0 -0.0533463 -0.235392)
(0 -0.0320897 -0.250219)
(0 -0.0305369 -0.275089)
(0 -0.0454041 -0.387471)
(0 -0.107554 -0.445429)
(0 -0.186669 -0.504603)
(0 -0.283941 -0.497269)
(0 -0.311525 -0.572681)
(0 -0.28765 -0.624324)
(0 -0.179911 -0.694569)
(0 -0.0899065 -0.71392)
(0 0.0350988 -0.667929)
(0 0.0395241 -0.641703)
(0 0.0265145 -0.142604)
(0 0.0425728 -0.146238)
(0 0.0424077 -0.17105)
(0 0.0815892 -0.212674)
(0 0.0588634 -0.191038)
(0 -0.0110559 -0.192763)
(0 -0.0325592 -0.202297)
(0 -0.0253727 -0.14124)
(0 -0.0473933 -0.153092)
(0 -0.0501037 -0.160424)
(0 -0.055518 -0.198202)
(0 -0.0646521 -0.208176)
(0 -0.0570876 -0.186122)
(0 -0.0611516 -0.144913)
(0 -0.0539541 -0.147001)
(0 -0.0356417 -0.150487)
(0 -0.0336535 -0.153186)
(0 -0.0389095 -0.1653)
(0 -0.0589792 -0.195542)
(0 -0.0726172 -0.214703)
(0 -0.0637178 -0.183242)
(0 -0.0645942 -0.185325)
(0 -0.0916681 -0.229269)
(0 -0.0852823 -0.172475)
(0 -0.0656536 -0.194744)
(0 -0.0454181 -0.220759)
(0 -0.0453079 -0.23559)
(0 -0.0530395 -0.28067)
(0 -0.127079 -0.432446)
(0 -0.205728 -0.478074)
(0 -0.339317 -0.470945)
(0 -0.41709 -0.555381)
(0 -0.265154 -0.588428)
(0 -0.190769 -0.620247)
(0 -0.0949174 -0.618019)
(0 0.0583037 -0.565368)
(0 0.0878501 -0.549523)
(0 0.0261224 -0.137517)
(0 0.0458588 -0.147545)
(0 0.0274201 -0.143058)
(0 0.0945902 -0.231654)
(0 0.0608852 -0.202714)
(0 -0.010447 -0.204758)
(0 -0.039091 -0.218634)
(0 -0.0226561 -0.190711)
(0 -0.0520768 -0.160431)
(0 -0.049132 -0.161445)
(0 -0.054304 -0.199415)
(0 -0.0638544 -0.212808)
(0 -0.0486901 -0.152577)
(0 -0.0603163 -0.137608)
(0 -0.0507434 -0.139479)
(0 -0.0328553 -0.142969)
(0 -0.0316365 -0.143006)
(0 -0.0534116 -0.197897)
(0 -0.0568881 -0.178375)
(0 -0.0691231 -0.201421)
(0 -0.0604604 -0.171451)
(0 -0.0595583 -0.16645)
(0 -0.0736884 -0.197235)
(0 -0.08727 -0.143023)
(0 -0.0779313 -0.177641)
(0 -0.0569948 -0.201923)
(0 -0.0603686 -0.20773)
(0 -0.0984909 -0.327429)
(0 -0.151207 -0.412078)
(0 -0.221711 -0.439334)
(0 -0.354576 -0.437695)
(0 -0.472533 -0.514187)
(0 -0.278491 -0.464004)
(0 -0.195019 -0.543188)
(0 -0.0890336 -0.515005)
(0 0.0529372 -0.467001)
(0 0.104844 -0.466367)
(0 0.0257926 -0.132564)
(0 0.0359455 -0.143452)
(0 0.0328721 -0.171748)
(0 0.0740151 -0.218195)
(0 0.0630472 -0.214865)
(0 -0.00987671 -0.217204)
(0 -0.0299817 -0.220529)
(0 -0.022979 -0.154022)
(0 -0.045718 -0.163128)
(0 -0.0481461 -0.162482)
(0 -0.0530902 -0.200648)
(0 -0.0557661 -0.202415)
(0 -0.044322 -0.148952)
(0 -0.0525993 -0.135585)
(0 -0.0476831 -0.132195)
(0 -0.0301668 -0.135702)
(0 -0.0322908 -0.137551)
(0 -0.0536805 -0.18829)
(0 -0.0575938 -0.175337)
(0 -0.065732 -0.188614)
(0 -0.0572818 -0.160132)
(0 -0.059295 -0.159645)
(0 -0.0709471 -0.18314)
(0 -0.0869061 -0.146293)
(0 -0.0900028 -0.162716)
(0 -0.0678802 -0.185452)
(0 -0.0775609 -0.196554)
(0 -0.123398 -0.303263)
(0 -0.17752 -0.373085)
(0 -0.237317 -0.403657)
(0 -0.370653 -0.406973)
(0 -0.415024 -0.433016)
(0 -0.256435 -0.436181)
(0 -0.181808 -0.449572)
(0 -0.0831252 -0.422648)
(0 0.0479987 -0.37913)
(0 0.0739075 -0.379983)
(0 0.0190377 -0.127358)
(0 0.0216624 -0.136925)
(0 0.028143 -0.17233)
(0 0.0434431 -0.195287)
(0 0.048704 -0.209566)
(0 -0.00150035 -0.22236)
(0 -0.0138273 -0.216959)
(0 -0.0216592 -0.160773)
(0 -0.034108 -0.162925)
(0 -0.0417533 -0.1627)
(0 -0.0475296 -0.193358)
(0 -0.0458586 -0.186693)
(0 -0.0401511 -0.145498)
(0 -0.0422655 -0.135941)
(0 -0.0412578 -0.128887)
(0 -0.0295232 -0.130663)
(0 -0.0335916 -0.13452)
(0 -0.0538653 -0.178963)
(0 -0.0589291 -0.178353)
(0 -0.064775 -0.183947)
(0 -0.0566554 -0.154293)
(0 -0.0611912 -0.158911)
(0 -0.0682384 -0.169755)
(0 -0.0890832 -0.165882)
(0 -0.0973005 -0.16592)
(0 -0.0817902 -0.176842)
(0 -0.095919 -0.193985)
(0 -0.148483 -0.28252)
(0 -0.200902 -0.327133)
(0 -0.258252 -0.364313)
(0 -0.33145 -0.351267)
(0 -0.318328 -0.348314)
(0 -0.251571 -0.371718)
(0 -0.158246 -0.353523)
(0 -0.0738615 -0.334748)
(0 0.0256614 -0.301309)
(0 0.0302935 -0.299603)
(0 -0.0233087 -0.111819)
(0 -0.0215917 -0.120577)
(0 -0.0128807 -0.127026)
(0 -0.00584567 -0.174199)
(0 -0.00178672 -0.187447)
(0 0.0366646 -0.20509)
(0 0.0253262 -0.198966)
(0 0.00517271 -0.188695)
(0 -0.0150101 -0.157507)
(0 -0.0224228 -0.156842)
(0 -0.0310681 -0.182)
(0 -0.0295732 -0.175507)
(0 -0.0193192 -0.138652)
(0 -0.0140634 -0.12974)
(0 -0.0134165 -0.122776)
(0 -0.0310988 -0.125943)
(0 -0.0351632 -0.129782)
(0 -0.0522245 -0.155185)
(0 -0.0579122 -0.163523)
(0 -0.0632479 -0.16886)
(0 -0.0588372 -0.153977)
(0 -0.0634047 -0.15861)
(0 -0.0788354 -0.189459)
(0 -0.0881911 -0.205911)
(0 -0.0966872 -0.205689)
(0 -0.117662 -0.152733)
(0 -0.133146 -0.169514)
(0 -0.137162 -0.184854)
(0 -0.209478 -0.250937)
(0 -0.264945 -0.28565)
(0 -0.281672 -0.259864)
(0 -0.269427 -0.257123)
(0 -0.23343 -0.267574)
(0 -0.13787 -0.233919)
(0 -0.0631412 -0.215604)
(0 0.0197685 -0.197571)
(0 0.0236992 -0.19611)
(0 -0.0314605 -0.102233)
(0 -0.03973 -0.111176)
(0 -0.0186721 -0.108884)
(0 -0.0229663 -0.168442)
(0 -0.0132105 -0.174493)
(0 0.0442687 -0.199239)
(0 0.0473542 -0.207605)
(0 0.00696631 -0.184361)
(0 -0.0105959 -0.149382)
(0 -0.0184339 -0.149291)
(0 -0.0260312 -0.178664)
(0 -0.0234544 -0.176342)
(0 -0.0157653 -0.132027)
(0 -0.00261607 -0.121018)
(0 -0.00748885 -0.116531)
(0 -0.0304381 -0.122789)
(0 -0.0345456 -0.127188)
(0 -0.054728 -0.150768)
(0 -0.0617947 -0.165466)
(0 -0.067822 -0.167098)
(0 -0.0610009 -0.151795)
(0 -0.0634007 -0.159255)
(0 -0.0669901 -0.152826)
(0 -0.0899328 -0.233766)
(0 -0.0917901 -0.211568)
(0 -0.117831 -0.137004)
(0 -0.147211 -0.150571)
(0 -0.126358 -0.159211)
(0 -0.209982 -0.229453)
(0 -0.255459 -0.251239)
(0 -0.277544 -0.217891)
(0 -0.281181 -0.216072)
(0 -0.206641 -0.207865)
(0 -0.12316 -0.172011)
(0 -0.0561247 -0.155051)
(0 0.0298579 -0.142178)
(0 0.0441843 -0.143683)
(7.9648e-21 -0.0303712 -0.0930252)
(0 -0.0506197 -0.101295)
(0 -0.0180586 -0.116291)
(0 -0.034431 -0.156247)
(0 -0.0175205 -0.156644)
(0 0.0373676 -0.179246)
(0 0.0598294 -0.210778)
(0 -0.00601336 -0.152825)
(0 -0.00777434 -0.143589)
(0 -0.0153828 -0.142783)
(0 -0.0223536 -0.171384)
(0 -0.0184078 -0.173144)
(0 -0.012419 -0.125664)
(0 0.00392976 -0.114517)
(0 -0.0070104 -0.112934)
(0 -0.0296918 -0.119092)
(0 -0.0352174 -0.123928)
(0 -0.0447702 -0.12538)
(0 -0.0650852 -0.164213)
(0 -0.072967 -0.161813)
(0 -0.0653368 -0.147057)
(0 -0.0630464 -0.156143)
(0 -0.0661937 -0.146285)
(0 -0.0903795 -0.244154)
(0 -0.0804818 -0.196975)
(0 -0.10626 -0.124782)
(0 -0.149162 -0.131386)
(0 -0.11624 -0.136065)
(0 -0.203488 -0.20513)
(0 -0.236843 -0.209233)
(0 -0.258609 -0.179805)
(0 -0.274606 -0.172618)
(0 -0.18235 -0.156912)
(0 -0.107108 -0.123931)
(0 -0.048976 -0.107256)
(0 0.0268883 -0.0970914)
(0 0.0483649 -0.103382)
(0 -0.0293631 -0.0844766)
(0 -0.0437475 -0.0862394)
(0 -0.0228772 -0.100796)
(0 -0.0333531 -0.131455)
(0 -0.0212481 -0.140213)
(0 0.0311456 -0.160668)
(0 0.0457788 -0.19111)
(0 -0.00457337 -0.148994)
(0 -0.0070092 -0.140568)
(0 -0.012499 -0.136511)
(0 -0.0188453 -0.164339)
(0 -0.0157949 -0.161923)
(0 -0.0172854 -0.144286)
(0 0.0015205 -0.110807)
(0 -0.00654403 -0.109414)
(0 -0.0289577 -0.115473)
(0 -0.037016 -0.119514)
(0 -0.0467128 -0.121777)
(0 -0.0681998 -0.156238)
(0 -0.078147 -0.15686)
(0 -0.0697054 -0.142653)
(0 -0.0644887 -0.146796)
(0 -0.0653845 -0.139964)
(0 -0.0831826 -0.213481)
(0 -0.0699465 -0.183149)
(0 -0.0955295 -0.113265)
(0 -0.124427 -0.112825)
(0 -0.106519 -0.115181)
(0 -0.182216 -0.169623)
(0 -0.219551 -0.171816)
(0 -0.241336 -0.146034)
(0 -0.234047 -0.128294)
(0 -0.160923 -0.114297)
(0 -0.0903307 -0.0880108)
(0 -0.0422338 -0.0709104)
(0 0.0237645 -0.0635135)
(0 0.0328625 -0.0685218)
(0 -0.0232357 -0.0736511)
(0 -0.0299377 -0.0711817)
(0 -0.0268442 -0.087526)
(0 -0.0264655 -0.104317)
(0 -0.0200757 -0.118344)
(0 0.0176621 -0.138823)
(0 0.0208244 -0.160453)
(0 -0.00318109 -0.145243)
(0 -0.00691046 -0.138265)
(0 -0.011045 -0.132349)
(0 -0.0164716 -0.153577)
(0 -0.0145247 -0.147429)
(0 -0.0137866 -0.137859)
(0 -0.00563249 -0.109278)
(0 -0.00985934 -0.107231)
(0 -0.029414 -0.111251)
(0 -0.0386313 -0.114729)
(0 -0.0486354 -0.118336)
(0 -0.0717074 -0.14534)
(0 -0.0825625 -0.149222)
(0 -0.0736714 -0.135296)
(0 -0.0679639 -0.135669)
(0 -0.0645643 -0.133862)
(0 -0.0703683 -0.166808)
(0 -0.0594487 -0.15513)
(0 -0.0771931 -0.100841)
(0 -0.0918118 -0.0976138)
(0 -0.0975376 -0.0967524)
(0 -0.155091 -0.130549)
(0 -0.196766 -0.135563)
(0 -0.207549 -0.111105)
(0 -0.184464 -0.0916338)
(0 -0.142869 -0.0792846)
(0 -0.0759104 -0.0607196)
(0 -0.0350978 -0.0468523)
(0 0.0166216 -0.0409941)
(0 0.0176742 -0.0433008)
(0 -0.00666546 -0.0657199)
(0 -0.0144819 -0.0623222)
(0 -0.0219791 -0.0337351)
(0 -0.0167314 -0.0264827)
(0 -0.0134714 -0.034851)
(0 -0.0138343 -0.103917)
(0 -0.0125567 -0.122119)
(0 -0.011441 -0.135979)
(0 -0.0152266 -0.171728)
(0 -0.0209293 -0.164814)
(0 -0.0140023 -0.111149)
(0 -0.0124223 -0.105923)
(0 -0.0125668 -0.121841)
(0 -0.0188268 -0.120756)
(0 -0.0239855 -0.118683)
(0 -0.0395584 -0.101107)
(0 -0.0489155 -0.10487)
(0 -0.0545097 -0.106298)
(0 -0.0795212 -0.126511)
(0 -0.0904728 -0.130458)
(0 -0.105859 -0.114703)
(0 -0.0995786 -0.114626)
(0 -0.0791317 -0.108745)
(0 -0.0386714 -0.107647)
(0 -0.0296083 -0.0978932)
(0 -0.0163792 -0.0885493)
(0 -0.0294253 -0.0827612)
(0 -0.0802842 -0.0643278)
(0 -0.108484 -0.064398)
(0 -0.143892 -0.0689318)
(0 -0.181808 -0.0600026)
(0 -0.160835 -0.0437172)
(0 -0.135833 -0.017571)
(0 -0.0752194 0.00204648)
(0 -0.0310002 0.00873652)
(0 0.0159714 0.00271782)
(0 0.0166105 0.00166591)
(0 -0.00604365 -0.0616523)
(0 -0.0127728 -0.0556747)
(0 -0.0212002 -0.0323146)
(0 -0.0125102 -0.00599979)
(0 -0.0157358 -0.0193685)
(0 -0.0231514 -0.10406)
(0 -0.0193259 -0.126291)
(0 -0.0193995 -0.127749)
(0 -0.0211186 -0.168398)
(0 -0.0212511 -0.158632)
(0 -0.0122961 -0.10179)
(0 -0.0124839 -0.0948981)
(0 -0.0107858 -0.114518)
(0 -0.0189549 -0.115969)
(0 -0.0233057 -0.112743)
(0 -0.0411139 -0.0957384)
(0 -0.0541735 -0.101028)
(0 -0.0623725 -0.111521)
(0 -0.0807749 -0.117863)
(0 -0.0873613 -0.119153)
(0 -0.114068 -0.106029)
(0 -0.124246 -0.110002)
(0 -0.0482074 -0.102921)
(0 -0.0196879 -0.0838764)
(0 -0.0174291 -0.07928)
(0 0.000581332 -0.0723049)
(0 -0.000342143 -0.063504)
(0 -0.0462015 -0.0724694)
(0 -0.0948962 -0.0455319)
(0 -0.122752 -0.0507108)
(0 -0.173024 -0.0442719)
(0 -0.174337 -0.0291146)
(0 -0.103684 -0.0131871)
(0 -0.0768446 0.0317897)
(0 -0.0317939 0.0234271)
(0 0.0181236 0.00585245)
(0 0.02349 0.00593521)
(0 -0.0060061 -0.0605299)
(0 -0.0116484 -0.0518385)
(0 -0.021358 -0.0593326)
(0 -0.0111184 -0.00157196)
(0 -0.0244009 -0.0200159)
(0 -0.0363236 -0.102286)
(0 -0.0266648 -0.125014)
(0 -0.0339883 -0.156613)
(0 -0.029474 -0.162257)
(0 -0.0163711 -0.149698)
(0 -0.00910355 -0.0950023)
(0 -0.0116923 -0.0866966)
(0 -0.00719183 -0.0903373)
(0 -0.0179944 -0.110075)
(0 -0.0219852 -0.105809)
(0 -0.0394041 -0.0896159)
(0 -0.0548558 -0.0947655)
(0 -0.0584072 -0.101668)
(0 -0.0789655 -0.108724)
(0 -0.0801799 -0.106082)
(0 -0.106143 -0.0941166)
(0 -0.132587 -0.099615)
(0 -0.0640277 -0.0759592)
(0 -0.010103 -0.0667118)
(0 -0.0118531 -0.0663816)
(0 0.00488429 -0.0603424)
(0 0.0127307 -0.0536187)
(0 -0.0576626 -0.0431987)
(0 -0.082299 -0.0334639)
(0 -0.0989206 -0.0373812)
(0 -0.145327 -0.0306615)
(0 -0.168996 -0.012722)
(0 -0.0905981 0.0181535)
(0 -0.0748264 0.0560348)
(0 -0.0340786 0.0380507)
(0 0.0200773 0.0117442)
(0 0.0322417 0.0143189)
(0 -0.00597526 -0.0593947)
(0 -0.011686 -0.0529305)
(0 -0.0197037 -0.0295023)
(0 -0.0150549 -0.00560785)
(0 -0.0365854 -0.0215542)
(0 -0.0513152 -0.102499)
(0 -0.0375189 -0.115157)
(0 -0.0445206 -0.148841)
(0 -0.0344939 -0.150484)
(0 -0.0117855 -0.141166)
(0 -0.00618558 -0.0886164)
(0 -0.00875522 -0.0826354)
(0 -0.00592043 -0.0843808)
(0 -0.0154701 -0.102043)
(0 -0.0206848 -0.0991869)
(0 -0.0377662 -0.0837461)
(0 -0.0474782 -0.0847928)
(0 -0.0546052 -0.0924113)
(0 -0.0704266 -0.0968222)
(0 -0.0733526 -0.094003)
(0 -0.098669 -0.0831335)
(0 -0.104131 -0.080032)
(0 -0.0575668 -0.0625757)
(0 -0.0101878 -0.0564755)
(0 -0.00724058 -0.055152)
(0 0.00834161 -0.0500376)
(0 0.00947172 -0.0462305)
(0 -0.0237139 -0.0514263)
(0 -0.0664924 -0.0275707)
(0 -0.0785147 -0.0266187)
(0 -0.121217 -0.0195)
(0 -0.126537 -0.000786523)
(0 -0.0744166 0.0316369)
(0 -0.0615644 0.0622537)
(0 -0.0369484 0.05825)
(0 0.0229543 0.0230849)
(0 0.028249 0.0210374)
(0 -0.00622089 -0.0608556)
(0 -0.0124792 -0.0566925)
(0 -0.0189866 -0.028156)
(0 -0.0291721 -0.0241403)
(0 -0.0561264 -0.0362656)
(0 -0.0686176 -0.0998152)
(0 -0.0521944 -0.105019)
(0 -0.0550584 -0.142053)
(0 -0.0337836 -0.136257)
(0 -0.0098497 -0.130131)
(0 -0.00269052 -0.0847131)
(0 -0.00453387 -0.0807146)
(0 -0.00478048 -0.0787551)
(0 -0.0125822 -0.0933834)
(0 -0.0184645 -0.0917202)
(0 -0.0327847 -0.0760442)
(0 -0.0378921 -0.0745241)
(0 -0.0510106 -0.0837709)
(0 -0.0590846 -0.0837845)
(0 -0.0642999 -0.0820494)
(0 -0.0770821 -0.067876)
(0 -0.0683559 -0.0603818)
(0 -0.0518488 -0.0512903)
(0 -0.0137989 -0.0501077)
(0 -0.00703751 -0.0469764)
(0 0.00492638 -0.0424115)
(0 1.17461e-05 -0.0408537)
(0 -0.0147155 -0.0428697)
(0 -0.0503968 -0.0235835)
(0 -0.0605514 -0.0207023)
(0 -0.0870552 -0.0100646)
(0 -0.080337 0.00330103)
(0 -0.0622494 0.044281)
(0 -0.0475227 0.0597933)
(0 -0.0324199 0.0700506)
(0 0.0196085 0.03636)
(0 0.019475 0.0284777)
(0 0.0266965 -0.0635931)
(0 0.021334 -0.0585274)
(0 -0.0605723 -0.0846065)
(0 -0.112112 -0.107356)
(0 -0.159033 -0.126131)
(0 -0.196882 -0.120816)
(0 -0.167199 -0.127918)
(0 -0.0258471 -0.0935012)
(0 0.000326482 -0.0844307)
(0 0.014928 -0.0810752)
(0 0.0148662 -0.107462)
(0 0.0119225 -0.102395)
(0 0.00702814 -0.0975717)
(0 -0.00107852 -0.0642529)
(0 -0.00524517 -0.0627758)
(0 -0.0150497 -0.0591251)
(0 -0.0194469 -0.0574651)
(0 -0.0413858 -0.0763832)
(0 -0.0435087 -0.0700409)
(0 -0.0490079 -0.0679556)
(0 -0.0250945 -0.0438708)
(0 -0.0190175 -0.0377962)
(0 -0.0257502 -0.0347002)
(0 -0.0170735 -0.0266075)
(0 -0.0107994 -0.0236727)
(0 -0.0170619 -0.0282593)
(0 -0.0208249 -0.0281226)
(0 -0.0252783 -0.0287663)
(0 -0.0311449 -0.0236513)
(0 -0.0411933 -0.0197905)
(0 -0.0174405 -0.00338271)
(0 -0.0141913 0.00475734)
(0 -0.0148348 0.0155468)
(0 -0.020688 0.0979519)
(0 -0.00441481 0.112234)
(0 -0.0042101 0.0603843)
(0 -0.00346657 0.0510877)
(0 0.0382337 -0.0746322)
(0 0.0421623 -0.0716427)
(0 0.0050753 -0.0682845)
(0 -0.171745 -0.146449)
(0 -0.190698 -0.147621)
(0 -0.244693 -0.13064)
(0 -0.265827 -0.1474)
(0 -0.0217288 -0.0840418)
(0 0.0154322 -0.0773182)
(0 0.0224575 -0.0773338)
(0 0.0188877 -0.103123)
(0 0.0189493 -0.0981598)
(0 0.00396085 -0.0640987)
(0 0.0025189 -0.0582982)
(0 -0.00202425 -0.0569842)
(0 -0.0114505 -0.0530615)
(0 -0.0146042 -0.0506696)
(0 -0.0217608 -0.0533524)
(0 -0.0327578 -0.0575621)
(0 -0.0401792 -0.0594012)
(0 -0.0175324 -0.0379379)
(0 -0.0101597 -0.0306934)
(0 -0.0227268 -0.0313458)
(0 -0.0136993 -0.0171256)
(0 -0.00963255 -0.01773)
(0 -0.0184213 -0.0276051)
(0 -0.0246327 -0.0295413)
(0 -0.0230688 -0.0285536)
(0 -0.0249094 -0.0214024)
(0 -0.0291029 -0.0195139)
(0 -0.00512161 -0.0038437)
(0 -0.0025769 0.000488813)
(0 -0.00350955 0.00795732)
(0 -0.0126019 0.144174)
(0 0.00206051 0.133248)
(0 -0.00455374 0.061234)
(0 -0.00507519 0.0569314)
(0 0.0397417 -0.0834214)
(0 0.058621 -0.0873111)
(0 -0.0667679 -0.113853)
(0 -0.211869 -0.179138)
(0 -0.18497 -0.148939)
(0 -0.237898 -0.131996)
(0 -0.322512 -0.150612)
(0 -0.0965151 -0.100221)
(0 0.022681 -0.0716778)
(0 0.0227641 -0.0740725)
(0 0.0196565 -0.0989038)
(0 0.0236706 -0.0942251)
(0 0.0124289 -0.0887981)
(0 0.004825 -0.0541523)
(0 0.000100132 -0.0521328)
(0 -0.0090157 -0.0481732)
(0 -0.0113053 -0.0457787)
(0 -0.0319539 -0.0655375)
(0 -0.0260631 -0.0497656)
(0 -0.0346647 -0.0552311)
(0 -0.0142162 -0.0349095)
(0 -0.00621449 -0.0267357)
(0 -0.0126494 -0.0291816)
(0 -0.0113543 -0.012601)
(0 -0.00966693 -0.0155678)
(0 -0.0181929 -0.0254615)
(0 -0.0258202 -0.0301232)
(0 -0.0195163 -0.0269635)
(0 -0.0211227 -0.0202654)
(0 -0.0172717 -0.0205551)
(0 -0.000435164 -0.00374437)
(0 0.000661647 -0.00147495)
(0 0.00514994 0.0506018)
(0 0.00662277 0.165923)
(0 0.00363302 0.126219)
(0 -0.00353783 0.0566662)
(0 -0.00589733 0.0584103)
(0 0.0412565 -0.0929598)
(0 0.0455708 -0.0947295)
(0 -0.0699466 -0.130752)
(0 -0.180185 -0.176022)
(0 -0.179303 -0.150306)
(0 -0.23134 -0.13331)
(0 -0.249186 -0.128639)
(0 -0.0920148 -0.08993)
(0 0.0168389 -0.0642435)
(0 0.0230388 -0.0709303)
(0 0.0203803 -0.0948152)
(0 0.0231054 -0.0900368)
(0 0.0069995 -0.0577758)
(0 0.0055478 -0.0516013)
(0 0.001943 -0.0477313)
(0 -0.00692249 -0.0437162)
(0 -0.00971894 -0.0428945)
(0 -0.0156343 -0.045415)
(0 -0.0243049 -0.0489014)
(0 -0.0295996 -0.0513385)
(0 -0.011277 -0.0320933)
(0 -0.0066066 -0.0260203)
(0 -0.0106371 -0.0267884)
(0 -0.0108428 -0.0132334)
(0 -0.00967104 -0.0136384)
(0 -0.0179688 -0.0235518)
(0 -0.0219062 -0.0279355)
(0 -0.0181564 -0.0267486)
(0 -0.0165908 -0.0217551)
(0 -0.00909327 -0.0233643)
(0 0.00243415 -0.00590702)
(0 0.00403172 -0.00155257)
(0 0.019133 0.0485577)
(0 0.023662 0.124826)
(0 0.00512012 0.119446)
(0 -0.00263293 0.0523703)
(0 -0.00441673 0.0502305)
(0 0.0290295 -0.10219)
(0 0.0197564 -0.103889)
(0 -0.073426 -0.149246)
(0 -0.120152 -0.151992)
(0 -0.144864 -0.139268)
(0 -0.173918 -0.119281)
(0 -0.143445 -0.101283)
(0 -0.0878795 -0.080377)
(0 0.0064546 -0.0592177)
(0 0.0169751 -0.0656047)
(0 0.0189799 -0.0906494)
(0 0.0196057 -0.0857666)
(0 0.00835373 -0.0549472)
(0 0.0056328 -0.0493964)
(0 0.00283462 -0.0446897)
(0 -0.00567415 -0.0406205)
(0 -0.0088742 -0.0407236)
(0 -0.0130382 -0.0418825)
(0 -0.024583 -0.0514883)
(0 -0.0273749 -0.0507613)
(0 -0.0114239 -0.0313579)
(0 -0.00897321 -0.026914)
(0 -0.00884193 -0.0246086)
(0 -0.0116224 -0.0166113)
(0 -0.0100146 -0.0143317)
(0 -0.0158631 -0.0212521)
(0 -0.0170892 -0.0244325)
(0 -0.0169098 -0.0266035)
(0 -0.0102572 -0.0265806)
(0 -0.000497569 -0.0302812)
(0 0.00990265 -0.0116445)
(0 0.0132372 -0.00385956)
(0 0.0398105 0.0470615)
(0 0.0276877 0.0725122)
(0 0.0101152 0.0874634)
(0 -0.00123361 0.0444503)
(0 -0.00224089 0.039007)
(5.71133e-21 -0.0248196 -0.12824)
(0 -0.0356923 -0.132464)
(0 -0.0266335 -0.139416)
(0 -0.0420015 -0.137714)
(0 -0.0596907 -0.124587)
(0 -0.0349622 -0.0576269)
(0 -0.017987 -0.0452269)
(0 -0.0190925 -0.0468779)
(0 -0.0169277 -0.05812)
(0 -0.00668518 -0.0625853)
(0 0.010306 -0.0621239)
(0 0.0105794 -0.0584691)
(0 0.0120158 -0.0533153)
(0 0.012027 -0.053392)
(0 0.00817034 -0.0479152)
(0 -0.0047232 -0.0316922)
(0 -0.00769507 -0.0317995)
(0 -0.0116022 -0.0338395)
(0 -0.0238335 -0.0544567)
(0 -0.0261552 -0.0538817)
(0 -0.0285294 -0.0340239)
(0 -0.0254598 -0.0293229)
(0 -0.00845939 -0.0274619)
(0 -0.00736624 -0.0265651)
(0 -0.00579244 -0.0240253)
(0 -0.00158453 -0.0117821)
(0 -0.00250365 -0.0152752)
(0 -0.00975399 -0.0238438)
(0 -4.70759e-05 -0.049122)
(0 0.00889621 -0.053833)
(0 0.0844968 -0.0572104)
(0 0.0909195 -0.0419209)
(0 0.076259 0.00437034)
(0 0.0532347 0.0125174)
(0 0.0380129 0.0190516)
(0 -0.0194985 0.0104476)
(0 -0.0197968 0.00673353)
(0 -0.0309439 -0.131919)
(0 -0.0508553 -0.149353)
(0 -0.0144118 -0.126134)
(0 -0.0243856 -0.153152)
(0 -0.0407815 -0.122069)
(0 -0.00999742 -0.0365214)
(0 0.00514615 -0.0218021)
(0 -0.0185439 -0.0422868)
(0 -0.0197518 -0.0611164)
(0 -0.00864972 -0.06099)
(0 0.00908792 -0.0590371)
(0 0.0103871 -0.0582548)
(0 0.0141578 -0.0500723)
(0 0.0144661 -0.0503357)
(0 0.00969536 -0.0449569)
(0 -0.00438716 -0.0284649)
(0 -0.00730454 -0.0277565)
(0 -0.0122046 -0.0324634)
(0 -0.0267923 -0.0617774)
(0 -0.0266009 -0.0561019)
(0 -0.0309515 -0.0345213)
(0 -0.0319424 -0.0321391)
(0 -0.00526631 -0.0256096)
(0 -0.00531933 -0.028446)
(0 -0.00512746 -0.0243546)
(0 -0.000112838 -0.0088803)
(0 0.000934487 -0.00958658)
(0 -0.0183098 -0.0248179)
(0 -0.00212464 -0.0670313)
(0 0.00971177 -0.0626232)
(0 0.117837 -0.079409)
(0 0.169153 -0.0798996)
(0 0.101981 -0.00471178)
(0 0.0735748 0.00769202)
(0 0.0452137 0.0117932)
(0 -0.0207064 0.00188265)
(0 -0.0279216 0.00140376)
(0 -0.0302369 -0.124589)
(0 -0.0521488 -0.150583)
(0 -0.0154348 -0.100318)
(0 -0.00879808 -0.155505)
(0 -0.0237949 -0.108133)
(0 0.000532897 -0.028456)
(0 0.0108469 -0.0145584)
(0 -0.0180078 -0.0380047)
(0 -0.0210309 -0.0603165)
(0 -0.0100695 -0.0556852)
(0 0.0070609 -0.0534687)
(0 0.0114771 -0.0562014)
(0 0.0162432 -0.047291)
(0 0.0170245 -0.0471984)
(0 0.0103368 -0.0422328)
(0 -0.00380907 -0.0264043)
(0 -0.00732804 -0.0253604)
(0 -0.0227085 -0.0473434)
(0 -0.0289475 -0.0646297)
(0 -0.0244915 -0.053551)
(0 -0.0290569 -0.0325493)
(0 -0.0332797 -0.032302)
(0 -0.00258489 -0.0241227)
(0 -0.00279261 -0.0287207)
(0 -0.00564933 -0.0233933)
(0 -0.000505665 -0.00825279)
(0 0.000451866 -0.00736243)
(0 -0.029171 -0.0262271)
(0 -0.00768724 -0.0773425)
(0 0.0108107 -0.0633278)
(0 0.120313 -0.0805627)
(0 0.247058 -0.120895)
(0 0.133981 -0.0173054)
(0 0.0996137 -0.000207056)
(0 0.0495852 0.00295418)
(0 -0.017646 -0.00296506)
(0 -0.0352916 -0.00370442)
(0 -0.0295942 -0.117578)
(0 -0.0318084 -0.12426)
(0 0.00556843 -0.104752)
(0 0.00120186 -0.127439)
(0 -0.00986129 -0.096612)
(0 0.00808579 -0.022808)
(0 0.00776438 -0.0155272)
(0 -0.0241298 -0.0427471)
(0 -0.0195481 -0.0522387)
(0 -0.0112795 -0.0508814)
(0 0.00534503 -0.0484076)
(0 0.0125749 -0.0501234)
(0 0.0258599 -0.0483764)
(0 0.0188594 -0.0439411)
(0 0.0109373 -0.0396958)
(0 -0.0033285 -0.0244909)
(0 -0.00758419 -0.0249481)
(0 -0.0236618 -0.0457672)
(0 -0.0273305 -0.0574188)
(0 -0.0224926 -0.0511087)
(0 -0.027282 -0.0306775)
(0 -0.0248841 -0.0275292)
(0 -0.0144739 -0.0198883)
(0 -0.0014273 -0.025588)
(0 -0.00616171 -0.0225022)
(0 -0.000901849 -0.00768851)
(0 -0.00667505 -0.00952357)
(0 -0.0340388 -0.0463358)
(0 -0.0124486 -0.0659171)
(0 0.0118041 -0.0640303)
(0 0.122954 -0.081749)
(0 0.236217 -0.116364)
(0 0.172237 -0.033669)
(0 0.119946 -0.014216)
(0 0.0570105 -0.0066525)
(0 -0.016888 -0.00489387)
(0 -0.025588 -0.00708816)
(3.95611e-28 -0.0189728 -0.0991674)
(1.42519e-37 -0.011846 -0.094673)
(0 0.0140939 -0.0966534)
(0 0.00685627 -0.0917177)
(0 -0.000863827 -0.0770148)
(0 0.00765812 -0.0241806)
(0 0.000178897 -0.022733)
(0 -0.0235324 -0.0398618)
(0 -0.0171387 -0.0423633)
(0 -0.0111908 -0.0436405)
(0 0.00495394 -0.0422376)
(0 0.0123146 -0.0426634)
(0 0.0290664 -0.0456089)
(0 0.0197593 -0.0408737)
(0 0.0116548 -0.0369769)
(0 -0.0031178 -0.0237371)
(0 -0.0076491 -0.0252261)
(0 -0.0246249 -0.0442799)
(0 -0.0233196 -0.0465699)
(0 -0.01984 -0.0448916)
(0 -0.0214748 -0.0266468)
(0 -0.017086 -0.0224288)
(0 -0.0133266 -0.0194951)
(0 -0.00147705 -0.0213828)
(0 -0.00612094 -0.0202997)
(0 -0.00615456 -0.0095432)
(0 -0.0238945 -0.0157218)
(0 -0.047985 -0.0480721)
(0 -0.012764 -0.0489755)
(0 0.00861474 -0.0541274)
(0 0.103632 -0.0690943)
(0 0.172999 -0.0840479)
(0 0.21672 -0.0539234)
(0 0.133325 -0.0335944)
(0 0.0665873 -0.019386)
(0 -0.0115673 -0.0107566)
(0 -0.0164712 -0.00851362)
(-3.95611e-28 0.0373417 -0.0671909)
(0 0.0452909 -0.0651054)
(0 0.0437715 -0.0627657)
(0 0.0367618 -0.0300953)
(0 0.0298351 -0.020026)
(0 -0.0342924 -0.026708)
(0 -0.0424 -0.0279312)
(0 -0.0430047 -0.0259729)
(0 -0.0405315 -0.0318789)
(0 -0.0314905 -0.0326877)
(0 0.0232326 -0.023412)
(0 0.0309888 -0.0252222)
(0 0.0439362 -0.0357955)
(0 0.0405937 -0.0341348)
(0 0.0311021 -0.0297583)
(0 -0.0144337 -0.0210805)
(0 -0.0194994 -0.0232608)
(0 -0.0252789 -0.0298807)
(0 -0.023804 -0.0288834)
(0 -0.0204854 -0.0273427)
(0 0.013879 -0.0146067)
(0 0.0161985 -0.0126571)
(0 0.0164817 -0.0113275)
(0 0.0196303 -0.00748378)
(0 0.0157215 -0.00566537)
(0 -0.0726368 -0.0164038)
(0 -0.102349 -0.0244732)
(0 -0.109333 -0.0228161)
(0 -0.0907151 -0.0227596)
(0 -0.0590445 -0.0176141)
(0 0.115491 -0.0392092)
(0 0.188746 -0.0510987)
(0 0.275119 -0.0917074)
(0 0.217907 -0.094035)
(0 0.13103 -0.0724536)
(0 0.00314725 -0.0314624)
(0 -0.00402549 -0.0279727)
(0 0.0451169 -0.052042)
(0 0.0669441 -0.0549972)
(0 0.0436671 -0.0495198)
(0 0.051513 -0.0231882)
(0 0.0337139 -0.015718)
(0 -0.0412138 -0.0271006)
(0 -0.0664565 -0.0330321)
(0 -0.0432391 -0.0267056)
(0 -0.0565668 -0.0313437)
(0 -0.0361325 -0.0283056)
(0 0.0256085 -0.0194336)
(0 0.0414305 -0.023911)
(0 0.0415547 -0.0303651)
(0 0.0555864 -0.0351879)
(0 0.0360503 -0.0287092)
(0 -0.0160475 -0.0198484)
(0 -0.0252361 -0.0237821)
(0 -0.0231036 -0.0257544)
(0 -0.0258659 -0.0260799)
(0 -0.0197527 -0.0234901)
(0 0.0162623 -0.0124728)
(0 0.0224673 -0.0130101)
(0 0.0219993 -0.00888934)
(0 0.0318637 -0.00628286)
(0 0.0185718 -0.00466256)
(0 -0.0943426 -0.0175104)
(0 -0.16508 -0.0277382)
(0 -0.112515 -0.023616)
(0 -0.193607 -0.0248479)
(0 -0.0779416 -0.0166874)
(0 0.133915 -0.0316571)
(0 0.275692 -0.0469424)
(0 0.205443 -0.0482193)
(0 0.298315 -0.136177)
(0 0.15896 -0.0905466)
(0 -0.000165331 -0.033856)
(0 -0.0100373 -0.0336434)
(0 0.0418742 -0.0380519)
(0 0.0810894 -0.0456802)
(0 0.0373059 -0.0235918)
(0 0.0636929 -0.0166472)
(0 0.0324524 -0.0134089)
(0 -0.0407341 -0.024473)
(0 -0.0831871 -0.0337501)
(0 -0.041772 -0.0211617)
(0 -0.0665367 -0.0290982)
(0 -0.0341742 -0.0221075)
(0 0.0244382 -0.0153752)
(0 0.0473926 -0.021265)
(0 0.0316804 -0.0187645)
(0 0.0634047 -0.0328776)
(0 0.0352957 -0.0263723)
(0 -0.0157711 -0.0182804)
(0 -0.0277894 -0.022632)
(0 -0.0211123 -0.0221004)
(0 -0.0258533 -0.0229673)
(0 -0.0168454 -0.019253)
(0 0.0166281 -0.0107241)
(0 0.0284789 -0.012788)
(0 0.0172205 -0.00984558)
(0 0.0429462 -0.00401385)
(0 0.0182706 -0.00451886)
(0 -0.0951811 -0.0172584)
(0 -0.205974 -0.02471)
(0 -0.110555 -0.0138136)
(0 -0.273714 -0.0169744)
(0 -0.0829045 -0.0100942)
(0 0.119566 -0.0182286)
(0 0.312304 -0.0373622)
(0 0.217402 -0.068199)
(0 0.326662 -0.152082)
(0 0.15949 -0.0941061)
(0 4.10846e-05 -0.0356857)
(0 -0.0144565 -0.0384975)
(0 0.0391085 -0.0274038)
(0 0.0654877 -0.0328352)
(0 0.0366518 -0.0170271)
(0 0.0519394 -0.0123902)
(0 0.0313164 -0.0114466)
(0 -0.0403234 -0.0221412)
(0 -0.0655193 -0.0267234)
(0 -0.0423619 -0.020683)
(0 -0.0547941 -0.0227535)
(0 -0.0325639 -0.0171084)
(0 0.023501 -0.0125168)
(0 0.0377331 -0.0162815)
(0 0.0299355 -0.0157635)
(0 0.0513492 -0.0260872)
(0 0.0345817 -0.0242005)
(0 -0.0154931 -0.0168956)
(0 -0.0220629 -0.018701)
(0 -0.0193093 -0.0189151)
(0 -0.0210111 -0.0187259)
(0 -0.0144429 -0.0158007)
(0 0.0170961 -0.00953904)
(0 0.0247364 -0.0108549)
(0 0.0239067 -0.00638324)
(0 0.0345051 -0.003821)
(0 0.0181199 -0.00436187)
(0 -0.0961538 -0.0170208)
(0 -0.1683 -0.0167682)
(0 -0.111538 -0.00939265)
(0 -0.204566 -0.00630093)
(0 -0.090592 -0.00261158)
(0 0.108037 -0.00752822)
(0 0.222739 -0.023091)
(0 0.191696 -0.0580414)
(0 0.251605 -0.115601)
(0 0.160022 -0.0977247)
(0 0.000241164 -0.0376235)
(0 -0.0103696 -0.0364042)
(0 0.0303578 -0.0189845)
(0 0.0409686 -0.0214929)
(0 0.0365956 -0.0121472)
(0 0.0335613 -0.0104119)
(0 0.0263832 -0.00940916)
(0 -0.0326826 -0.0175746)
(0 -0.040364 -0.0186248)
(0 -0.0421348 -0.0179918)
(0 -0.0366211 -0.0158187)
(0 -0.0264439 -0.012805)
(0 0.0201707 -0.0102843)
(0 0.0253199 -0.0118663)
(0 0.0284899 -0.0133278)
(0 0.0345238 -0.0195091)
(0 0.0282156 -0.0201218)
(0 -0.0136644 -0.0148164)
(0 -0.0156736 -0.0148849)
(0 -0.017702 -0.016191)
(0 -0.0150648 -0.0146645)
(0 -0.0116131 -0.0129364)
(0 0.0155496 -0.00830046)
(0 0.0181147 -0.00879436)
(0 0.0251261 -0.00519837)
(0 0.0211944 -0.00447269)
(0 0.0155365 -0.00465555)
(0 -0.0753229 -0.0137439)
(0 -0.106289 -0.0108631)
(0 -0.11302 -0.00493394)
(0 -0.104193 -0.00013146)
(0 -0.0694866 0.000794478)
(0 0.0748702 -0.00310676)
(0 0.115608 -0.0107694)
(0 0.168219 -0.0490527)
(0 0.157217 -0.0705504)
(0 0.123171 -0.0780302)
(0 0.00437952 -0.0381454)
(0 -0.00364993 -0.0329466)
)


// ************************************************************************* //
