/*--------------------------------*- C++ -*----------------------------------*\
| =========                 |                                                 |
| \\      /  F ield         | OpenFOAM: The Open Source CFD Toolbox           |
|  \\    /   O peration     | Version:  2.2.x                                 |
|   \\  /    A nd           | Web:      www.OpenFOAM.org                      |
|    \\/     M anipulation  |                                                 |
\*---------------------------------------------------------------------------*/
FoamFile
{
    version     2.0;
    format      ascii;
    class       volVectorField;
    location    "0.0002";
    object      U2;
}
// * * * * * * * * * * * * * * * * * * * * * * * * * * * * * * * * * * * * * //

dimensions      [0 1 -1 0 0 0 0];

internalField   nonuniform List<vector> 
4700
(
(0 0 0)
(0 0 0)
(0 0 0)
(0 0 0)
(0 0 0)
(0 0 0)
(0 0 0)
(0 0 0)
(0 0 0)
(0 0 0)
(0 0 0)
(0 0 0)
(0 0 0)
(0 0 0)
(0 0 0)
(0 0 0)
(0 0 0)
(0 0 0)
(0 0 0)
(0 0 0)
(0 0 0)
(0 0 0)
(0 0 0)
(0 0 0)
(0 0 0)
(0 0 0)
(0 0 0)
(0 0 0)
(0 0 0)
(0 0 0)
(0 0 0)
(0 0 0)
(0 0 0)
(0 0 0)
(0 0 0)
(0 0 0)
(0 0 0)
(0 0 0)
(0 0 0)
(0 0 0)
(0 0 0)
(0 0 0)
(0 0 0)
(0 0 0)
(0 0 0)
(0 0 0)
(0 0 0)
(0 0 0)
(0 0 0)
(0 0 0)
(0 0 0)
(0 0 0)
(0 0 0)
(0 0 0)
(0 0 0)
(0 0 0)
(0 0 0)
(0 0 0)
(0 0 0)
(0 0 0)
(0 0 0)
(0 0 0)
(0 0 0)
(0 0 0)
(0 0 0)
(0 0 0)
(0 0 0)
(0 0 0)
(0 0 0)
(0 0 0)
(0 0 0)
(0 0 0)
(0 0 0)
(0 0 0)
(0 0 0)
(0 0 0)
(0 0 0)
(0 0 0)
(0 0 0)
(0 0 0)
(0 0 0)
(0 0 0)
(0 0 0)
(0 0 0)
(0 0 0)
(0 0 0)
(0 0 0)
(0 0 0)
(0 0 0)
(0 0 0)
(0 0 0)
(0 0 0)
(0 0 0)
(0 0 0)
(0 0 0)
(0 0 0)
(0 0 0)
(0 0 0)
(0 0 0)
(0 0 0)
(0 0 0)
(0 0 0)
(0 0 0)
(0 0 0)
(0 0 0)
(0 0 0)
(0 0 0)
(0 0 0)
(0 0 0)
(0 0 0)
(0 0 0)
(0 0 0)
(0 0 0)
(0 0 0)
(0 0 0)
(0 0 0)
(0 0 0)
(0 0 0)
(0 0 0)
(0 0 0)
(0 0 0)
(0 0 0)
(0 0 0)
(0 0 0)
(0 0 0)
(0 0 0)
(0 0 0)
(0 0 0)
(0 0 0)
(0 0 0)
(0 0 0)
(0 0 0)
(0 0 0)
(0 0 0)
(0 0 0)
(0 0 0)
(0 0 0)
(0 0 0)
(0 0 0)
(0 0 0)
(0 0 0)
(0 0 0)
(0 0 0)
(0 0 0)
(0 0 0)
(0 0 0)
(0 0 0)
(0 0 0)
(0 0 0)
(0 0 0)
(0 0 0)
(0 0 0)
(0 0 0)
(0 0 0)
(0 0 0)
(0 0 0)
(0 0 0)
(0 0 0)
(0 0 0)
(0 0 0)
(0 0 0)
(0 0 0)
(0 0 0)
(0 0 0)
(0 0 0)
(0 0 0)
(0 0 0)
(0 0 0)
(0 0 0)
(0 0 0)
(0 0 0)
(0 0 0)
(0 0 0)
(0 0 0)
(0 0 0)
(0 0 0)
(0 0 0)
(0 0 0)
(0 0 0)
(0 0 0)
(0 0 0)
(0 0 0)
(0 0 0)
(0 0 0)
(0 0 0)
(0 0 0)
(0 0 0)
(0 0 0)
(0 0 0)
(0 0 0)
(0 0 0)
(0 0 0)
(0 0 0)
(0 0 0)
(0 0 0)
(0 0 0)
(0 0 0)
(0 0 0)
(0 0 0)
(0 0 0)
(0 0 0)
(0 0 0)
(0 0 0)
(0 0 0)
(0 0 0)
(0 0 0)
(0 0 0)
(0 0 0)
(0 0 0)
(0 0 0)
(0 0 0)
(0 0 0)
(0 0 0)
(0 0 0)
(0 0 0)
(0 0 0)
(0 0 0)
(0 0 0)
(0 0 0)
(0 0 0)
(0 0 0)
(0 0 0)
(0 0 0)
(0 0 0)
(0 0 0)
(0 0 0)
(0 0 0)
(0 0 0)
(0 0 0)
(0 0 0)
(0 0 0)
(0 0 0)
(0 0 0)
(0 0 0)
(0 0 0)
(0 0 0)
(0 0 0)
(0 0 0)
(0 0 0)
(0 0 0)
(0 0 0)
(0 0 0)
(0 0 0)
(0 0 0)
(0 0 0)
(0 0 0)
(0 0 0)
(0 0 0)
(0 0 0)
(0 0 0)
(0 0 0)
(0 0 0)
(0 0 0)
(0 0 0)
(0 0 0)
(0 0 0)
(0 0 0)
(0 0 0)
(0 0 0)
(0 0 0)
(0 0 0)
(0 0 0)
(0 0 0)
(0 0 0)
(0 0 0)
(0 0 0)
(0 0 0)
(0 0 0)
(0 0 0)
(0 0 0)
(0 0 0)
(0 0 0)
(0 0 0)
(0 0 0)
(0 0 0)
(0 0 0)
(0 0 0)
(0 0 0)
(0 0 0)
(0 0 0)
(0 0 0)
(0 0 0)
(0 0 0)
(0 0 0)
(0 0 0)
(0 0 0)
(0 0 0)
(0 0 0)
(0 0 0)
(0 0 0)
(0 0 0)
(0 0 0)
(0 0 0)
(0 0 0)
(0 0 0)
(0 0 0)
(0 0 0)
(0 0 0)
(0 0 0)
(0 0 0)
(0 0 0)
(0 0 0)
(0 0 0)
(0 0 0)
(0 0 0)
(0 0 0)
(0 0 0)
(0 0 0)
(0 0 0)
(0 0 0)
(0 0 0)
(0 0 0)
(0 0 0)
(0 0 0)
(0 0 0)
(0 0 0)
(0 0 0)
(0 0 0)
(0 0 0)
(0 0 0)
(0 0 0)
(0 0 0)
(0 0 0)
(0 0 0)
(0 0 0)
(0 0 0)
(0 0 0)
(0 0 0)
(0 0 0)
(0 0 0)
(0 0 0)
(0 0 0)
(0 0 0)
(0 0 0)
(0 0 0)
(0 0 0)
(0 0 0)
(0 0 0)
(0 0 0)
(0 0 0)
(0 0 0)
(0 0 0)
(0 0 0)
(0 0 0)
(0 0 0)
(0 0 0)
(0 0 0)
(0 0 0)
(0 0 0)
(0 0 0)
(0 0 0)
(0 0 0)
(0 0 0)
(0 0 0)
(0 0 0)
(0 0 0)
(0 0 0)
(0 0 0)
(0 0 0)
(0 0 0)
(0 0 0)
(0 0 0)
(0 0 0)
(0 0 0)
(0 0 0)
(0 0 0)
(0 0 0)
(0 0 0)
(0 0 0)
(0 0 0)
(0 0 0)
(0 0 0)
(0 0 0)
(0 0 0)
(0 0 0)
(0 0 0)
(0 0 0)
(0 0 0)
(0 0 0)
(0 0 0)
(0 0 0)
(0 0 0)
(0 0 0)
(0 0 0)
(0 0 0)
(0 0 0)
(0 0 0)
(0 0 0)
(0 0 0)
(0 0 0)
(0 0 0)
(0 0 0)
(0 0 0)
(0 0 0)
(0 0 0)
(0 0 0)
(0 0 0)
(0 0 0)
(0 0 0)
(0 0 0)
(0 0 0)
(0 0 0)
(0 0 0)
(0 0 0)
(0 0 0)
(0 0 0)
(0 0 0)
(0 0 0)
(0 0 0)
(0 0 0)
(0 0 0)
(0 0 0)
(0 0 0)
(0 0 0)
(0 0 0)
(0 0 0)
(0 0 0)
(0 0 0)
(0 0 0)
(0 0 0)
(0 0 0)
(0 0 0)
(0 0 0)
(0 0 0)
(0 0 0)
(0 0 0)
(0 0 0)
(0 0 0)
(0 0 0)
(0 0 0)
(0 0 0)
(0 0 0)
(0 0 0)
(0 0 0)
(0 0 0)
(0 0 0)
(0 0 0)
(0 0 0)
(0 0 0)
(0 0 0)
(0 0 0)
(0 0 0)
(0 0 0)
(0 0 0)
(0 0 0)
(0 0 0)
(0 0 0)
(0 0 0)
(0 0 0)
(0 0 0)
(0 0 0)
(0 0 0)
(0 0 0)
(0 0 0)
(0 0 0)
(0 0 0)
(0 0 0)
(0 0 0)
(0 0 0)
(0 0 0)
(0 0 0)
(0 0 0)
(0 0 0)
(0 0 0)
(0 0 0)
(0 0 0)
(0 0 0)
(0 0 0)
(0 0 0)
(0 0 0)
(0 0 0)
(0 0 0)
(0 0 0)
(0 0 0)
(0 0 0)
(0 0 0)
(0 0 0)
(0 0 0)
(0 0 0)
(0 0 0)
(0 0 0)
(0 0 0)
(0 0 0)
(0 0 0)
(0 0 0)
(0 0 0)
(0 0 0)
(0 0 0)
(0 0 0)
(0 0 0)
(0 0 0)
(0 0 0)
(0 0 0)
(0 0 0)
(0 0 0)
(0 0 0)
(0 0 0)
(0 0 0)
(0 0 0)
(0 0 0)
(0 0 0)
(0 0 0)
(0 0 0)
(0 0 0)
(0 0 0)
(0 0 0)
(0 0 0)
(0 0 0)
(0 0 0)
(0 0 0)
(0 0 0)
(0 0 0)
(0 0 0)
(0 0 0)
(0 0 0)
(0 0 0)
(0 0 0)
(0 0 0)
(0 0 0)
(0 0 0)
(0 0 0)
(0 0 0)
(0 0 0)
(0 0 0)
(0 0 0)
(0 0 0)
(0 0 0)
(0 0 0)
(0 0 0)
(0 0 0)
(0 0 0)
(0 0 0)
(0 0 0)
(0 0 0)
(0 0 0)
(0 0 0)
(0 0 0)
(0 0 0)
(0 0 0)
(0 0 0)
(0 0 0)
(0 0 0)
(0 0 0)
(0 0 0)
(0 0 0)
(0 0 0)
(0 0 0)
(0 0 0)
(0 0 0)
(0 0 0)
(0 0 0)
(0 0 0)
(0 0 0)
(0 0 0)
(0 0 0)
(0 0 0)
(0 0 0)
(0 0 0)
(0 0 0)
(0 0 0)
(0 0 0)
(0 0 0)
(0 0 0)
(0 0 0)
(0 0 0)
(0 0 0)
(0 0 0)
(0 0 0)
(0 0 0)
(0 0 0)
(0 0 0)
(0 0 0)
(0 0 0)
(0 0 0)
(0 0 0)
(0 0 0)
(0 0 0)
(0 0 0)
(0 0 0)
(0 0 0)
(0 0 0)
(0 0 0)
(0 0 0)
(0 0 0)
(0 0 0)
(0 0 0)
(0 0 0)
(0 0 0)
(0 0 0)
(0 0 0)
(0 0 0)
(0 0 0)
(0 0 0)
(0 0 0)
(0 0 0)
(0 0 0)
(0 0 0)
(0 0 0)
(0 0 0)
(0 0 0)
(0 0 0)
(0 0 0)
(0 0 0)
(0 0 0)
(0 0 0)
(0 0 0)
(0 0 0)
(0 0 0)
(0 0 0)
(0 0 0)
(0 0 0)
(0 0 0)
(0 0 0)
(0 0 0)
(0 0 0)
(0 0 0)
(0 0 0)
(0 0 0)
(0 0 0)
(0 0 0)
(0 0 0)
(0 0 0)
(0 0 0)
(0 0 0)
(0 0 0)
(0 0 0)
(0 0 0)
(0 0 0)
(0 0 0)
(0 0 0)
(0 0 0)
(0 0 0)
(0 0 0)
(0 0 0)
(0 0 0)
(0 0 0)
(0 0 0)
(0 0 0)
(0 0 0)
(0 0 0)
(0 0 0)
(0 0 0)
(0 0 0)
(0 0 0)
(0 0 0)
(0 0 0)
(0 0 0)
(0 0 0)
(0 0 0)
(0 0 0)
(0 0 0)
(0 0 0)
(0 0 0)
(0 0 0)
(0 0 0)
(0 0 0)
(0 0 0)
(0 0 0)
(0 0 0)
(0 0 0)
(0 0 0)
(0 0 0)
(0 0 0)
(0 0 0)
(0 0 0)
(0 0 0)
(0 0 0)
(0 0 0)
(0 0 0)
(0 0 0)
(0 0 0)
(0 0 0)
(0 0 0)
(0 0 0)
(0 0 0)
(0 0 0)
(0 0 0)
(0 0 0)
(0 0 0)
(0 0 0)
(0 0 0)
(0 0 0)
(0 0 0)
(0 0 0)
(0 0 0)
(0 0 0)
(0 0 0)
(0 0 0)
(0 0 0)
(0 0 0)
(0 0 0)
(0 0 0)
(0 0 0)
(0 0 0)
(0 0 0)
(0 0 0)
(0 0 0)
(0 0 0)
(0 0 0)
(0 0 0)
(0 0 0)
(0 0 0)
(0 0 0)
(0 0 0)
(0 0 0)
(0 0 0)
(0 0 0)
(0 0 0)
(0 0 0)
(0 0 0)
(0 0 0)
(0.000100909 0.000112691 -0.0115828)
(0.000428995 0.00167308 -0.0576273)
(0.000561059 0.00285176 -0.0553395)
(0.000776535 0.00261911 -0.0563883)
(0.000445866 0.00194326 -0.0585376)
(-0.000119436 0.00170326 -0.0596612)
(-0.000445572 0.00162141 -0.058609)
(-0.000156669 0.00034042 -0.0231637)
(0 0 0)
(0 0 0)
(0.00161935 0.000470952 -0.0577784)
(0.0129746 0.0129499 -0.283499)
(0.00776452 0.0213303 -0.299471)
(-4.09775e-05 0.020984 -0.299328)
(-0.0023612 0.017893 -0.297953)
(-0.00254429 0.0156022 -0.293373)
(-0.00601922 0.0121775 -0.295121)
(-0.00250945 0.0018737 -0.115458)
(0 0 0)
(0 0 0)
(0.00275579 0.000529086 -0.0557065)
(0.0209469 0.00758883 -0.299003)
(0.0108128 0.0106646 -0.313915)
(0.0014904 0.012763 -0.318753)
(-0.00257034 0.0141814 -0.321188)
(-0.00629739 0.0138547 -0.311345)
(-0.0125885 0.0082456 -0.303164)
(-0.00446067 0.00119403 -0.115109)
(0 0 0)
(0 0 0)
(0.00260331 0.000691078 -0.0565581)
(0.0208713 0.000316139 -0.298966)
(0.0128403 0.00162543 -0.319412)
(0.00359869 0.00381743 -0.331495)
(-0.00128723 0.00550265 -0.333566)
(-0.00816632 0.00657572 -0.324834)
(-0.0164576 0.00288467 -0.304531)
(-0.00525445 0.000198385 -0.115257)
(0 0 0)
(0 0 0)
(0.00202819 0.000408632 -0.0583128)
(0.0181956 -0.00200916 -0.298486)
(0.0141451 -0.00241197 -0.321394)
(0.00535 -0.000966054 -0.334671)
(0.000216407 -0.000134084 -0.337663)
(-0.0087533 0.000698718 -0.332217)
(-0.0188746 9.42255e-05 -0.303399)
(-0.00555064 -9.76363e-05 -0.113371)
(0 0 0)
(0 0 0)
(0.00177496 -8.0549e-05 -0.0593841)
(0.0158841 -0.00272539 -0.294259)
(0.0138511 -0.00639517 -0.311029)
(0.00587072 -0.00775197 -0.326644)
(0.000384923 -0.00877667 -0.32687)
(-0.00790315 -0.00841736 -0.322318)
(-0.0173851 -0.00467285 -0.297684)
(-0.00508553 -0.000197916 -0.113433)
(0 0 0)
(0 0 0)
(0.0016096 -0.000420942 -0.0585739)
(0.0121544 -0.00638762 -0.294575)
(0.00894039 -0.0130801 -0.301208)
(0.00297171 -0.0169546 -0.308655)
(-0.00054627 -0.0187537 -0.302555)
(-0.00469095 -0.0175435 -0.298029)
(-0.010669 -0.0106743 -0.287853)
(-0.00330423 -0.000912817 -0.113888)
(0 0 0)
(0 0 0)
(0.000329211 -0.000155521 -0.0231538)
(0.00179732 -0.00250208 -0.115205)
(0.00131731 -0.00452267 -0.114237)
(0.000226111 -0.00561991 -0.114848)
(-0.00019922 -0.00566895 -0.112466)
(-0.000128456 -0.00512875 -0.113025)
(-0.000865779 -0.00330708 -0.113833)
(-0.000338997 -0.000339487 -0.0453379)
(0 0 0)
(0 0 0)
(0 0 0)
(0 0 0)
(0 0 0)
(0 0 0)
(0 0 0)
(0 0 0)
(0 0 0)
(0 0 0)
(0 0 0)
(0 0 0)
(0 0 0)
(0 0 0)
(0 0 0)
(0 0 0)
(0 0 0)
(0 0 0)
(0 0 0)
(0 0 0)
(0 0 0)
(0 0 0)
(0.00010181 0.000160993 -0.0147141)
(-0.00260154 0.00105686 -0.0755468)
(-0.000911792 0.00824229 -0.0561411)
(0.00495337 0.00701897 -0.0607623)
(0.00472578 0.00325807 -0.0738801)
(0.00012781 0.000522968 -0.0840225)
(-0.00242491 0.00209295 -0.0762757)
(-0.000644027 0.000401081 -0.0294506)
(0 0 0)
(0 0 0)
(0.000846893 -0.00212016 -0.0761685)
(0.0206426 0.0221466 -0.786934)
(0.0293032 0.0820669 0.527239)
(0.0185927 0.0842082 0.326883)
(0.00656446 0.0577595 -0.347858)
(-0.00359521 0.0316639 -1.09999)
(-0.0176392 0.0213162 -0.50461)
(-0.00545435 0.000890739 -0.146371)
(0 0 0)
(0 0 0)
(0.00756241 -0.00092082 -0.0584791)
(0.0759823 0.0294374 0.412086)
(0.0452358 0.0460837 -0.140966)
(0.0243022 0.065305 -0.248984)
(-0.00451385 0.0617897 -0.378243)
(-0.0329191 0.0490067 -0.680664)
(-0.0474908 0.0135999 -0.178322)
(-0.0112987 0.00101988 -0.140025)
(0 0 0)
(0 0 0)
(0.00664982 0.00408123 -0.062366)
(0.0812724 0.0168061 0.210457)
(0.065095 0.0235608 -0.249782)
(0.0278199 0.0304375 -0.290795)
(-0.0109262 0.0256643 -0.331629)
(-0.0504695 0.0285917 -0.409127)
(-0.066061 -0.00140341 -0.123509)
(-0.0129183 -0.00151301 -0.145076)
(0 0 0)
(0 0 0)
(0.00371268 0.00408448 -0.0726164)
(0.059656 0.00634235 -0.314822)
(0.0625659 -0.00780695 -0.368177)
(0.0255789 -0.00973422 -0.309486)
(-0.00678394 -0.0135721 -0.294452)
(-0.0587043 -0.00504634 -0.199246)
(-0.0838052 -0.00733885 -0.024736)
(-0.0137009 -0.00189848 -0.131556)
(0 0 0)
(0 0 0)
(0.00116147 0.000391389 -0.0819494)
(0.0318647 -0.00548595 -0.980625)
(0.0489883 -0.0374437 -0.64816)
(0.0214351 -0.0489093 -0.319782)
(-0.00595591 -0.060018 -0.347215)
(-0.0444904 -0.0528781 -0.275566)
(-0.0643092 -0.0199856 -0.244472)
(-0.0104111 0.00101842 -0.13558)
(0 0 0)
(0 0 0)
(0.00203571 -0.00208751 -0.0760786)
(0.0172599 -0.0194268 -0.489487)
(0.018156 -0.0499573 -0.201575)
(-0.000257976 -0.0732166 0.247236)
(-0.0105745 -0.0802613 0.0549891)
(-0.0175433 -0.066778 -0.189374)
(-0.0228499 -0.0230907 -0.502747)
(-0.00407461 -0.000377834 -0.144826)
(0 0 0)
(0 0 0)
(0.000333195 -0.00062369 -0.0294317)
(-0.000160085 -0.00531665 -0.145333)
(0.00110429 -0.0107895 -0.134332)
(-0.00138038 -0.0158458 -0.146337)
(-0.0021198 -0.0139301 -0.12799)
(0.00195203 -0.0108562 -0.1332)
(0.000113004 -0.00412854 -0.144379)
(-0.000539589 -0.000564098 -0.0572377)
(0 0 0)
(0 0 0)
(0 0 0)
(0 0 0)
(0 0 0)
(0 0 0)
(0 0 0)
(0 0 0)
(0 0 0)
(0 0 0)
(0 0 0)
(0 0 0)
(0 0 0)
(0 0 0)
(0 0 0)
(0 0 0)
(0 0 0)
(0 0 0)
(0 0 0)
(0 0 0)
(0 0 0)
(0 0 0)
(0.000938277 0.00115463 -0.0172698)
(-0.026255 0.103284 -0.0846563)
(-0.0243504 -0.180784 -0.0790458)
(0.0300907 -0.140111 -0.0795555)
(0.0408353 0.00011424 -0.0869605)
(0.00568968 0.16264 -0.0905104)
(-0.0158012 0.0329453 -0.0873195)
(-0.00231037 0.00071641 -0.0343925)
(0 0 0)
(0 0 0)
(0.102511 -0.0221634 -0.0864815)
(-0.972091 -0.85257 -0.419516)
(-1.26131 -0.0862115 -0.417986)
(0.926556 -0.00353206 -0.422285)
(1.65199 0.0405197 -0.396002)
(0.158435 0.290915 -0.376838)
(-0.795745 -0.225223 -0.420932)
(-0.0724062 -0.007556 -0.168976)
(0 0 0)
(0 0 0)
(-0.158419 -0.0221708 -0.0844436)
(-0.0993527 -1.12818 -0.403458)
(0.739293 0.849383 -0.432156)
(0.234609 0.65744 -0.420161)
(0.442306 0.00255339 -0.38735)
(-0.246879 -0.706951 -0.359203)
(-0.376411 -0.394165 -0.400282)
(0.0754563 -0.000330519 -0.168112)
(0 0 0)
(0 0 0)
(-0.115731 0.0233566 -0.0826895)
(-0.0151199 0.75882 -0.409963)
(0.533484 0.218717 -0.421533)
(0.063185 0.0382309 -0.428069)
(0.128175 -0.0776349 -0.414377)
(-0.231979 -0.508045 -0.389449)
(-0.0723627 -0.128747 -0.393242)
(0.0950283 -0.010756 -0.166027)
(0 0 0)
(0 0 0)
(-0.00680216 0.0332631 -0.0844987)
(0.0370721 1.35694 -0.401701)
(0.0140492 0.41345 -0.385877)
(-0.0702912 0.0406201 -0.407738)
(-0.103223 0.0404092 -0.41533)
(-0.284895 -0.138604 -0.407278)
(0.107455 0.127514 -0.413275)
(0.135617 -0.012217 -0.166747)
(0 0 0)
(0 0 0)
(0.138366 0.00655587 -0.0866804)
(0.278249 0.178251 -0.395586)
(-0.687354 -0.201473 -0.345927)
(-0.315964 -0.596631 -0.353119)
(-0.048709 -0.360805 -0.390975)
(-0.128707 -0.0203225 -0.405654)
(0.0334212 0.512391 -0.413073)
(0.0378605 0.0173186 -0.167708)
(0 0 0)
(0 0 0)
(0.0296621 -0.0126861 -0.0868063)
(-0.185251 -0.672555 -0.421977)
(-0.788984 -0.381841 -0.398773)
(-0.241548 0.0275672 -0.375182)
(0.443256 -0.0667724 -0.411014)
(0.593033 0.0278 -0.412476)
(0.157796 0.0985185 -0.418904)
(-0.0770469 0.0084006 -0.169216)
(0 0 0)
(0 0 0)
(0.000437044 -0.00219638 -0.0344255)
(-0.015064 -0.0658977 -0.169554)
(0.00281241 0.0606797 -0.168123)
(-0.00891341 0.260732 -0.163637)
(-0.017039 0.16923 -0.165478)
(0.0214589 0.062566 -0.167228)
(0.0115086 -0.0775123 -0.169022)
(-0.00157228 -0.0018163 -0.0682663)
(0 0 0)
(0 0 0)
(0 0 0)
(0 0 0)
(0 0 0)
(0 0 0)
(0 0 0)
(0 0 0)
(0 0 0)
(0 0 0)
(0 0 0)
(0 0 0)
(0 0 0)
(0 0 0)
(0 0 0)
(0 0 0)
(0 0 0)
(0 0 0)
(0 0 0)
(0 0 0)
(0 0 0)
(0 0 0)
(-0.00011752 0.000191697 -0.0144007)
(-0.00602458 -0.000339533 -0.0705059)
(-0.00334522 0.00658119 -0.0658414)
(0.00879753 0.00593651 -0.0667194)
(0.0109101 -0.00299161 -0.0800761)
(0.000662385 -0.00907464 -0.0788209)
(-0.00484178 0.000112406 -0.0671588)
(-0.00107242 -0.000114427 -0.0278066)
(0 0 0)
(0 0 0)
(-0.00132485 -0.00285444 -0.073335)
(-0.0286156 -0.016662 -0.357343)
(0.0111816 0.0835385 -0.0408528)
(0.0454807 0.0812707 -0.0598689)
(0.0349544 0.0092701 -0.892542)
(0.0240284 -0.0532526 -0.793097)
(-0.00147967 -0.0142447 -0.0703759)
(-0.00642791 -0.00233237 -0.133945)
(0 0 0)
(0 0 0)
(0.00215114 -0.0030759 -0.0775336)
(0.055029 0.00981015 -0.608554)
(0.062745 0.0656899 -0.215812)
(0.00900025 0.0847685 -0.315583)
(-0.0308992 0.0618745 -0.450587)
(-0.0164729 0.0304846 -0.402094)
(-0.00274542 -0.0334439 -0.531488)
(-0.00325493 -0.00192753 -0.144338)
(0 0 0)
(0 0 0)
(0.00308112 0.00334382 -0.07469)
(0.0675935 0.0320643 -0.589662)
(0.0837646 -0.00783071 -0.321805)
(0.0242965 0.0172671 -0.331494)
(-0.0414574 0.0361067 -0.35244)
(-0.0710079 0.0507039 -0.299696)
(-0.038317 -0.00535761 -0.563779)
(6.70976e-05 -0.002258 -0.132558)
(0 0 0)
(0 0 0)
(-0.000723507 0.00619497 -0.0738782)
(0.0119182 0.0144476 -0.636853)
(0.0483999 -0.0698069 -0.393587)
(0.0460126 -0.083539 -0.330276)
(-0.0027195 -0.0439276 -0.332913)
(-0.0555563 -0.00169026 -0.407387)
(-0.0610986 0.0111195 -0.621208)
(-0.00706144 -0.00054824 -0.147682)
(0 0 0)
(0 0 0)
(-0.00553955 0.00216101 -0.068392)
(-0.0589156 0.0138815 -0.181244)
(-0.0110984 -0.0163895 -0.233853)
(0.0483878 -0.0811032 -0.226504)
(0.0397951 -0.0649723 -0.212408)
(-0.0154797 -0.0448383 -0.336346)
(-0.0350778 -0.0100096 -0.425923)
(-0.00439583 0.0026081 -0.146098)
(0 0 0)
(0 0 0)
(9.87614e-06 -0.00239782 -0.066753)
(-0.0194941 0.00197103 -0.0620859)
(-0.0487744 0.0226633 -0.585313)
(-0.0058101 -0.00160059 -0.790069)
(0.0319339 -0.0374835 -0.566306)
(-0.00195219 -0.0380133 -0.476797)
(-0.0029351 -0.00429509 -0.204503)
(0.000365158 0.00173823 -0.138965)
(0 0 0)
(0 0 0)
(-0.000100339 -0.000933562 -0.0278732)
(-0.0032528 -0.00404387 -0.136188)
(-0.00314634 -0.00181282 -0.151035)
(-0.00285552 0.00477712 -0.130473)
(-0.000178664 -0.00640167 -0.150308)
(0.00379661 -0.0049078 -0.148143)
(0.00235367 0.00021606 -0.139354)
(-3.75588e-05 -0.000120784 -0.0566702)
(0 0 0)
(0 0 0)
(0 0 0)
(0 0 0)
(0 0 0)
(0 0 0)
(0 0 0)
(0 0 0)
(0 0 0)
(0 0 0)
(0 0 0)
(0 0 0)
(0 0 0)
(0 0 0)
(0 0 0)
(0 0 0)
(0 0 0)
(0 0 0)
(0 0 0)
(0 0 0)
(0 0 0)
(0 0 0)
(0.000495154 0.00153498 -0.0172031)
(-0.0387711 0.104781 -0.084241)
(-0.031795 -0.255067 -0.0859208)
(0.0616517 -0.211184 -0.0854276)
(0.0701992 0.121468 -0.0850193)
(-0.0144593 0.266257 -0.083899)
(-0.0326138 -0.0304951 -0.0834676)
(-0.000497815 -0.00104412 -0.0339406)
(0 0 0)
(0 0 0)
(0.101704 -0.0133962 -0.0874138)
(-1.38029 -0.553278 -0.434521)
(-1.66507 -0.2153 -0.426772)
(2.10423 -0.00922524 -0.410988)
(2.78787 0.102514 -0.417962)
(-0.753769 0.302808 -0.441017)
(-1.39336 0.0084199 -0.421133)
(0.0568766 0.000908084 -0.167814)
(0 0 0)
(0 0 0)
(-0.102409 -0.0184644 -0.0944929)
(-0.284169 -0.856788 -0.402819)
(0.411125 1.18128 -0.408367)
(0.531206 1.01229 -0.39572)
(0.562397 -0.59395 -0.402316)
(-0.155772 -1.33257 -0.44259)
(-0.409845 0.161696 -0.428325)
(-0.00859183 -0.00223816 -0.167678)
(0 0 0)
(0 0 0)
(-0.0624699 0.0169753 -0.0904826)
(-0.0743856 0.787779 -0.40006)
(0.253602 0.40829 -0.410051)
(0.105457 0.0534439 -0.389488)
(0.0817358 -0.19152 -0.377419)
(-0.00322838 -0.488427 -0.400325)
(-0.0406976 -0.0322709 -0.431593)
(-0.00367535 -0.00596085 -0.170335)
(0 0 0)
(0 0 0)
(0.0583726 0.0209846 -0.0821249)
(0.0658401 0.819693 -0.43948)
(-0.314963 0.315793 -0.439613)
(-0.126388 -0.0814119 -0.411633)
(-0.0310676 -0.114501 -0.385032)
(0.0148755 -0.0877878 -0.386739)
(0.0582651 -0.0127526 -0.404154)
(0.0115629 0.00490012 -0.172438)
(0 0 0)
(0 0 0)
(0.099435 -0.00555459 -0.0779928)
(0.163746 -0.445094 -0.47645)
(-0.629899 0.0223829 -0.496944)
(-0.321437 -0.0865576 -0.47401)
(0.0715945 -0.110095 -0.423211)
(0.0973388 0.0564559 -0.408945)
(0.0584518 0.0493176 -0.420616)
(0.00479388 0.00465916 -0.172667)
(0 0 0)
(0 0 0)
(-0.0345633 -0.0111042 -0.0824288)
(0.107333 -0.486212 -0.430121)
(0.0440924 -0.193372 -0.42224)
(-0.264709 0.123405 -0.442445)
(0.108734 0.103846 -0.403463)
(0.176196 0.0603875 -0.419591)
(0.0115661 0.0128775 -0.434205)
(-0.00811274 0.00190822 -0.171504)
(0 0 0)
(0 0 0)
(-0.000863587 -3.64778e-05 -0.0340106)
(0.00214068 0.0666009 -0.170274)
(-0.00336272 -0.0456194 -0.173016)
(-0.00783848 0.0514043 -0.172687)
(0.00485334 0.0684859 -0.173657)
(0.00497756 0.00525693 -0.173199)
(0.00210091 -0.00816456 -0.171689)
(-4.88287e-05 -7.55163e-05 -0.068757)
(0 0 0)
(0 0 0)
(0 0 0)
(0 0 0)
(0 0 0)
(0 0 0)
(0 0 0)
(0 0 0)
(0 0 0)
(0 0 0)
(0 0 0)
(0 0 0)
(0 0 0)
(0 0 0)
(0 0 0)
(0 0 0)
(0 0 0)
(0 0 0)
(0 0 0)
(0 0 0)
(0 0 0)
(0 0 0)
(-0.000371512 0.000334027 -0.0139987)
(-0.00552577 0.000525307 -0.0654267)
(-0.00284547 0.00582739 -0.081377)
(0.00797357 0.00312926 -0.0785152)
(0.00985077 -0.00377482 -0.0667528)
(-0.00047758 -0.00604579 -0.0619221)
(-0.00457958 -7.38954e-06 -0.0718434)
(-0.0005837 -0.000521349 -0.0286537)
(0 0 0)
(0 0 0)
(-0.00180344 0.00119661 -0.0685474)
(-0.0419514 0.00361848 0.165959)
(-0.0193984 0.0769702 -0.886452)
(0.036244 0.0462511 -0.731983)
(0.0551931 -0.0160745 -0.121702)
(0.0160941 -0.0293303 0.219585)
(-0.0236581 -0.00685071 -0.449294)
(-0.00476101 -0.00348145 -0.142489)
(0 0 0)
(0 0 0)
(-0.00382922 -0.00197724 -0.096296)
(-0.0138317 0.0043299 -1.79122)
(0.0141399 0.0581038 -0.658536)
(-0.0105392 0.0483312 -0.452845)
(0.0172428 0.00818299 -0.293716)
(0.00394559 -0.00897401 -0.0949953)
(-0.0314588 -0.0143588 -0.0534595)
(-0.00325969 9.84904e-05 -0.131288)
(0 0 0)
(0 0 0)
(-0.00236222 -0.00321291 -0.0889506)
(0.0307511 0.015586 -1.50035)
(0.0365455 0.000564176 -0.462377)
(-0.0251451 0.0196867 -0.417177)
(-0.0206966 0.0103509 -0.432578)
(-0.0043424 -0.00462333 -0.569762)
(-0.0120323 -0.0144879 -0.361976)
(-0.00192035 0.001601 -0.146156)
(0 0 0)
(0 0 0)
(0.00229066 -0.000493174 -0.0593959)
(0.033645 0.0188574 0.238006)
(0.02013 -0.0101948 -0.204573)
(-0.00624076 0.00962841 -0.357536)
(-0.0147158 0.00835664 -0.43088)
(-0.0201905 0.00430117 -0.519147)
(-0.0147418 -0.00372286 -0.45312)
(0.0015914 0.00147889 -0.146643)
(0 0 0)
(0 0 0)
(0.00335926 0.00208891 -0.0483059)
(0.0416523 -0.00634487 1.18023)
(0.0249684 -0.0286253 0.0894435)
(-0.00878989 -0.0232078 -0.320089)
(-0.0255926 -0.0273267 -0.445682)
(-0.0161976 -0.0128609 -0.44148)
(-0.0112184 0.00563863 -0.370795)
(-0.000406228 0.00150116 -0.145258)
(0 0 0)
(0 0 0)
(6.87601e-05 0.00084744 -0.0706518)
(-0.00761687 -0.0130887 -0.421568)
(0.00109851 -0.0227264 -0.401928)
(-0.00621418 -0.0383404 -0.456791)
(-0.00454865 -0.022641 -0.484011)
(0.012535 -0.012183 -0.371151)
(0.00288215 0.000594024 -0.346875)
(0.000239987 0.000775803 -0.144224)
(0 0 0)
(0 0 0)
(-0.000196563 -0.000166156 -0.028698)
(2.76569e-05 -0.000713437 -0.146142)
(-0.000465517 0.00299926 -0.144892)
(-0.00201705 -0.00205227 -0.151071)
(0.000228514 0.00234958 -0.146759)
(0.00162595 -0.000168341 -0.145387)
(0.000825619 0.000247876 -0.144269)
(9.85306e-05 9.76962e-05 -0.0577698)
(0 0 0)
(0 0 0)
(0 0 0)
(0 0 0)
(0 0 0)
(0 0 0)
(0 0 0)
(0 0 0)
(0 0 0)
(0 0 0)
(0 0 0)
(0 0 0)
(0 0 0)
(0 0 0)
(0 0 0)
(0 0 0)
(0 0 0)
(0 0 0)
(0 0 0)
(0 0 0)
(0 0 0)
(0 0 0)
(-0.00115919 0.000836296 -0.0171737)
(-0.0173135 -0.0130351 -0.086829)
(-0.00684628 -0.132317 -0.0985876)
(0.0304546 -0.123286 -0.096068)
(0.0325271 0.0672375 -0.0804411)
(-0.00690965 0.135904 -0.0756434)
(-0.01562 -0.00729763 -0.0846411)
(-0.000416432 -0.00127375 -0.0347555)
(0 0 0)
(0 0 0)
(-0.0205447 0.0264765 -0.0857489)
(-0.728749 0.997723 -0.452352)
(-0.519289 0.0383543 -0.386918)
(1.03919 0.0482393 -0.403006)
(1.37113 0.0564327 -0.451979)
(-0.354956 0.0804463 -0.488808)
(-0.689371 -0.326149 -0.432349)
(0.0100288 -0.014351 -0.173688)
(0 0 0)
(0 0 0)
(0.182057 0.0131611 -0.0976581)
(-0.15058 0.952212 -0.412333)
(-0.981711 0.69835 -0.398448)
(0.126069 0.608038 -0.401499)
(0.141735 -0.229965 -0.436559)
(-0.405983 -0.389218 -0.437626)
(-0.165973 0.0408909 -0.448814)
(0.125049 0.00214375 -0.170404)
(0 0 0)
(0 0 0)
(0.174261 -0.0443914 -0.09799)
(-0.0882697 -1.34151 -0.427437)
(-0.839448 -0.0303746 -0.406475)
(0.108033 -0.0313183 -0.399567)
(0.251628 -0.0530996 -0.40744)
(-0.0752549 -0.0343759 -0.404524)
(-0.273592 0.381538 -0.442446)
(-0.00628394 0.0139499 -0.172528)
(0 0 0)
(0 0 0)
(-0.0665051 -0.0476106 -0.0822369)
(-0.0128473 -2.09126 -0.438176)
(0.291269 -0.210182 -0.441532)
(0.0861594 -0.180711 -0.410555)
(0.129026 -0.105396 -0.399381)
(0.0382463 -0.237089 -0.396367)
(-0.0980315 -0.0109641 -0.446376)
(-0.0305 0.00391141 -0.174738)
(0 0 0)
(0 0 0)
(-0.203305 0.00842087 -0.0751082)
(-0.139416 0.260704 -0.477951)
(0.818974 0.247083 -0.460291)
(0.193744 0.0176718 -0.420922)
(0.193651 -0.0541552 -0.40781)
(0.0182187 -0.0973344 -0.406307)
(-0.021404 -0.0581106 -0.434478)
(0.000871909 0.00146711 -0.174668)
(0 0 0)
(0 0 0)
(-0.0154291 0.0230425 -0.0836968)
(0.188143 1.02476 -0.427094)
(0.044999 0.230622 -0.451316)
(-0.200858 0.17857 -0.447798)
(0.0118968 0.0199904 -0.447472)
(0.0310455 -0.0203707 -0.434747)
(0.00334575 0.00513434 -0.437403)
(-0.00206493 0.00074798 -0.174482)
(0 0 0)
(0 0 0)
(-0.000217069 0.000677915 -0.0347025)
(0.00463916 0.0320062 -0.17303)
(0.00327014 -0.0686885 -0.170348)
(-0.00527252 0.00800406 -0.173426)
(-0.00275125 0.0119911 -0.175267)
(0.00152736 0.00136643 -0.174804)
(0.000716192 -0.00200598 -0.174518)
(6.09654e-05 7.64773e-05 -0.0697971)
(0 0 0)
(0 0 0)
(0 0 0)
(0 0 0)
(0 0 0)
(0 0 0)
(0 0 0)
(0 0 0)
(0 0 0)
(0 0 0)
(0 0 0)
(0 0 0)
(0 0 0)
(0 0 0)
(0 0 0)
(0 0 0)
(0 0 0)
(0 0 0)
(0 0 0)
(0 0 0)
(0 0 0)
(0 0 0)
(-0.000269829 0.000245838 -0.0140839)
(0.00239772 0.0025173 -0.068507)
(0.00167593 -0.00421744 -0.0998064)
(-0.00298261 -0.0038295 -0.0919327)
(-0.00169463 0.00119237 -0.0601151)
(0.0017962 0.00309275 -0.0478714)
(0.00134857 -0.000665325 -0.0718552)
(-8.16916e-05 -0.00053052 -0.02916)
(0 0 0)
(0 0 0)
(0.000781017 0.0081211 -0.065155)
(-0.0269764 0.0379883 0.264751)
(-0.052829 0.0219382 -1.95568)
(0.0101772 -0.0166874 -1.69314)
(0.0288853 -0.00557255 0.220474)
(-0.0104557 -0.0176414 1.3406)
(-0.0195764 -0.00831606 -0.386979)
(0.000374436 -0.00652064 -0.146641)
(0 0 0)
(0 0 0)
(-0.00964284 0.00342663 -0.0854956)
(-0.0609472 0.00576097 -1.10708)
(-0.0311006 0.0441694 -0.5829)
(-0.0354418 0.00655528 -0.442809)
(-0.0144741 -0.029047 -0.201183)
(0.00518205 -0.0578331 0.156009)
(-0.00262789 -0.000185869 -0.309986)
(-0.00311591 -0.00102019 -0.139653)
(0 0 0)
(0 0 0)
(-0.00537055 -0.0119053 -0.0824429)
(-0.0233985 -0.047459 -0.962568)
(-0.0323914 -0.0170873 -0.435552)
(-0.0553662 0.00113727 -0.379742)
(-0.0334921 -0.0093256 -0.294196)
(0.0215438 -0.0107823 -0.119264)
(0.0316775 0.00596605 0.00840658)
(-0.00167349 0.00579599 -0.141807)
(0 0 0)
(0 0 0)
(0.00527499 -0.0115573 -0.0673304)
(0.0418995 -0.0625271 -0.10078)
(-0.00835584 -0.0268048 -0.281984)
(-0.0348507 0.0159415 -0.368646)
(-0.0256547 0.0128917 -0.353758)
(0.0227211 0.0245897 -0.301141)
(0.0303929 0.00540523 -0.0333768)
(-0.000408273 0.0033433 -0.145771)
(0 0 0)
(0 0 0)
(0.00925926 0.00238029 -0.0606857)
(0.0711138 -0.0353804 0.439497)
(0.015967 -0.0347855 -0.0202086)
(-0.0306472 0.00466635 -0.377192)
(-0.0249878 0.0172558 -0.377962)
(0.0137672 0.0290984 -0.393105)
(0.0208989 0.00285472 -0.362061)
(0.0010614 0.00102946 -0.146127)
(0 0 0)
(0 0 0)
(-0.00110036 0.00552139 -0.0729077)
(-0.00616881 0.00785466 -0.416857)
(0.0266511 -0.0170372 0.0303127)
(0.0138895 -0.00757716 0.0771311)
(-0.000293857 0.0134844 -0.0324221)
(0.00848646 0.0204515 -0.362651)
(0.00579105 0.00420978 -0.361133)
(0.000296353 0.000547836 -0.146089)
(0 0 0)
(0 0 0)
(-0.000281362 0.000431475 -0.0290901)
(-0.00333224 0.00751113 -0.142751)
(-0.000845398 0.00390377 -0.125945)
(0.00206447 -0.00204223 -0.136589)
(0.00136505 0.000642474 -0.145529)
(0.000906155 0.00132319 -0.146054)
(0.000481405 0.000357568 -0.146084)
(7.59754e-05 9.56263e-05 -0.0584406)
(0 0 0)
(0 0 0)
(0 0 0)
(0 0 0)
(0 0 0)
(0 0 0)
(0 0 0)
(0 0 0)
(0 0 0)
(0 0 0)
(0 0 0)
(0 0 0)
(0 0 0)
(0 0 0)
(0 0 0)
(0 0 0)
(0 0 0)
(0 0 0)
(0 0 0)
(0 0 0)
(0 0 0)
(0 0 0)
(-0.00201115 -0.00104533 -0.0176892)
(0.0276784 -0.156367 -0.0894515)
(0.0323999 0.181804 -0.0901977)
(-0.0344851 0.145687 -0.092176)
(-0.04201 -0.0563642 -0.0888489)
(0.00763178 -0.197751 -0.0846142)
(0.0211979 0.00198254 -0.0859813)
(0.000168377 -0.00106623 -0.0352391)
(0 0 0)
(0 0 0)
(-0.159389 0.0597972 -0.0850611)
(1.04406 2.02596 -0.428682)
(1.62389 0.0851757 -0.459648)
(-1.22092 -0.00664389 -0.452789)
(-1.87018 -0.031146 -0.425789)
(0.300198 -0.265051 -0.4182)
(0.970265 -0.365724 -0.438245)
(-0.00704053 -0.0240681 -0.17798)
(0 0 0)
(0 0 0)
(0.359648 0.0521852 -0.0763442)
(-0.0152313 2.63489 -0.465314)
(-1.83499 -0.915233 -0.42155)
(-0.235791 -0.692059 -0.41566)
(-0.414342 0.298389 -0.412311)
(-0.296526 1.00399 -0.390085)
(0.294324 -0.409783 -0.437973)
(0.14785 -0.00657089 -0.180033)
(0 0 0)
(0 0 0)
(0.315972 -0.0911559 -0.0836733)
(-0.0936197 -2.83178 -0.447875)
(-1.60746 -0.384174 -0.393764)
(-0.014991 -0.0682706 -0.408334)
(0.00612968 0.0831155 -0.422408)
(-0.404853 0.399615 -0.414819)
(-0.0460292 0.0519472 -0.431964)
(0.160052 0.022612 -0.177025)
(0 0 0)
(0 0 0)
(-0.131202 -0.108971 -0.094402)
(-0.0777708 -4.43407 -0.41679)
(0.621658 -0.715128 -0.374223)
(0.160044 -0.16572 -0.392918)
(0.0664328 -0.0185442 -0.419936)
(-0.294157 0.0291541 -0.42923)
(-0.0457356 0.366827 -0.439761)
(0.117877 0.0102299 -0.175691)
(0 0 0)
(0 0 0)
(-0.393483 0.0151239 -0.0949341)
(-0.425338 0.644212 -0.388532)
(1.85015 -0.112651 -0.326345)
(0.595718 -0.469229 -0.354671)
(0.203036 -0.404145 -0.404708)
(-0.00527698 -0.0456668 -0.42955)
(-0.0614054 0.269444 -0.439197)
(0.000302205 0.00161565 -0.175817)
(0 0 0)
(0 0 0)
(-0.00455533 0.0477972 -0.088477)
(-0.275418 2.07573 -0.441847)
(-0.512578 0.544848 -0.443163)
(-0.164285 0.122601 -0.426481)
(0.467818 -0.00108594 -0.437755)
(0.37518 -0.0615128 -0.438431)
(-0.00349557 -0.0022762 -0.440115)
(-0.000468032 0.000617374 -0.175897)
(0 0 0)
(0 0 0)
(-0.000880791 0.000798675 -0.0352177)
(-0.022462 0.00701864 -0.175793)
(-0.00833791 0.106957 -0.173892)
(0.0184867 0.206843 -0.173578)
(0.0102381 0.164825 -0.175133)
(0.00236225 0.000828897 -0.175691)
(0.000701988 -0.000418197 -0.175865)
(4.90141e-05 6.4518e-05 -0.0703517)
(0 0 0)
(0 0 0)
(0 0 0)
(0 0 0)
(0 0 0)
(0 0 0)
(0 0 0)
(0 0 0)
(0 0 0)
(0 0 0)
(0 0 0)
(0 0 0)
(0 0 0)
(0 0 0)
(0 0 0)
(0 0 0)
(0 0 0)
(0 0 0)
(0 0 0)
(0 0 0)
(0 0 0)
(0 0 0)
(-4.33808e-05 5.04161e-05 -0.0152231)
(0.00130058 0.000881899 -0.0808698)
(0.00156714 -0.00097145 -0.0612018)
(-0.00147258 -0.002361 -0.0655942)
(-0.00263263 -0.00122321 -0.0793457)
(-6.34945e-05 -0.00186807 -0.0856458)
(0.00135631 -0.000862881 -0.0738004)
(0.000181702 -0.000249438 -0.0295816)
(0 0 0)
(0 0 0)
(0.000596793 0.00266305 -0.077763)
(0.018413 0.0468033 -0.968629)
(-0.00321799 -0.00509524 0.31699)
(-0.039388 -0.0446027 0.172211)
(-0.0462909 -0.0470794 -0.573656)
(-0.00359068 -0.0763012 -1.11687)
(0.0295553 -0.0103963 -0.352365)
(0.00245789 -0.00397982 -0.151158)
(0 0 0)
(0 0 0)
(-0.000932455 0.00280795 -0.0467316)
(-0.0251344 0.0328867 1.15919)
(-0.0677125 -0.0350082 -0.172482)
(-0.0612565 -0.0598723 -0.303511)
(-0.0604491 -0.0458428 -0.427709)
(0.0351394 -0.0489245 -0.679681)
(0.0742652 -0.00587414 -0.690245)
(0.000520616 -0.00217604 -0.165164)
(0 0 0)
(0 0 0)
(-0.00163289 -0.00371902 -0.0553011)
(-0.0522936 -0.0979949 0.925351)
(-0.0865723 -0.0735553 -0.290322)
(-0.0460302 -0.035925 -0.344276)
(-0.0292424 -0.00365073 -0.356026)
(0.0389061 0.0298298 -0.368905)
(0.0716777 0.00761479 -0.73672)
(0.00321944 0.00267474 -0.154977)
(0 0 0)
(0 0 0)
(-0.00106593 -0.00643571 -0.0866655)
(-0.0491005 -0.12397 -0.893176)
(-0.0429353 -0.097279 -0.506515)
(-0.000994481 -0.0326905 -0.40927)
(0.00754328 0.00455981 -0.360131)
(0.0453008 0.0437177 -0.345917)
(0.0489459 0.0152197 -0.642586)
(0.000981581 0.0023757 -0.148141)
(0 0 0)
(0 0 0)
(-0.002363 -0.000548193 -0.0988196)
(-0.0857497 -0.0184922 -2.02338)
(-0.0281661 0.0261907 -0.887647)
(0.0398399 0.0362668 -0.555351)
(0.0467828 0.0405422 -0.398145)
(0.0479473 0.0449256 -0.328658)
(0.0344395 0.00873376 -0.37094)
(0.0019164 0.0010086 -0.147293)
(0 0 0)
(0 0 0)
(-0.00159558 0.00262371 -0.0749669)
(-0.0151371 0.055372 -0.378717)
(0.00205702 0.0832985 -0.514314)
(0.0109041 0.0736564 -0.764748)
(0.0183152 0.049197 -0.69725)
(0.0137282 0.0338141 -0.3722)
(0.00888927 0.00755029 -0.365729)
(0.000358596 0.000502574 -0.146896)
(0 0 0)
(0 0 0)
(-0.000283825 0.000373575 -0.0295687)
(-0.00471188 0.0064624 -0.149494)
(-0.00272443 0.00297128 -0.159258)
(0.00265756 0.00357134 -0.153046)
(0.00268482 0.00185378 -0.148467)
(0.00134252 0.00214966 -0.147351)
(0.00055411 0.000379811 -0.146876)
(5.87582e-05 6.43723e-05 -0.058741)
(0 0 0)
(0 0 0)
(0 0 0)
(0 0 0)
(0 0 0)
(0 0 0)
(0 0 0)
(0 0 0)
(0 0 0)
(0 0 0)
(0 0 0)
(0 0 0)
(0 0 0)
(0 0 0)
(0 0 0)
(0 0 0)
(0 0 0)
(0 0 0)
(0 0 0)
(0 0 0)
(0 0 0)
(0 0 0)
(-0.000273028 -0.000219195 -0.0179515)
(0.00286577 -0.0218952 -0.089485)
(0.00381237 0.0294887 -0.0789954)
(-0.00377803 0.0258978 -0.0820137)
(-0.00493585 -0.0110194 -0.0933313)
(0.000707464 -0.0339942 -0.0977241)
(0.00269781 -0.00261285 -0.0900541)
(8.27897e-05 -9.04886e-05 -0.0354809)
(0 0 0)
(0 0 0)
(-0.0219885 0.00434829 -0.0888286)
(0.140707 0.195799 -0.438065)
(0.231066 -0.0264642 -0.502087)
(-0.182013 -0.0107956 -0.494448)
(-0.276175 -0.000214599 -0.421544)
(0.0385311 -0.0207808 -0.390003)
(0.151201 -0.00983755 -0.434807)
(0.00483583 -0.000597843 -0.179573)
(0 0 0)
(0 0 0)
(0.0415316 0.00495877 -0.0741559)
(-0.0324795 0.295748 -0.503099)
(-0.194519 -0.141623 -0.486699)
(0.014211 -0.113919 -0.480206)
(-0.0251835 0.0556317 -0.45491)
(-0.00598339 0.167914 -0.448825)
(0.0284803 0.018746 -0.421384)
(0.00501931 0.000627109 -0.185445)
(0 0 0)
(0 0 0)
(0.0393733 -0.00640572 -0.0776068)
(-0.0176344 -0.255568 -0.493912)
(-0.176364 0.0124392 -0.477521)
(0.0156871 0.0212468 -0.485502)
(0.00929472 0.0166773 -0.487615)
(0.00127589 0.0444661 -0.48886)
(-0.0138985 0.0257596 -0.42345)
(-0.0041165 0.000597889 -0.182662)
(0 0 0)
(0 0 0)
(-0.0142725 -0.00779376 -0.0945941)
(0.00124665 -0.41151 -0.420063)
(0.0787355 -0.0527781 -0.445314)
(0.0177558 0.0367078 -0.48168)
(-0.00217127 0.0156159 -0.492663)
(0.0025101 -0.00182497 -0.487353)
(-0.0155743 -0.0102546 -0.432844)
(-0.00713565 -0.000347638 -0.178649)
(0 0 0)
(0 0 0)
(-0.048906 0.00140494 -0.102154)
(-0.0462427 0.0574642 -0.385279)
(0.264085 -0.088813 -0.429221)
(0.0840181 -0.0730501 -0.473737)
(-0.0291612 -0.0435081 -0.479962)
(-0.0249711 -0.0147295 -0.47608)
(-0.0133063 -0.016382 -0.44362)
(-0.000142751 1.32697e-05 -0.177237)
(0 0 0)
(0 0 0)
(-0.00243469 0.00417756 -0.091325)
(-0.0938941 0.216508 -0.436542)
(-0.0519532 0.0487385 -0.419314)
(0.0601193 -0.043912 -0.416939)
(0.0553314 -0.0245106 -0.430937)
(0.0291173 -0.0129764 -0.442778)
(-0.00071879 -0.000146061 -0.442366)
(5.86774e-05 8.78174e-05 -0.176598)
(0 0 0)
(0 0 0)
(-0.000305946 9.4172e-06 -0.0355141)
(-0.00517242 0.00349259 -0.180021)
(-0.000256247 0.0400588 -0.186546)
(0.00518819 0.0246293 -0.18345)
(0.00160754 0.013119 -0.179167)
(0.0001617 -0.000129783 -0.177314)
(0.000120559 5.93337e-05 -0.176586)
(2.0863e-05 2.12567e-05 -0.0705808)
(0 0 0)
(0 0 0)
(0 0 0)
(0 0 0)
(0 0 0)
(0 0 0)
(0 0 0)
(0 0 0)
(0 0 0)
(0 0 0)
(0 0 0)
(0 0 0)
(0 0 0)
(0 0 0)
(0 0 0)
(0 0 0)
(0 0 0)
(0 0 0)
(0 0 0)
(0 0 0)
(0 0 0)
(0 0 0)
(2.65904e-05 -1.11015e-05 -0.015435)
(-0.0059659 -0.00208122 -0.0825329)
(-0.00301668 0.00816309 -0.0476387)
(0.0083384 0.00505257 -0.0551335)
(0.00693684 -0.00470302 -0.0859969)
(-0.00248759 -0.0087113 -0.0989006)
(-0.00372728 0.000610789 -0.0747246)
(-0.000123441 0.000256351 -0.0296186)
(0 0 0)
(0 0 0)
(-0.0019217 -0.00614627 -0.0819968)
(0.00322344 0.00494582 -1.25643)
(0.0263367 0.0304744 1.24745)
(0.00686776 0.0156077 1.00236)
(-0.00651131 -0.0387827 -0.909902)
(0.0266028 -0.0609541 -2.17088)
(0.0200395 0.00423939 -0.393515)
(-0.00315299 0.00409918 -0.151545)
(0 0 0)
(0 0 0)
(0.0085217 -0.00298849 -0.0459855)
(0.0307027 0.02805 1.31384)
(-0.0225874 -0.0221946 -0.202466)
(0.00600535 -0.00500085 -0.308842)
(-0.000639712 0.00735681 -0.502604)
(0.0284473 0.0134772 -0.930219)
(0.034032 -0.0138327 -0.690513)
(0.000146632 0.00119468 -0.165917)
(0 0 0)
(0 0 0)
(0.00508792 0.00859445 -0.0539619)
(0.0138752 0.00174075 1.09121)
(-0.00599255 -0.00174975 -0.308252)
(0.0168644 0.0106158 -0.346495)
(0.000450456 0.0204966 -0.376321)
(-4.2808e-05 0.0304764 -0.448013)
(0.0101959 -0.00324672 -0.814585)
(0.00352244 -0.00335105 -0.155475)
(0 0 0)
(0 0 0)
(-0.00520021 0.00707316 -0.0868264)
(-0.0472934 -0.0135385 -0.915454)
(0.00518395 -0.0149211 -0.501924)
(0.0278148 -0.0104946 -0.361215)
(0.0126928 0.00390418 -0.339876)
(-0.000234003 0.009016 -0.349331)
(-0.00591325 0.00103036 -0.701001)
(-0.00038659 -0.00221082 -0.148542)
(0 0 0)
(0 0 0)
(-0.00954685 -0.00258635 -0.100379)
(-0.0800841 0.0290108 -2.26552)
(0.00704765 0.0354945 -0.9945)
(0.0417456 0.00123476 -0.408199)
(0.0198554 -0.000345648 -0.337091)
(-0.002831 -0.00717368 -0.302067)
(-0.00747678 -0.0072688 -0.371968)
(-0.0003856 -0.000631369 -0.14757)
(0 0 0)
(0 0 0)
(0.000608934 -0.00377875 -0.074529)
(0.00328609 0.0254399 -0.391148)
(-0.0168001 0.0506122 -0.877191)
(-0.00240539 0.0214118 -0.995309)
(0.00369697 -0.00177752 -0.826748)
(-0.00719656 -0.00757523 -0.373602)
(-0.0029108 -0.00292214 -0.36791)
(-4.11833e-05 -0.000151658 -0.147155)
(0 0 0)
(0 0 0)
(0.000274606 -0.000123618 -0.0296471)
(0.00443467 -0.00332236 -0.153379)
(0.00129162 0.000128025 -0.17461)
(-0.00363474 0.00437608 -0.160154)
(-0.00239588 -0.000441176 -0.149477)
(-0.000675922 -0.000414803 -0.147741)
(-0.000144612 -4.52802e-05 -0.147155)
(-3.98714e-06 -5.96617e-06 -0.0588372)
(0 0 0)
(0 0 0)
(0 0 0)
(0 0 0)
(0 0 0)
(0 0 0)
(0 0 0)
(0 0 0)
(0 0 0)
(0 0 0)
(0 0 0)
(0 0 0)
(0 0 0)
(0 0 0)
(0 0 0)
(0 0 0)
(0 0 0)
(0 0 0)
(0 0 0)
(0 0 0)
(0 0 0)
(0 0 0)
(0.00174556 0.00161973 -0.0174528)
(-0.0484869 0.173518 -0.0905654)
(-0.0491703 -0.303428 -0.104274)
(0.0695399 -0.259911 -0.093219)
(0.0846406 0.108411 -0.0783316)
(-0.0125598 0.329655 -0.0787771)
(-0.0382805 0.00139303 -0.0882288)
(-0.000453401 0.000963267 -0.0352887)
(0 0 0)
(0 0 0)
(0.174216 -0.0490085 -0.0869924)
(-1.71541 -1.71362 -0.464052)
(-2.40305 -0.00921071 -0.392304)
(2.27043 0.0694666 -0.413946)
(3.51863 0.0626898 -0.477622)
(-0.540968 0.373523 -0.521408)
(-1.69003 0.345987 -0.439038)
(0.000824906 0.0248325 -0.176846)
(0 0 0)
(0 0 0)
(-0.299718 -0.0483608 -0.0923)
(-0.00512273 -2.41293 -0.400614)
(1.54522 1.54923 -0.462498)
(0.313773 1.30003 -0.492867)
(0.600158 -0.520936 -0.522116)
(0.215203 -1.57832 -0.5746)
(-0.45385 0.513058 -0.438663)
(-0.134344 0.00924326 -0.177716)
(0 0 0)
(0 0 0)
(-0.261394 0.0702179 -0.086346)
(0.0708457 2.24388 -0.418001)
(1.31107 0.310371 -0.484928)
(0.0405786 0.0337424 -0.485646)
(0.0908427 -0.131564 -0.499358)
(0.479368 -0.529193 -0.536947)
(-0.0504893 0.0824605 -0.4611)
(-0.202697 -0.0217545 -0.177718)
(0 0 0)
(0 0 0)
(0.104557 0.0846968 -0.0839575)
(0.0559302 3.53907 -0.47994)
(-0.519672 0.628151 -0.519742)
(-0.130794 0.0697484 -0.490221)
(-0.0167967 -0.0294849 -0.476851)
(0.388409 -0.138288 -0.483361)
(0.0168795 -0.462822 -0.442962)
(-0.158635 -0.0118784 -0.176975)
(0 0 0)
(0 0 0)
(0.328804 -0.0132306 -0.0881197)
(0.39337 -0.535668 -0.508257)
(-1.61091 0.327416 -0.592391)
(-0.569152 0.601336 -0.534273)
(-0.118911 0.469381 -0.484692)
(0.0250727 0.0184778 -0.464572)
(0.0680483 -0.360819 -0.44534)
(-0.000312549 -0.00192514 -0.176893)
(0 0 0)
(0 0 0)
(0.000629074 -0.0387116 -0.0902032)
(0.457519 -1.69508 -0.442959)
(0.628922 -0.472449 -0.446994)
(0.0643402 -0.0261383 -0.465033)
(-0.573257 0.023066 -0.44361)
(-0.441669 0.0683324 -0.445258)
(0.00450551 0.00381056 -0.442027)
(2.94829e-05 -0.000497225 -0.176629)
(0 0 0)
(0 0 0)
(0.00116298 -0.000399562 -0.0352334)
(0.0311334 0.00226132 -0.174706)
(0.0127625 -0.178383 -0.173406)
(-0.0269764 -0.249979 -0.176591)
(-0.0157112 -0.193482 -0.177377)
(-0.00273157 -0.000553068 -0.177009)
(-0.000620202 3.8183e-05 -0.176632)
(-1.47336e-05 -1.44341e-05 -0.0706177)
(0 0 0)
(0 0 0)
(0 0 0)
(0 0 0)
(0 0 0)
(0 0 0)
(0 0 0)
(0 0 0)
(0 0 0)
(0 0 0)
(0 0 0)
(0 0 0)
(0 0 0)
(0 0 0)
(0 0 0)
(0 0 0)
(0 0 0)
(0 0 0)
(0 0 0)
(0 0 0)
(0 0 0)
(0 0 0)
(0.000164004 -0.000225056 -0.0138092)
(0.00225755 -0.000529704 -0.0652358)
(-0.00118144 -0.00601774 -0.116043)
(-0.00407823 -0.00253007 -0.103066)
(-0.00072336 0.00516189 -0.0529392)
(0.00255593 0.00950133 -0.0332946)
(0.00107091 0.00134364 -0.07124)
(-0.000103639 0.000313534 -0.0292243)
(0 0 0)
(0 0 0)
(0.000678222 -0.00136846 -0.0615443)
(-0.0334976 -0.0494284 0.696289)
(-0.0348647 -0.036367 -3.05829)
(0.0854415 0.0405146 -2.63213)
(0.111729 0.0868006 0.535088)
(0.00482407 0.15953 2.56993)
(-0.0580628 0.0159015 -0.329884)
(-0.00291983 0.00500514 -0.144523)
(0 0 0)
(0 0 0)
(-0.000147222 -0.0010412 -0.0970019)
(0.0234126 -0.0325143 -1.78099)
(0.0710764 0.0623941 -0.632588)
(0.0764197 0.0846716 -0.469379)
(0.0874374 0.0438627 -0.141093)
(-0.0466985 0.0394503 0.462093)
(-0.0928917 0.010359 -0.213915)
(0.000241616 0.00237979 -0.13332)
(0 0 0)
(0 0 0)
(0.00138258 0.00235755 -0.0895945)
(0.0510706 0.0819779 -1.5504)
(0.0792949 0.0714697 -0.4522)
(0.0463285 0.0288172 -0.393348)
(0.0439151 -0.0126084 -0.29633)
(-0.0418426 -0.0557708 -0.0594341)
(-0.0854736 -0.0072066 0.174165)
(-0.0040077 -0.0035827 -0.13967)
(0 0 0)
(0 0 0)
(0.00176389 0.00434525 -0.0621951)
(0.0569273 0.101743 0.0662013)
(0.0384018 0.100909 -0.257973)
(-0.00705368 0.0333298 -0.394331)
(-0.00435789 -0.0127175 -0.38344)
(-0.0425939 -0.0607202 -0.319141)
(-0.0489956 -0.0199886 0.0819733)
(-0.000994291 -0.00306393 -0.145016)
(0 0 0)
(0 0 0)
(0.00392896 0.000520185 -0.0504875)
(0.109548 0.00422747 1.20718)
(0.0311446 -0.0377448 0.224982)
(-0.0565028 -0.0311136 -0.389058)
(-0.0500116 -0.0393572 -0.413614)
(-0.0460688 -0.0453015 -0.431952)
(-0.032482 -0.00903039 -0.362038)
(-0.00188796 -0.00113698 -0.146579)
(0 0 0)
(0 0 0)
(0.000993243 -0.00194524 -0.0731154)
(0.0151772 -0.0578848 -0.375165)
(0.00811509 -0.117098 0.29351)
(-0.0114585 -0.081913 0.363272)
(-0.0221322 -0.0490591 0.158957)
(-0.0122423 -0.0320789 -0.361633)
(-0.00840234 -0.00754424 -0.368194)
(-0.000307612 -0.000464223 -0.147071)
(0 0 0)
(0 0 0)
(9.97639e-05 -0.00030689 -0.0291539)
(0.00304046 -0.00465946 -0.139338)
(0.00383131 -0.00465407 -0.112182)
(-0.000467385 -0.00609623 -0.130027)
(-0.00250788 -0.00187734 -0.144006)
(-0.00141674 -0.00205168 -0.146368)
(-0.000505666 -0.00031212 -0.147055)
(-3.78479e-05 -3.91026e-05 -0.0588316)
(0 0 0)
(0 0 0)
(0 0 0)
(0 0 0)
(0 0 0)
(0 0 0)
(0 0 0)
(0 0 0)
(0 0 0)
(0 0 0)
(0 0 0)
(0 0 0)
(0 0 0)
(0 0 0)
(0 0 0)
(0 0 0)
(0 0 0)
(0 0 0)
(0 0 0)
(0 0 0)
(0 0 0)
(0 0 0)
(3.36718e-05 -0.00113588 -0.0175663)
(0.0283822 -0.0601878 -0.0868635)
(0.0200343 0.19638 -0.0932448)
(-0.045562 0.175085 -0.0979237)
(-0.0494144 -0.0781054 -0.0881464)
(0.00909008 -0.208208 -0.0802036)
(0.0239027 -0.0020172 -0.0847002)
(0.00054214 0.000407646 -0.0351449)
(0 0 0)
(0 0 0)
(-0.0566831 0.000138251 -0.0882105)
(1.0256 -0.0252338 -0.441124)
(1.18733 -0.0412368 -0.465663)
(-1.47437 -0.0574465 -0.458582)
(-2.12297 -0.0455078 -0.411825)
(0.376938 -0.167366 -0.406707)
(1.05718 0.198105 -0.430176)
(0.00620294 0.00608017 -0.173185)
(0 0 0)
(0 0 0)
(-0.0045818 0.00512806 -0.0911868)
(0.0603022 0.237768 -0.422654)
(0.0467665 -0.969168 -0.423219)
(-0.165832 -0.850327 -0.396771)
(-0.275589 0.318316 -0.377775)
(0.285759 0.795056 -0.354556)
(0.263938 -0.078419 -0.452779)
(-0.0715011 -0.000168535 -0.169203)
(0 0 0)
(0 0 0)
(-0.0098485 0.00244767 -0.0913158)
(0.0227675 0.0688302 -0.408117)
(0.0516769 -0.0440077 -0.38767)
(-0.0734341 0.0255387 -0.37323)
(-0.219385 0.0828139 -0.36106)
(-0.0198848 0.19125 -0.350791)
(0.222831 -0.279888 -0.440149)
(0.0357805 -0.00650706 -0.171895)
(0 0 0)
(0 0 0)
(0.00882702 0.00195244 -0.0863743)
(0.0049031 0.0723396 -0.436469)
(-0.0114351 -0.0616649 -0.375476)
(-0.0097821 0.100302 -0.359009)
(-0.0816043 0.0937407 -0.366541)
(-0.0915711 0.226579 -0.379734)
(0.052595 0.07542 -0.445447)
(0.0418008 -0.00206386 -0.174618)
(0 0 0)
(0 0 0)
(0.00467909 -0.000127629 -0.0837758)
(-0.0468318 -0.0177496 -0.438799)
(0.0815018 -0.252257 -0.333375)
(0.0835494 -0.183041 -0.324895)
(-0.091952 -0.0938596 -0.365772)
(-0.0365812 0.0513314 -0.395541)
(-0.0101414 0.0908967 -0.436598)
(0.000318426 0.00028569 -0.175739)
(0 0 0)
(0 0 0)
(0.00425864 -0.000998955 -0.0869977)
(-0.241706 -0.0299381 -0.44707)
(-0.175787 0.0183675 -0.452545)
(0.140655 -0.111478 -0.434276)
(0.149759 -0.0365977 -0.444532)
(0.0948439 -0.010264 -0.436598)
(-0.000444011 -0.00105331 -0.439935)
(-1.55456e-05 -2.78474e-05 -0.176308)
(0 0 0)
(0 0 0)
(-0.000557903 -0.000284529 -0.0352092)
(-0.0123252 -0.0102443 -0.174123)
(-0.00225496 0.10131 -0.168492)
(0.012491 0.065038 -0.169972)
(0.00500776 0.0414977 -0.173845)
(0.00040698 5.28243e-05 -0.175561)
(4.16833e-05 -6.42377e-05 -0.176279)
(8.68812e-07 -1.18269e-05 -0.07057)
(0 0 0)
(0 0 0)
(0 0 0)
(0 0 0)
(0 0 0)
(0 0 0)
(0 0 0)
(0 0 0)
(0 0 0)
(0 0 0)
(0 0 0)
(0 0 0)
(0 0 0)
(0 0 0)
(0 0 0)
(0 0 0)
(0 0 0)
(0 0 0)
(0 0 0)
(0 0 0)
(0 0 0)
(0 0 0)
(6.45632e-05 -7.77529e-05 -0.0148378)
(0.0019252 0.000125252 -0.0731098)
(0.00123588 -0.00224861 -0.0609355)
(-0.00269233 -0.00137736 -0.0651109)
(-0.00325129 0.00126495 -0.0797971)
(0.000277189 0.00214782 -0.0849474)
(0.00134638 -0.000656706 -0.074667)
(0.000124709 -0.000160511 -0.0293348)
(0 0 0)
(0 0 0)
(0.000633851 0.0002988 -0.0766193)
(0.0174629 -0.00840315 -0.502618)
(0.0133422 -0.0140431 0.329504)
(-0.0248701 -0.0166107 0.163053)
(-0.0371097 -0.00349368 -0.658537)
(-0.0153558 0.00910587 -1.03855)
(0.0102956 -0.00226395 -0.348718)
(0.00241868 -0.00126745 -0.141399)
(0 0 0)
(0 0 0)
(-0.00131393 0.000188397 -0.0769659)
(0.00915251 -0.0151328 -0.525657)
(0.00804824 -0.030155 -0.190384)
(-0.0237983 -0.0422676 -0.307955)
(-0.0138 -0.0251527 -0.466013)
(0.0012146 -0.00642521 -0.535874)
(0.00560618 0.0109379 0.0400973)
(0.000810626 0.000647924 -0.131333)
(0 0 0)
(0 0 0)
(-0.00185769 -0.000581238 -0.0760641)
(-0.016719 0.0012236 -0.585978)
(-0.017809 -0.041665 -0.316548)
(-0.0110338 -0.045362 -0.372837)
(0.00933343 -0.0223468 -0.48456)
(0.0233184 -0.0109041 -0.724909)
(0.0172006 0.00450922 -0.355352)
(0.000199484 0.00130395 -0.143473)
(0 0 0)
(0 0 0)
(-0.000199331 -4.26678e-05 -0.0713791)
(-0.0286601 0.00567949 -0.291308)
(-0.0390692 -0.0296315 -0.370717)
(-0.00130922 -0.0313397 -0.39193)
(0.0233006 -0.00938412 -0.429127)
(0.0294033 0.000638578 -0.511561)
(0.0186058 0.0011246 -0.441746)
(0.000553631 1.51909e-05 -0.14712)
(0 0 0)
(0 0 0)
(-3.05253e-05 0.000702571 -0.0704207)
(-0.044388 -0.00202791 -0.154538)
(-0.0548908 0.0267726 -0.362391)
(0.00954685 0.0327399 -0.409518)
(0.0409714 0.0308478 -0.417994)
(0.0334813 0.0171934 -0.409933)
(0.0176507 0.00348853 -0.369451)
(0.000912212 -3.1051e-06 -0.146981)
(0 0 0)
(0 0 0)
(-0.000475386 0.000212801 -0.073317)
(-0.00600013 -0.00150069 -0.31204)
(-0.00481507 0.0318469 -0.403736)
(0.00316237 0.0514257 -0.487292)
(0.00807953 0.0341762 -0.488875)
(0.00197477 0.0174508 -0.369321)
(0.0027181 0.00295788 -0.367232)
(0.000199221 7.45391e-05 -0.147017)
(0 0 0)
(0 0 0)
(-0.000305757 -9.97583e-05 -0.0294262)
(-0.00358894 2.23101e-05 -0.146074)
(-0.000267935 -0.00199704 -0.148477)
(0.00327287 0.0013198 -0.149679)
(0.00151115 0.000159898 -0.147312)
(0.000337711 0.000823843 -0.147037)
(0.000175089 0.00014913 -0.147022)
(2.41885e-05 7.93619e-06 -0.0588205)
(0 0 0)
(0 0 0)
(0 0 0)
(0 0 0)
(0 0 0)
(0 0 0)
(0 0 0)
(0 0 0)
(0 0 0)
(0 0 0)
(0 0 0)
(0 0 0)
(0 0 0)
(0 0 0)
(0 0 0)
(0 0 0)
(0 0 0)
(0 0 0)
(0 0 0)
(0 0 0)
(0 0 0)
(0 0 0)
(-0.000222326 -0.000315625 -0.0177784)
(0.00591056 -0.0259388 -0.0882329)
(0.00545287 0.0443136 -0.082679)
(-0.00868829 0.0539797 -0.0842278)
(-0.00956982 -0.0126879 -0.0906202)
(0.00296902 -0.0591362 -0.0932398)
(0.00508364 -0.0073518 -0.0894922)
(-0.000167699 -0.000987784 -0.0354095)
(0 0 0)
(0 0 0)
(-0.0256678 0.00397626 -0.0889469)
(0.217443 0.15155 -0.439353)
(0.38499 -0.141739 -0.477203)
(-0.273304 -0.0508855 -0.467877)
(-0.545246 0.0249524 -0.420453)
(0.0375745 -0.0549106 -0.390132)
(0.266302 -0.265137 -0.439557)
(0.0124078 -0.01398 -0.17726)
(0 0 0)
(0 0 0)
(0.0305941 0.00417616 -0.0855233)
(-0.132843 0.31524 -0.467599)
(-0.183262 -0.247669 -0.45991)
(0.130657 -0.239196 -0.448797)
(-0.0374083 0.122193 -0.411872)
(-0.278803 0.446445 -0.367918)
(0.0457575 -0.0675521 -0.434441)
(0.110867 0.00198944 -0.177501)
(0 0 0)
(0 0 0)
(0.0398333 -0.00565404 -0.0867705)
(-0.0438356 -0.182197 -0.462505)
(-0.172074 0.136059 -0.454286)
(0.0970323 0.0956806 -0.455116)
(0.144703 0.0467172 -0.436011)
(-0.153752 0.170156 -0.400836)
(-0.16424 0.239996 -0.425981)
(0.0384646 0.0140071 -0.17665)
(0 0 0)
(0 0 0)
(-0.00802842 -0.00606905 -0.0900824)
(0.0270952 -0.392869 -0.430268)
(0.0962095 -0.00488818 -0.442617)
(0.040378 0.134241 -0.458705)
(0.0330046 0.0265709 -0.450486)
(-0.0763628 -0.104939 -0.427308)
(-0.091821 0.0883255 -0.437221)
(0.0072075 0.00262108 -0.176623)
(0 0 0)
(0 0 0)
(-0.0431167 0.00229404 -0.0908951)
(-0.0284976 0.00859344 -0.41373)
(0.355239 -0.217849 -0.43064)
(0.130849 -0.0825988 -0.45441)
(-0.0945087 -0.0267585 -0.451181)
(-0.0884983 -0.0929526 -0.44002)
(-0.0519662 0.0178172 -0.439215)
(-0.000131509 0.000106957 -0.17649)
(0 0 0)
(0 0 0)
(-0.00831841 0.00338096 -0.0885824)
(-0.199306 0.190668 -0.441263)
(0.0058411 0.0196837 -0.431887)
(0.228157 -0.151455 -0.43142)
(0.0215904 -0.0879343 -0.437992)
(-0.0310374 -0.0524295 -0.439638)
(0.00116066 0.000618411 -0.441241)
(4.50385e-05 5.71819e-05 -0.176467)
(0 0 0)
(0 0 0)
(-0.000864775 -0.000152673 -0.0354082)
(-0.0105163 0.0146169 -0.178255)
(0.00296689 0.0833626 -0.180917)
(0.0107132 0.00943253 -0.178779)
(0.0012325 -0.0144224 -0.177147)
(-1.12858e-05 -0.000220312 -0.176621)
(6.087e-05 1.47917e-05 -0.176498)
(1.42624e-05 4.75509e-06 -0.0705952)
(0 0 0)
(0 0 0)
(0 0 0)
(0 0 0)
(0 0 0)
(0 0 0)
(0 0 0)
(0 0 0)
(0 0 0)
(0 0 0)
(0 0 0)
(0 0 0)
(0 0 0)
(0 0 0)
(0 0 0)
(0 0 0)
(0 0 0)
(0 0 0)
(0 0 0)
(0 0 0)
(0 0 0)
(0 0 0)
(1.12761e-05 5.24433e-06 -0.014996)
(-0.00244213 -0.000575326 -0.0769425)
(-0.00146278 0.00359222 -0.0620157)
(0.00305889 0.00176293 -0.0655195)
(0.0029527 -0.00291251 -0.079297)
(-0.000570734 -0.00556724 -0.0846337)
(-0.00149765 -0.000117638 -0.0735801)
(-0.000138165 -9.26954e-05 -0.0295707)
(0 0 0)
(0 0 0)
(-0.000559569 -0.00252735 -0.0772353)
(0.00890743 0.00711454 -0.718158)
(0.0127065 0.0206955 0.248703)
(-0.0190292 0.00049944 0.221811)
(-0.0292498 -0.0391542 -0.569808)
(0.00992885 -0.0751205 -1.08831)
(0.0226082 -0.00528635 -0.387242)
(-0.000609645 -0.000950249 -0.151852)
(0 0 0)
(0 0 0)
(0.00367818 -0.00150297 -0.0631373)
(0.0225417 0.011467 0.200302)
(-0.0160826 -0.0163664 -0.387218)
(-0.0380477 -0.0184957 -0.368661)
(-0.0511203 -0.0161468 -0.404513)
(0.0295565 -0.0239054 -0.620831)
(0.0568178 -0.00903573 -0.73104)
(-0.000172264 2.02913e-05 -0.164675)
(0 0 0)
(0 0 0)
(0.00189685 0.00320475 -0.066371)
(0.00260203 -0.0156756 0.171127)
(-0.0177677 -0.0325117 -0.370502)
(-0.0201161 -0.0151542 -0.35166)
(-0.0344082 0.0113332 -0.324032)
(0.01731 0.0336863 -0.280073)
(0.0474395 0.00679726 -0.663909)
(0.00365742 0.000733447 -0.153041)
(0 0 0)
(0 0 0)
(-0.00278781 0.00314632 -0.0788437)
(-0.0340811 -0.024083 -0.556182)
(-0.0134741 -0.0395739 -0.400585)
(0.00587736 -0.0238684 -0.32766)
(-0.0025475 0.00616829 -0.314792)
(0.0233526 0.031725 -0.294372)
(0.0258843 0.00813521 -0.553591)
(-0.000256976 0.000136935 -0.147674)
(0 0 0)
(0 0 0)
(-0.00525862 -0.000572914 -0.0836523)
(-0.0628826 0.0104523 -1.03112)
(-0.0169341 0.0257314 -0.58942)
(0.0260494 0.0160128 -0.288281)
(0.0211609 0.024638 -0.296907)
(0.0191461 0.0240848 -0.304089)
(0.0159088 -0.00360951 -0.368928)
(0.000879726 -4.17236e-06 -0.14725)
(0 0 0)
(0 0 0)
(-3.20592e-05 -0.001585 -0.0735926)
(-0.00406294 0.0194155 -0.392298)
(-0.00776584 0.0460139 -0.660944)
(0.00608317 0.0383176 -0.583995)
(0.00562913 0.0221837 -0.495397)
(-0.00484897 0.0161779 -0.368297)
(0.000923051 0.00131731 -0.367465)
(0.000176977 9.86485e-05 -0.147104)
(0 0 0)
(0 0 0)
(-6.32175e-05 -0.000142726 -0.0295524)
(-0.000463065 -0.00078171 -0.151368)
(0.000225021 -3.95419e-05 -0.161723)
(0.000313983 0.00330668 -0.151551)
(-0.000185268 -0.000326379 -0.147469)
(-0.000100187 0.000851089 -0.147244)
(7.85458e-05 0.000171594 -0.147116)
(1.55131e-05 1.44592e-05 -0.0588362)
(0 0 0)
(0 0 0)
(0 0 0)
(0 0 0)
(0 0 0)
(0 0 0)
(0 0 0)
(0 0 0)
(0 0 0)
(0 0 0)
(0 0 0)
(0 0 0)
(0 0 0)
(0 0 0)
(0 0 0)
(0 0 0)
(0 0 0)
(0 0 0)
(0 0 0)
(0 0 0)
(0 0 0)
(0 0 0)
(0.0005365 0.00053281 -0.0176421)
(-0.0121991 0.0557615 -0.0881716)
(-0.0113526 -0.0865413 -0.0880059)
(0.0164187 -0.0732037 -0.0875745)
(0.0187534 0.0304728 -0.0883564)
(-0.00418982 0.0923789 -0.0892026)
(-0.00973563 -0.00542492 -0.0885649)
(-9.21001e-05 0.000177086 -0.035297)
(0 0 0)
(0 0 0)
(0.0557389 -0.0126538 -0.0885504)
(-0.444574 -0.465326 -0.443602)
(-0.63972 -0.0318397 -0.444034)
(0.582058 0.00500224 -0.449132)
(0.839924 0.0254545 -0.450512)
(-0.179038 0.1246 -0.449947)
(-0.444498 0.104178 -0.437601)
(0.0107442 0.00784106 -0.177459)
(0 0 0)
(0 0 0)
(-0.0908698 -0.0116594 -0.0891139)
(-0.0306122 -0.659702 -0.43824)
(0.41967 0.400079 -0.446678)
(0.11693 0.342971 -0.463096)
(0.188373 -0.13381 -0.481936)
(0.0587385 -0.391571 -0.508702)
(-0.147184 0.242685 -0.435486)
(-0.0449308 0.00391712 -0.179457)
(0 0 0)
(0 0 0)
(-0.0771278 0.017173 -0.0882302)
(0.00682849 0.61405 -0.444416)
(0.362206 0.118306 -0.462085)
(0.033011 0.033498 -0.47275)
(0.0538519 -0.0362246 -0.487547)
(0.195907 -0.151657 -0.512648)
(-0.0424831 0.078383 -0.449929)
(-0.0916403 -0.00755777 -0.178364)
(0 0 0)
(0 0 0)
(0.0323323 0.0196592 -0.087833)
(0.0255983 0.886611 -0.452748)
(-0.142292 0.190339 -0.481291)
(-0.0367181 0.0532907 -0.487819)
(-0.00242214 -0.00355618 -0.485147)
(0.170645 -0.0648877 -0.488648)
(-0.0140116 -0.208517 -0.441012)
(-0.077778 -0.00473753 -0.177131)
(0 0 0)
(0 0 0)
(0.0969895 -0.0043589 -0.088289)
(0.125564 -0.186001 -0.454639)
(-0.413711 0.0513917 -0.50243)
(-0.154364 0.183063 -0.509063)
(-0.0641914 0.160186 -0.486729)
(-0.0110819 -0.0118545 -0.472994)
(0.0155428 -0.17561 -0.445736)
(-0.000119728 -0.000578539 -0.176868)
(0 0 0)
(0 0 0)
(-0.00505135 -0.0101121 -0.0883735)
(0.0977644 -0.466676 -0.438204)
(0.228322 -0.149139 -0.434385)
(0.0748821 -0.0419665 -0.448443)
(-0.195346 -0.0129636 -0.441244)
(-0.165138 0.0156058 -0.445885)
(0.00194171 0.00205315 -0.442174)
(4.97116e-06 -0.000149408 -0.176608)
(0 0 0)
(0 0 0)
(0.000197237 -9.11579e-05 -0.0353009)
(0.00766891 0.0101086 -0.177763)
(0.00355162 -0.0419943 -0.179998)
(-0.00748387 -0.0858774 -0.178376)
(-0.00449027 -0.0731588 -0.177018)
(-0.000518629 -9.52214e-05 -0.176849)
(-0.000146804 6.09274e-06 -0.176612)
(-3.48293e-06 -2.81763e-06 -0.070614)
(0 0 0)
(0 0 0)
(0 0 0)
(0 0 0)
(0 0 0)
(0 0 0)
(0 0 0)
(0 0 0)
(0 0 0)
(0 0 0)
(0 0 0)
(0 0 0)
(0 0 0)
(0 0 0)
(0 0 0)
(0 0 0)
(0 0 0)
(0 0 0)
(0 0 0)
(0 0 0)
(0 0 0)
(0 0 0)
(-1.09806e-05 3.34473e-05 -0.0146349)
(-0.00191925 -0.000391621 -0.0725888)
(-0.00114337 0.00288142 -0.0750199)
(0.00255363 0.00229471 -0.0746887)
(0.00279841 -0.000879488 -0.0729082)
(-0.000486475 -0.00179969 -0.0720501)
(-0.00146405 0.000352432 -0.0734772)
(-0.000124357 9.94497e-05 -0.0293664)
(0 0 0)
(0 0 0)
(-0.000510666 -0.00136422 -0.0730739)
(-0.00442212 -0.00402942 -0.291181)
(0.00604864 0.0190471 -0.419482)
(0.00775848 0.0228231 -0.405008)
(0.0114416 0.0102665 -0.350287)
(0.00635347 0.0128413 -0.318232)
(-0.00628007 0.00329074 -0.398946)
(-0.00117343 0.00146131 -0.146949)
(0 0 0)
(0 0 0)
(0.00193135 -0.00106154 -0.0778643)
(0.0141848 0.00441352 -0.58663)
(0.0143468 0.0139716 -0.427284)
(0.0166318 0.0253812 -0.389475)
(0.0194558 0.023411 -0.350182)
(-0.00967217 0.0245581 -0.30742)
(-0.0226414 -0.000322396 -0.284099)
(-1.74179e-05 0.000630704 -0.142467)
(0 0 0)
(0 0 0)
(0.00166701 0.001683 -0.076706)
(0.0215706 0.0107408 -0.547369)
(0.0265882 0.0185494 -0.390459)
(0.0151516 0.0192051 -0.36744)
(0.00768475 0.00867882 -0.352042)
(-0.0176482 -0.00430151 -0.320882)
(-0.0273966 -0.00309532 -0.173275)
(-0.000776142 -0.00117321 -0.143138)
(0 0 0)
(0 0 0)
(-0.000322253 0.00199875 -0.0714659)
(0.0147982 0.0148093 -0.273707)
(0.0246936 0.0196116 -0.33084)
(0.00652082 0.012442 -0.333048)
(-0.00507549 -0.000921263 -0.345518)
(-0.0212256 -0.0154385 -0.335461)
(-0.0212542 -0.00579374 -0.193144)
(-0.000371221 -0.000903407 -0.146663)
(0 0 0)
(0 0 0)
(-0.000854643 -0.000279102 -0.0694307)
(0.0190021 0.00573998 -0.146241)
(0.0268121 -0.0121741 -0.281319)
(-0.00467888 -0.0201724 -0.261218)
(-0.020213 -0.0209871 -0.318654)
(-0.0218128 -0.0202359 -0.360968)
(-0.0153944 -0.00499158 -0.36557)
(-0.000831999 -0.000377249 -0.146989)
(0 0 0)
(0 0 0)
(0.00046638 -0.00099593 -0.0731879)
(0.00373188 -0.00689992 -0.390782)
(-0.000456189 -0.0202526 -0.395826)
(-0.00213747 -0.0298498 -0.242422)
(-0.00562626 -0.0222118 -0.236703)
(-0.00521306 -0.0153037 -0.366012)
(-0.00379547 -0.00368094 -0.367955)
(-0.00015009 -0.000180156 -0.147088)
(0 0 0)
(0 0 0)
(0.000176649 -7.93052e-05 -0.029374)
(0.00238378 -0.00103858 -0.147936)
(0.000607125 0.000962987 -0.147001)
(-0.00209487 -0.00018985 -0.145119)
(-0.00127432 -0.000262134 -0.146811)
(-0.000413788 -0.000817966 -0.147028)
(-0.000194441 -0.000143443 -0.147092)
(-1.85489e-05 -1.64299e-05 -0.0588324)
(0 0 0)
(0 0 0)
(0 0 0)
(0 0 0)
(0 0 0)
(0 0 0)
(0 0 0)
(0 0 0)
(0 0 0)
(0 0 0)
(0 0 0)
(0 0 0)
(0 0 0)
(0 0 0)
(0 0 0)
(0 0 0)
(0 0 0)
(0 0 0)
(0 0 0)
(0 0 0)
(0 0 0)
(0 0 0)
(0.000326567 0.000439239 -0.0175475)
(-0.00940058 0.037427 -0.0886984)
(-0.00809003 -0.075289 -0.0935917)
(0.0131853 -0.0650613 -0.091569)
(0.0148161 0.0270696 -0.0854584)
(-0.0033647 0.0819016 -0.083358)
(-0.00777407 0.00256817 -0.0870958)
(-0.000111454 0.000231483 -0.0352328)
(0 0 0)
(0 0 0)
(0.0372685 -0.00552893 -0.0874571)
(-0.372716 -0.211381 -0.442664)
(-0.500466 0.0199689 -0.411646)
(0.499069 0.0192436 -0.422484)
(0.730198 0.00726944 -0.454019)
(-0.120555 0.0688403 -0.470657)
(-0.385309 0.0150928 -0.441097)
(-0.00476538 0.00202464 -0.177197)
(0 0 0)
(0 0 0)
(-0.0415648 -0.00570786 -0.089816)
(0.00680981 -0.358197 -0.429309)
(0.198693 0.355544 -0.408264)
(0.0347738 0.297235 -0.433659)
(0.100734 -0.132085 -0.464702)
(-0.00823303 -0.383992 -0.46747)
(-0.0915379 0.00136987 -0.443123)
(-0.00726676 -0.00160004 -0.176962)
(0 0 0)
(0 0 0)
(-0.0364115 0.00689773 -0.0895907)
(0.00705137 0.251113 -0.436256)
(0.159727 0.0154221 -0.431589)
(-0.00381127 -0.0237449 -0.447091)
(0.0116354 -0.0394819 -0.466524)
(0.011999 -0.116931 -0.475357)
(-0.00309971 -0.0176635 -0.4555)
(-0.00310241 -0.00224426 -0.17529)
(0 0 0)
(0 0 0)
(0.0112015 0.0076476 -0.0876688)
(-0.00370687 0.399929 -0.4455)
(-0.0775475 0.0782136 -0.457495)
(-0.023644 -0.0525674 -0.458736)
(0.00433109 -0.0318441 -0.459349)
(0.0136589 -0.0225247 -0.460148)
(0.0203742 -0.00522299 -0.448129)
(0.00228261 0.000548226 -0.175758)
(0 0 0)
(0 0 0)
(0.0470432 -0.00215526 -0.086421)
(0.0576781 -0.0542533 -0.452834)
(-0.284671 0.125519 -0.467598)
(-0.11415 0.0880024 -0.467626)
(0.0417307 0.0482863 -0.459062)
(0.0387343 0.0200426 -0.450646)
(0.0212332 0.00596035 -0.444245)
(4.79874e-05 3.14361e-06 -0.176303)
(0 0 0)
(0 0 0)
(0.00119904 -0.00427524 -0.0874894)
(0.131603 -0.215216 -0.44024)
(0.0644911 -0.058374 -0.448112)
(-0.0978382 0.0646764 -0.45603)
(-0.0625927 0.0382242 -0.447133)
(-0.0284513 0.021036 -0.443916)
(0.000449292 0.000139342 -0.441348)
(-5.50257e-05 -4.48877e-05 -0.176459)
(0 0 0)
(0 0 0)
(0.000495076 5.13305e-05 -0.0351885)
(0.00766382 -0.00133937 -0.176162)
(-0.000573609 -0.0558059 -0.175045)
(-0.00786131 -0.0276676 -0.174774)
(-0.00169333 -0.0126257 -0.175809)
(-7.72551e-05 9.07273e-05 -0.176318)
(-8.35648e-05 -3.67623e-05 -0.17646)
(-1.15195e-05 -6.63409e-06 -0.0705878)
(0 0 0)
(0 0 0)
(0 0 0)
(0 0 0)
(0 0 0)
(0 0 0)
(0 0 0)
(0 0 0)
(0 0 0)
(0 0 0)
(0 0 0)
(0 0 0)
(0 0 0)
(0 0 0)
(0 0 0)
(0 0 0)
(0 0 0)
(0 0 0)
(0 0 0)
(0 0 0)
(0 0 0)
(0 0 0)
(0.000102595 -8.23527e-05 -0.0144274)
(0.00204219 -8.02161e-05 -0.0717354)
(0.000640424 -0.00277019 -0.0894291)
(-0.00296238 -0.00113721 -0.0843082)
(-0.00270779 0.00213628 -0.066129)
(0.000612466 0.00370272 -0.0586141)
(0.0015881 0.000550413 -0.0722189)
(0.000161552 0.000282744 -0.0293617)
(0 0 0)
(0 0 0)
(0.000519557 0.000394495 -0.0691179)
(-0.00207749 -0.00222107 -0.0653567)
(-0.00700809 -0.0264709 -1.27871)
(0.00915113 0.00649623 -1.04528)
(0.0166677 0.0399534 -0.0236869)
(0.000134842 0.0530704 0.540193)
(-0.0089815 0.0039801 -0.401555)
(0.00027494 0.00207643 -0.150375)
(0 0 0)
(0 0 0)
(0.000376974 0.000781959 -0.0769436)
(-0.00939991 0.000971927 -0.579337)
(0.011745 0.0159787 -0.628409)
(0.0423881 0.0340323 -0.454752)
(0.0246171 0.0380713 -0.244213)
(-0.0299799 0.035927 -0.0801267)
(-0.0298688 0.00314217 -0.601297)
(0.00109916 -0.00121095 -0.153541)
(0 0 0)
(0 0 0)
(0.0011308 -7.43352e-05 -0.0756322)
(0.010365 0.00174538 -0.444285)
(0.0263404 0.0422544 -0.44701)
(0.0334314 0.0293023 -0.369378)
(0.0181249 0.00590141 -0.253585)
(-0.0387478 -0.00894957 -0.0273375)
(-0.0501046 -0.0065799 -0.218736)
(-0.00301222 -0.00238852 -0.146675)
(0 0 0)
(0 0 0)
(0.000364383 -0.000683854 -0.0725209)
(0.029742 0.00299853 -0.30977)
(0.0383779 0.0333609 -0.319009)
(0.00615536 0.0192951 -0.321755)
(-0.0126446 -0.011624 -0.300008)
(-0.0426615 -0.0311094 -0.228634)
(-0.0315406 -0.00591542 -0.167946)
(0.000263107 -6.04047e-05 -0.146651)
(0 0 0)
(0 0 0)
(0.00087234 -0.000510556 -0.0699526)
(0.0434859 0.000771708 -0.186597)
(0.0424814 -0.0266828 -0.230207)
(-0.01196 -0.0336207 -0.260885)
(-0.0317895 -0.0404941 -0.297703)
(-0.031472 -0.028152 -0.33377)
(-0.0193857 0.00487661 -0.363524)
(-0.000836497 0.000194535 -0.14692)
(0 0 0)
(0 0 0)
(0.000334234 0.000188069 -0.0732125)
(0.00521351 -0.00471753 -0.426496)
(0.00437411 -0.0381995 -0.306605)
(-0.00876343 -0.0507786 -0.148733)
(-0.00752625 -0.0334301 -0.15534)
(0.00326752 -0.0190692 -0.363869)
(-0.00129403 -0.000762603 -0.367064)
(-0.000184364 -5.8669e-05 -0.147036)
(0 0 0)
(0 0 0)
(0.000203507 0.000106387 -0.0293037)
(0.00153914 0.000172376 -0.147375)
(-0.000628493 -5.93729e-05 -0.142323)
(-0.00152717 -0.00335072 -0.142523)
(-4.12389e-05 0.000128457 -0.146556)
(6.75562e-05 -0.000859579 -0.146876)
(-8.99963e-05 -0.000173926 -0.147024)
(-1.63235e-05 -1.281e-05 -0.0588179)
(0 0 0)
(0 0 0)
(0 0 0)
(0 0 0)
(0 0 0)
(0 0 0)
(0 0 0)
(0 0 0)
(0 0 0)
(0 0 0)
(0 0 0)
(0 0 0)
(0 0 0)
(0 0 0)
(0 0 0)
(0 0 0)
(0 0 0)
(0 0 0)
(0 0 0)
(0 0 0)
(0 0 0)
(0 0 0)
(3.19896e-05 -0.000626757 -0.0174906)
(0.0149123 -0.0347797 -0.0878571)
(0.0102206 0.112013 -0.0943123)
(-0.0219693 0.0783762 -0.0933461)
(-0.0240118 -0.0465804 -0.085877)
(0.00438005 -0.105148 -0.0828596)
(0.0126949 0.0136643 -0.0866871)
(0.00053264 0.00119774 -0.0351632)
(0 0 0)
(0 0 0)
(-0.0330659 0.000971077 -0.0875369)
(0.564224 0.0255361 -0.444462)
(0.551535 0.190245 -0.408763)
(-0.809069 0.0385383 -0.419639)
(-0.946546 -0.0751897 -0.455678)
(0.286929 -0.126022 -0.48184)
(0.536424 0.302234 -0.440559)
(-0.0231044 0.0108997 -0.175368)
(0 0 0)
(0 0 0)
(0.00471527 0.00334581 -0.0913299)
(0.234544 0.0735531 -0.409432)
(0.0520482 -0.462867 -0.416935)
(-0.345677 -0.386369 -0.421159)
(-0.24975 0.108328 -0.447438)
(0.38694 0.165883 -0.478499)
(0.198242 -0.206282 -0.446639)
(-0.117893 -0.00689843 -0.174632)
(0 0 0)
(0 0 0)
(-0.020123 0.000805431 -0.0900266)
(0.0738968 -0.0239385 -0.411303)
(0.088081 -0.27882 -0.415777)
(-0.192323 -0.137807 -0.40924)
(-0.336218 0.0114539 -0.420881)
(-0.0285774 0.0193766 -0.445631)
(0.352308 -0.516407 -0.447047)
(0.0650346 -0.0126613 -0.175521)
(0 0 0)
(0 0 0)
(-0.00113724 -0.000313622 -0.0863838)
(-0.0452258 0.122166 -0.454083)
(-0.0611365 -0.134136 -0.429973)
(-0.0374296 -0.154975 -0.408297)
(-0.0828865 0.011704 -0.415172)
(-0.128799 0.290269 -0.434127)
(0.154015 0.145002 -0.4444)
(0.0935189 0.000560024 -0.175743)
(0 0 0)
(0 0 0)
(0.00740466 -0.00121058 -0.0851792)
(-0.0563373 0.0747687 -0.473288)
(-0.193584 0.116353 -0.441664)
(-0.0409309 -0.0886898 -0.413015)
(0.112959 -0.107327 -0.419891)
(0.103852 0.152932 -0.432981)
(0.0499373 0.207287 -0.441471)
(0.000482758 0.000560647 -0.176251)
(0 0 0)
(0 0 0)
(0.0162126 0.000204795 -0.0876352)
(0.0761917 -0.0237201 -0.444506)
(-0.229353 0.0638086 -0.449885)
(-0.265372 0.158209 -0.447036)
(0.158226 0.103568 -0.444794)
(0.187157 0.049409 -0.441436)
(-0.00321448 -0.00378106 -0.441044)
(7.11522e-05 0.000114012 -0.176426)
(0 0 0)
(0 0 0)
(0.000679375 0.000128215 -0.0351656)
(0.00211165 -0.0308321 -0.174665)
(-0.00713604 -0.0308648 -0.172151)
(-0.00281769 0.0689499 -0.173673)
(0.00399296 0.0833759 -0.175339)
(0.000515405 0.000302782 -0.176137)
(0.000123849 5.31602e-05 -0.176399)
(8.43321e-07 -3.44602e-06 -0.0705773)
(0 0 0)
(0 0 0)
(0 0 0)
(0 0 0)
(0 0 0)
(0 0 0)
(0 0 0)
(0 0 0)
(0 0 0)
(0 0 0)
(0 0 0)
(0 0 0)
(0 0 0)
(0 0 0)
(0 0 0)
(0 0 0)
(0 0 0)
(0 0 0)
(0 0 0)
(0 0 0)
(0 0 0)
(0 0 0)
(9.5622e-05 -0.000124677 -0.0144662)
(0.00626027 0.00101328 -0.0700547)
(0.00356097 -0.00791537 -0.0814494)
(-0.00822422 -0.00461655 -0.0793098)
(-0.00872877 0.00498433 -0.0695028)
(0.00112165 0.0093801 -0.0658222)
(0.00429375 -0.000186404 -0.0735814)
(0.000454 0.000162653 -0.0292992)
(0 0 0)
(0 0 0)
(0.00169597 0.00365314 -0.0706297)
(0.00973778 -0.00915103 -0.0673888)
(-0.0100197 -0.0576139 -0.830615)
(-0.00553241 -0.0264229 -0.834778)
(-0.00138932 0.0472293 -0.215304)
(-0.0227623 0.0892943 0.187338)
(-0.00984674 0.00376766 -0.320992)
(0.003519 0.00115993 -0.142261)
(0 0 0)
(0 0 0)
(-0.0049468 0.00282148 -0.0829868)
(-0.0290708 -0.0234605 -0.89278)
(0.0137056 -0.00673876 -0.286897)
(0.0329048 -0.00744866 -0.34208)
(0.035591 0.0073428 -0.356281)
(-0.0356026 0.0252657 -0.208865)
(-0.0408322 0.0156893 -0.0771932)
(0.00213934 -0.00106842 -0.134094)
(0 0 0)
(0 0 0)
(-0.0033373 -0.00422146 -0.0800335)
(-0.0231387 0.00850649 -0.89382)
(0.00335076 0.0202868 -0.341786)
(0.0236753 -0.00474093 -0.378441)
(0.0427994 -0.0210727 -0.429757)
(-0.0143438 -0.0327167 -0.520821)
(-0.0421337 -0.00350196 -0.26999)
(-0.00350769 -0.00139292 -0.144675)
(0 0 0)
(0 0 0)
(0.00275612 -0.00460237 -0.0685786)
(0.0212554 0.0197939 -0.194087)
(-0.00300613 0.0300876 -0.350358)
(-0.00505317 0.0120027 -0.421489)
(0.011936 -0.0130146 -0.435506)
(-0.0169711 -0.0326773 -0.473775)
(-0.0188987 -0.00465943 -0.356287)
(0.00107411 0.00027349 -0.146913)
(0 0 0)
(0 0 0)
(0.00572069 0.000638746 -0.0644912)
(0.0435251 -0.0137704 0.255134)
(-0.0067095 -0.0155285 -0.191516)
(-0.0197244 -0.00338772 -0.488753)
(-0.00175051 -0.0153956 -0.462761)
(-0.00539599 -0.0160632 -0.432761)
(-0.00825641 0.0119217 -0.368772)
(-0.000329116 0.000453522 -0.146966)
(0 0 0)
(0 0 0)
(-0.000320272 0.00233288 -0.0735719)
(0.00100673 -0.0164997 -0.317471)
(0.00576409 -0.0303931 -0.105199)
(-0.00613078 -0.0175071 -0.254359)
(-0.00103352 -0.00868997 -0.336954)
(0.0103496 -0.0083818 -0.368326)
(0.00204421 0.0022835 -0.36739)
(-9.94225e-05 4.61996e-05 -0.146999)
(0 0 0)
(0 0 0)
(-6.25746e-05 0.000222083 -0.0293218)
(-0.00170872 0.00157427 -0.142727)
(-0.00131882 -0.00113017 -0.134901)
(0.00150278 -0.0037 -0.144812)
(0.00176439 0.000480356 -0.14688)
(0.000662513 -0.0004292 -0.146924)
(0.000109188 -0.000135517 -0.146982)
(3.1412e-06 -8.54263e-06 -0.0588086)
(0 0 0)
(0 0 0)
(0 0 0)
(0 0 0)
(0 0 0)
(0 0 0)
(0 0 0)
(0 0 0)
(0 0 0)
(0 0 0)
(0 0 0)
(0 0 0)
(0 0 0)
(0 0 0)
(0 0 0)
(0 0 0)
(0 0 0)
(0 0 0)
(0 0 0)
(0 0 0)
(0 0 0)
(0 0 0)
(-0.000770744 -0.00124285 -0.0178861)
(0.0326221 -0.103187 -0.086508)
(0.0292441 0.223139 -0.0702927)
(-0.0478416 0.187558 -0.0782004)
(-0.0565275 -0.084087 -0.0974413)
(0.00901779 -0.234842 -0.101872)
(0.0261002 0.00315239 -0.0906061)
(0.000504832 1.03024e-05 -0.0353495)
(0 0 0)
(0 0 0)
(-0.102094 0.0172435 -0.0897498)
(1.1813 0.661198 -0.422064)
(1.52634 0.0422997 -0.482921)
(-1.64078 -0.0367123 -0.458306)
(-2.38312 -0.066496 -0.413798)
(0.427097 -0.245461 -0.371461)
(1.18338 -0.0136079 -0.447727)
(-0.00568144 -0.00525916 -0.174391)
(0 0 0)
(0 0 0)
(0.121742 0.019472 -0.0819906)
(0.0887887 1.02386 -0.47029)
(-0.576839 -1.07141 -0.468045)
(-0.274322 -0.925881 -0.414302)
(-0.402008 0.350788 -0.356748)
(0.0935483 0.966951 -0.314813)
(0.325155 -0.286319 -0.444284)
(0.00954529 -0.004396 -0.173743)
(0 0 0)
(0 0 0)
(0.0960672 -0.021285 -0.0847495)
(0.00526475 -0.80119 -0.452548)
(-0.457868 -0.196078 -0.42892)
(-0.0846923 -0.0409496 -0.40268)
(-0.173585 0.0860215 -0.360942)
(-0.204064 0.288999 -0.318683)
(0.159411 -0.219628 -0.410983)
(0.109687 0.00426329 -0.177561)
(0 0 0)
(0 0 0)
(-0.0394184 -0.0256436 -0.0913964)
(-0.0323513 -1.15925 -0.419797)
(0.181819 -0.276075 -0.378451)
(0.039769 -0.0295019 -0.380542)
(-0.0331466 0.0437706 -0.382876)
(-0.213772 0.184118 -0.375662)
(0.0428728 0.245965 -0.436123)
(0.0987746 0.00402913 -0.178016)
(0 0 0)
(0 0 0)
(-0.12755 0.00509559 -0.0931346)
(-0.177053 0.227608 -0.397334)
(0.587317 -0.144673 -0.340355)
(0.228093 -0.273561 -0.350348)
(0.0404536 -0.211875 -0.385845)
(0.000718724 0.039348 -0.405116)
(-0.0189312 0.220407 -0.434554)
(0.000192524 0.00071552 -0.176463)
(0 0 0)
(0 0 0)
(0.00624768 0.0130013 -0.0890973)
(-0.201406 0.614286 -0.44577)
(-0.321869 0.2001 -0.437488)
(-0.0371381 0.0114277 -0.413552)
(0.276546 0.00296051 -0.437043)
(0.220758 -0.0190647 -0.434929)
(-0.00298851 -0.00325768 -0.440272)
(0.000213425 0.000176672 -0.176257)
(0 0 0)
(0 0 0)
(-0.000433058 7.17849e-05 -0.0354042)
(-0.0134801 -0.0133523 -0.176215)
(-0.00559449 0.0844366 -0.177256)
(0.0131186 0.121092 -0.178772)
(0.00737295 0.0978954 -0.177795)
(0.000751373 -6.89676e-06 -0.176416)
(0.000242029 0.000146765 -0.176243)
(2.64293e-05 4.95627e-06 -0.0705292)
(0 0 0)
(0 0 0)
(0 0 0)
(0 0 0)
(0 0 0)
(0 0 0)
(0 0 0)
(0 0 0)
(0 0 0)
(0 0 0)
(0 0 0)
(0 0 0)
(0 0 0)
(0 0 0)
(0 0 0)
(0 0 0)
(0 0 0)
(0 0 0)
(0 0 0)
(0 0 0)
(0 0 0)
(0 0 0)
(-8.60096e-05 0.000102343 -0.0154796)
(-0.00325757 -0.000398105 -0.0802006)
(-0.000342372 0.00554623 -0.0342412)
(0.00515018 0.00273585 -0.0461591)
(0.00292592 -0.00392398 -0.0916647)
(-0.00228474 -0.00728952 -0.11029)
(-0.00212136 -0.000776867 -0.0760268)
(-3.43797e-05 -0.000191233 -0.0294946)
(0 0 0)
(0 0 0)
(-0.00100762 -0.0017291 -0.0845586)
(0.0183612 0.0111411 -1.29567)
(0.0350961 0.0298433 2.09864)
(-0.0333377 -0.0220059 1.5444)
(-0.0580462 -0.0708609 -1.21145)
(-0.00314871 -0.10509 -2.91379)
(0.0318726 -0.00576926 -0.313183)
(0.000654482 -0.00124973 -0.143474)
(0 0 0)
(0 0 0)
(0.00234734 -0.00101323 -0.0545747)
(0.0127825 0.0126135 0.824611)
(-0.0337447 -0.0495169 0.165064)
(-0.0555171 -0.0674795 -0.185893)
(-0.0449216 -0.0483435 -0.637805)
(0.0455943 -0.0343486 -1.16307)
(0.0624457 -0.00690897 -0.242133)
(-9.1861e-05 0.000920476 -0.148758)
(0 0 0)
(0 0 0)
(0.000152534 0.00202844 -0.0604451)
(-0.0256338 -0.017996 0.452873)
(-0.0508981 -0.0558836 -0.207512)
(-0.0337369 -0.0348448 -0.357631)
(-0.0183113 0.00218526 -0.553411)
(0.0493271 0.0342588 -0.970609)
(0.0704953 0.00993152 -0.986352)
(0.00468766 0.00164918 -0.154757)
(0 0 0)
(0 0 0)
(-0.0022301 0.0015138 -0.0815018)
(-0.0578096 -0.0264316 -0.754011)
(-0.0495501 -0.0489987 -0.52092)
(0.00337275 -0.0239283 -0.462878)
(0.0234468 0.0186049 -0.471275)
(0.0509592 0.0473836 -0.592193)
(0.0375104 0.0122664 -0.987452)
(-0.000377268 -4.74523e-05 -0.149927)
(0 0 0)
(0 0 0)
(-0.00434138 -0.000605996 -0.091929)
(-0.0901383 0.00170247 -1.56571)
(-0.0508754 0.0448065 -0.87018)
(0.0345487 0.0447944 -0.640783)
(0.0520623 0.0485638 -0.496649)
(0.0384128 0.03294 -0.396262)
(0.0207301 -0.0027029 -0.377756)
(0.000901225 -0.0001768 -0.147455)
(0 0 0)
(0 0 0)
(-0.000496784 -0.000872687 -0.0743518)
(-0.00708856 0.0205713 -0.275275)
(-0.0100027 0.0684787 -0.550501)
(0.0102745 0.0727244 -0.961376)
(0.0139984 0.0408766 -0.906686)
(-0.00121222 0.0203027 -0.375881)
(0.00255013 0.00192261 -0.36532)
(0.000181972 8.22282e-05 -0.146714)
(0 0 0)
(0 0 0)
(-0.000172675 -4.26972e-05 -0.0295706)
(-0.00161775 0.000289808 -0.146991)
(8.95899e-05 0.000298463 -0.160258)
(0.00159272 0.00463492 -0.158642)
(0.00057427 -0.000347761 -0.149488)
(9.4562e-05 0.000884905 -0.14742)
(0.000163325 0.000113532 -0.146729)
(3.887e-05 1.26351e-05 -0.0586884)
(0 0 0)
(0 0 0)
(0 0 0)
(0 0 0)
(0 0 0)
(0 0 0)
(0 0 0)
(0 0 0)
(0 0 0)
(0 0 0)
(0 0 0)
(0 0 0)
(0 0 0)
(0 0 0)
(0 0 0)
(0 0 0)
(0 0 0)
(0 0 0)
(0 0 0)
(0 0 0)
(0 0 0)
(0 0 0)
(0.000576207 0.00138602 -0.0177155)
(-0.0355281 0.104916 -0.0863718)
(-0.0296138 -0.236633 -0.0714642)
(0.053615 -0.184357 -0.0716226)
(0.0598382 0.0907375 -0.0926543)
(-0.0101804 0.23727 -0.103545)
(-0.0290331 -0.0159387 -0.0928834)
(-0.000740632 -0.000989875 -0.0352743)
(0 0 0)
(0 0 0)
(0.102444 -0.016617 -0.0901494)
(-1.26439 -0.654757 -0.433076)
(-1.50842 -0.237214 -0.446905)
(1.78435 -0.0262731 -0.435297)
(2.38595 0.113348 -0.446369)
(-0.527066 0.285875 -0.420443)
(-1.22904 -0.216851 -0.453666)
(0.0281415 -0.00322978 -0.1758)
(0 0 0)
(0 0 0)
(-0.120894 -0.0191341 -0.0874035)
(-0.286923 -0.917353 -0.439936)
(0.50528 1.0733 -0.477609)
(0.5361 0.922938 -0.479048)
(0.521236 -0.306036 -0.462068)
(-0.35999 -0.725298 -0.448827)
(-0.403972 0.453545 -0.441348)
(0.076878 0.0109214 -0.176472)
(0 0 0)
(0 0 0)
(-0.0739718 0.019504 -0.0852792)
(-0.0696737 0.814397 -0.450094)
(0.366502 0.435631 -0.499344)
(0.236071 0.184103 -0.507653)
(0.414653 -0.059403 -0.484766)
(0.224295 -0.209247 -0.460777)
(-0.416347 0.609465 -0.440055)
(-0.160014 0.00800366 -0.178579)
(0 0 0)
(0 0 0)
(0.0431763 0.0234531 -0.087577)
(0.0779495 0.96612 -0.450997)
(-0.12104 0.351116 -0.494383)
(-0.00631177 0.228586 -0.512511)
(0.0778243 -0.0159471 -0.488595)
(0.305747 -0.37664 -0.464322)
(-0.169279 -0.357468 -0.437768)
(-0.173307 -0.0053275 -0.178983)
(0 0 0)
(0 0 0)
(0.113977 -0.00413691 -0.0901466)
(0.193029 -0.300862 -0.447283)
(-0.310338 -0.12412 -0.493251)
(-0.125402 0.217807 -0.518708)
(-0.194096 0.228281 -0.485103)
(-0.11379 -0.162788 -0.458458)
(-0.0367461 -0.391048 -0.440843)
(-0.001666 -0.00258121 -0.176458)
(0 0 0)
(0 0 0)
(-0.0193787 -0.0123181 -0.0891352)
(-0.0339647 -0.561921 -0.443051)
(0.405741 -0.239983 -0.428338)
(0.350603 -0.221924 -0.439702)
(-0.303606 -0.116006 -0.437118)
(-0.315675 -0.0355256 -0.441178)
(0.00294661 0.00394402 -0.440167)
(0.000767223 -0.000557605 -0.17551)
(0 0 0)
(0 0 0)
(-0.000549739 -0.000244943 -0.0353331)
(0.00285047 0.0370407 -0.17845)
(0.0100643 0.0103012 -0.183428)
(-0.000237605 -0.134344 -0.182571)
(-0.00710213 -0.139158 -0.179197)
(-0.00207436 -0.00127238 -0.176683)
(-0.000494636 0.000721362 -0.175659)
(1.81544e-05 -5.76851e-06 -0.0701707)
(0 0 0)
(0 0 0)
(0 0 0)
(0 0 0)
(0 0 0)
(0 0 0)
(0 0 0)
(0 0 0)
(0 0 0)
(0 0 0)
(0 0 0)
(0 0 0)
(0 0 0)
(0 0 0)
(0 0 0)
(0 0 0)
(0 0 0)
(0 0 0)
(0 0 0)
(0 0 0)
(0 0 0)
(0 0 0)
(-0.000306326 0.000330871 -0.0145249)
(-0.00932487 -0.00042594 -0.0708169)
(-0.00474217 0.0107466 -0.0657312)
(0.0132765 0.00686134 -0.0672317)
(0.0144901 -0.00568273 -0.0761773)
(-0.0017364 -0.0108152 -0.0790058)
(-0.00695032 0.000651797 -0.0731751)
(-0.000778706 -0.000221987 -0.029148)
(0 0 0)
(0 0 0)
(-0.00237678 -0.00229691 -0.0742624)
(-0.0347261 0.00268243 -0.333355)
(0.00333384 0.0891408 0.00502733)
(0.0454198 0.0560134 0.0471072)
(0.0499986 -0.0406986 -0.513457)
(0.0279859 -0.0796762 -0.796717)
(-0.0129288 0.00075091 -0.419124)
(-0.00756551 -0.00126396 -0.147299)
(0 0 0)
(0 0 0)
(0.00194694 -0.00343027 -0.0821049)
(0.0196922 0.0173567 -0.878733)
(0.00779698 0.0412814 -0.526264)
(-0.00921023 0.0435272 -0.40719)
(-0.00145501 0.00746718 -0.376387)
(0.0304864 -0.0178815 -0.43666)
(0.0104784 -0.0159554 -0.387908)
(-0.0053316 0.0029051 -0.146453)
(0 0 0)
(0 0 0)
(0.00218743 0.00168485 -0.078739)
(0.0407167 0.0164552 -0.732155)
(0.0307056 0.0041801 -0.413747)
(-0.0210831 0.0302156 -0.355118)
(-0.0439532 0.0276318 -0.329046)
(0.00515069 0.0242125 -0.288776)
(0.0242598 0.00217103 -0.255322)
(0.00101598 0.00303455 -0.14279)
(0 0 0)
(0 0 0)
(0.000162847 0.00338353 -0.0679312)
(0.0122095 0.01315 -0.129766)
(0.0220491 -0.0152118 -0.279417)
(0.00316032 0.00253768 -0.248412)
(-0.0207031 0.0158649 -0.290947)
(0.00339559 0.0252685 -0.282699)
(0.00245055 -0.00192239 -0.227891)
(-0.00322944 -0.000889768 -0.146472)
(0 0 0)
(0 0 0)
(-0.00146085 0.000596382 -0.0641539)
(-0.00154883 0.00955615 0.122156)
(0.0215432 -0.00580441 -0.246981)
(0.00881039 -0.0152194 -0.0204803)
(-0.0216292 -0.000730028 -0.211137)
(-0.0127448 -0.00108709 -0.309909)
(-0.00462132 -0.0215739 -0.363936)
(-0.000911456 -0.00182426 -0.145782)
(0 0 0)
(0 0 0)
(0.000962027 -0.0013421 -0.0717619)
(0.00227966 -0.00257384 -0.388351)
(-0.0013929 0.00531606 -0.7525)
(0.0085565 -0.0123688 -0.35764)
(-0.0054317 -0.00941808 -0.267322)
(-0.0167972 -0.00429276 -0.364349)
(-0.00659214 -0.00704576 -0.356649)
(-0.0003155 -0.000589326 -0.14521)
(0 0 0)
(0 0 0)
(0.000246349 -0.000251939 -0.0291587)
(0.00410292 -0.00235283 -0.150836)
(0.00252373 0.00234068 -0.160695)
(-0.00279639 0.00246481 -0.149181)
(-0.0031819 -0.00148474 -0.146857)
(-0.00187486 -0.000496255 -0.146439)
(-0.000771184 -0.00016324 -0.145695)
(-9.34364e-05 -4.89438e-05 -0.0580851)
(0 0 0)
(0 0 0)
(0 0 0)
(0 0 0)
(0 0 0)
(0 0 0)
(0 0 0)
(0 0 0)
(0 0 0)
(0 0 0)
(0 0 0)
(0 0 0)
(0 0 0)
(0 0 0)
(0 0 0)
(0 0 0)
(0 0 0)
(0 0 0)
(0 0 0)
(0 0 0)
(0 0 0)
(0 0 0)
(3.33854e-05 0.00183498 -0.0170927)
(-0.051228 0.100115 -0.0881712)
(-0.0383497 -0.323145 -0.106717)
(0.0820234 -0.281483 -0.0981708)
(0.0960935 0.130391 -0.0728898)
(-0.0129523 0.344704 -0.0677972)
(-0.0417563 -0.00226752 -0.0830768)
(-0.00106297 -0.000517876 -0.0345936)
(0 0 0)
(0 0 0)
(0.0944685 -0.00210159 -0.084828)
(-1.77606 -0.0388433 -0.455203)
(-2.03324 0.0121385 -0.393363)
(2.59557 0.078838 -0.410492)
(3.81459 0.115003 -0.434997)
(-0.648388 0.33002 -0.49188)
(-1.82111 -0.198829 -0.417555)
(0.00123903 -0.0023393 -0.174362)
(0 0 0)
(0 0 0)
(-0.00738735 -0.0105515 -0.0918149)
(-0.151667 -0.451706 -0.401948)
(-0.0353722 1.62737 -0.411633)
(0.38522 1.43256 -0.443057)
(0.572692 -0.522694 -0.482165)
(-0.363259 -1.35976 -0.501189)
(-0.477084 0.280499 -0.42909)
(0.0655418 0.00495649 -0.17371)
(0 0 0)
(0 0 0)
(0.00780426 -0.00207158 -0.0897361)
(-0.0567607 -0.0201744 -0.411993)
(-0.0492282 0.149954 -0.426322)
(0.147755 0.00505675 -0.445111)
(0.342658 -0.141461 -0.474691)
(0.149482 -0.368295 -0.497573)
(-0.328438 0.429353 -0.458251)
(-0.10691 0.00663135 -0.172626)
(0 0 0)
(0 0 0)
(-0.00791229 0.000507411 -0.0836898)
(0.0124868 -0.00437778 -0.455637)
(0.00854917 0.17635 -0.482634)
(0.00470664 -0.120271 -0.46533)
(0.115457 -0.129602 -0.458723)
(0.232319 -0.345566 -0.457588)
(-0.077803 -0.229093 -0.446825)
(-0.106407 -0.00110272 -0.173244)
(0 0 0)
(0 0 0)
(0.00858943 0.000943917 -0.080813)
(0.117492 -0.0206012 -0.478874)
(-0.169898 0.388516 -0.530791)
(-0.165279 0.33517 -0.49602)
(0.116142 0.199537 -0.46984)
(0.0453377 -0.0737117 -0.450834)
(0.0186703 -0.246359 -0.440141)
(-0.00308573 -0.00403136 -0.173872)
(0 0 0)
(0 0 0)
(-0.0119659 4.83597e-05 -0.0846556)
(0.397916 -0.0255051 -0.429961)
(0.364146 -0.0764989 -0.446409)
(-0.173631 0.152562 -0.463147)
(-0.290757 0.0448554 -0.446443)
(-0.219313 0.020431 -0.442752)
(-0.00423266 -0.00210806 -0.436941)
(0.0029611 -0.00143112 -0.173411)
(0 0 0)
(0 0 0)
(0.000872107 0.000255396 -0.0343123)
(0.0224925 0.026454 -0.171671)
(0.00884437 -0.167109 -0.169792)
(-0.0196732 -0.126546 -0.172327)
(-0.0106649 -0.0903753 -0.175041)
(-0.00347167 -0.00126754 -0.175328)
(-0.00220754 0.00397999 -0.174888)
(-0.000368657 1.59424e-05 -0.0693181)
(0 0 0)
(0 0 0)
(0 0 0)
(0 0 0)
(0 0 0)
(0 0 0)
(0 0 0)
(0 0 0)
(0 0 0)
(0 0 0)
(0 0 0)
(0 0 0)
(0 0 0)
(0 0 0)
(0 0 0)
(0 0 0)
(0 0 0)
(0 0 0)
(0 0 0)
(0 0 0)
(0 0 0)
(0 0 0)
(-0.00011599 7.72971e-05 -0.0136781)
(0.000627038 0.00111683 -0.066666)
(-0.00101852 -0.00344147 -0.113187)
(-0.00173809 -0.00236006 -0.100665)
(0.00140162 0.0024637 -0.0505087)
(0.00264266 0.00480803 -0.0309254)
(0.000427896 0.000730828 -0.0687851)
(-0.000221434 1.28176e-06 -0.0287028)
(0 0 0)
(0 0 0)
(0.000443354 0.00253937 -0.0606487)
(-0.0434518 0.00585378 0.497574)
(-0.0656876 0.0213109 -2.97189)
(0.066619 0.0294848 -2.46703)
(0.0990622 0.0489759 0.626498)
(0.0126213 0.061248 2.49159)
(-0.0421349 0.00590555 -0.379339)
(-0.00253941 -0.000413709 -0.146843)
(0 0 0)
(0 0 0)
(-0.00367292 0.000450193 -0.0835585)
(-0.0207873 0.00244033 -1.08949)
(0.0102166 0.0779797 -0.7385)
(0.0307085 0.0782498 -0.517289)
(0.0391816 0.0298544 -0.0733521)
(-0.0204379 -0.00645035 0.436792)
(-0.044457 0.00592457 -0.556602)
(-0.00180643 0.00181658 -0.142921)
(0 0 0)
(0 0 0)
(-0.000352977 -0.00448863 -0.0790367)
(0.0295929 0.0058664 -0.85042)
(0.0356644 0.0482413 -0.493486)
(0.00196631 0.0439076 -0.38846)
(-0.00977046 0.00726754 -0.217689)
(-0.0223054 -0.0214439 0.105799)
(-0.0281602 0.00888889 0.0239005)
(-0.00394543 0.00280153 -0.145973)
(0 0 0)
(0 0 0)
(0.00409607 -0.00332101 -0.0646053)
(0.0748503 0.00436504 -0.0642033)
(0.049375 0.0454174 -0.254312)
(-0.0169283 0.0360598 -0.376301)
(-0.035676 0.00629494 -0.351871)
(-0.0195657 -0.0124983 -0.305867)
(-0.0117369 -0.00942868 -0.0466309)
(-0.0038816 -0.000546218 -0.145863)
(0 0 0)
(0 0 0)
(0.00643367 0.00130753 -0.0573973)
(0.117795 -0.0110935 0.488815)
(0.0691911 -0.0498999 0.0510711)
(-0.0389605 -0.0329506 -0.432762)
(-0.0582564 -0.023928 -0.395927)
(-0.0356063 -0.00962794 -0.42008)
(-0.0144508 -0.0149072 -0.364042)
(-0.00195964 -0.00237597 -0.145283)
(0 0 0)
(0 0 0)
(0.000644435 0.00194013 -0.0706721)
(0.0141817 -0.0131932 -0.458268)
(0.0311718 -0.0749875 0.167599)
(0.00766903 -0.064843 0.158879)
(-0.0140915 -0.0312683 0.0573671)
(-0.0102633 -0.01004 -0.362246)
(-0.00985289 -0.0040005 -0.36341)
(-0.00167691 -0.00130664 -0.144965)
(0 0 0)
(0 0 0)
(0.000329579 3.95114e-05 -0.0281545)
(0.00341565 0.000613479 -0.139699)
(0.00399838 0.000385421 -0.117976)
(0.00152645 -0.00350439 -0.133902)
(-0.00158842 -0.000247315 -0.14502)
(-0.00270474 0.000400065 -0.144896)
(-0.00283291 0.000802776 -0.147066)
(-0.00091776 5.60798e-05 -0.057883)
(0 0 0)
(0 0 0)
(0 0 0)
(0 0 0)
(0 0 0)
(0 0 0)
(0 0 0)
(0 0 0)
(0 0 0)
(0 0 0)
(0 0 0)
(0 0 0)
(0 0 0)
(0 0 0)
(0 0 0)
(0 0 0)
(0 0 0)
(0 0 0)
(0 0 0)
(0 0 0)
(0 0 0)
(0 0 0)
(-0.000939616 -0.000920372 -0.0172578)
(0.0224017 -0.0931917 -0.084799)
(0.0210443 0.162829 -0.0890674)
(-0.0351969 0.12996 -0.0974958)
(-0.0392794 -0.0712155 -0.0842765)
(0.00935936 -0.175726 -0.0695965)
(0.0220041 0.0097554 -0.0789018)
(0.000514732 0.000361916 -0.0345461)
(0 0 0)
(0 0 0)
(-0.0933839 0.0207157 -0.0861975)
(0.852247 0.797238 -0.423103)
(1.14663 0.1114 -0.46491)
(-1.21791 0.0279956 -0.410653)
(-1.63611 -0.0541257 -0.373411)
(0.400353 -0.162333 -0.416385)
(0.873972 0.10434 -0.429495)
(-0.0169738 -0.0030394 -0.176577)
(0 0 0)
(0 0 0)
(0.150159 0.018029 -0.085146)
(0.112668 1.07487 -0.425953)
(-0.673482 -0.725385 -0.366869)
(-0.286491 -0.61114 -0.340069)
(-0.331003 0.310212 -0.293275)
(0.197438 0.738794 -0.211499)
(0.238903 -0.198909 -0.309511)
(-0.0329078 0.00250317 -0.186516)
(0 0 0)
(0 0 0)
(0.11763 -0.0333656 -0.084142)
(0.0392109 -1.15389 -0.407864)
(-0.547584 -0.281824 -0.386253)
(-0.110309 -0.0841512 -0.332238)
(-0.14182 0.103098 -0.320956)
(-0.107114 0.290348 -0.288731)
(0.130656 -0.175904 -0.352978)
(0.065615 0.00907252 -0.182696)
(0 0 0)
(0 0 0)
(-0.0698199 -0.0361092 -0.0855088)
(-0.0450788 -1.52432 -0.373361)
(0.34482 -0.359886 -0.353755)
(0.104246 -0.0489511 -0.356198)
(0.0565323 0.0457075 -0.40361)
(-0.0894687 0.180736 -0.416498)
(-0.0293908 0.157613 -0.434663)
(0.0356639 -0.00143212 -0.15938)
(0 0 0)
(0 0 0)
(-0.165942 0.00937983 -0.0847794)
(-0.185699 0.432277 -0.370061)
(0.805933 -0.0313514 -0.28047)
(0.283907 -0.209183 -0.317615)
(0.0871006 -0.231008 -0.425396)
(0.00764919 -0.0273893 -0.453852)
(-0.0491112 0.0728379 -0.477513)
(-0.00633058 -0.00492669 -0.165679)
(0 0 0)
(0 0 0)
(0.0172404 0.0193827 -0.0839775)
(-0.118893 0.836991 -0.414524)
(-0.299435 0.246481 -0.35915)
(-0.0972508 0.0305526 -0.394288)
(0.23239 0.00730194 -0.436191)
(0.209538 -0.0476966 -0.402679)
(-0.0143491 -0.00484131 -0.422368)
(0.000822879 -0.00230662 -0.181429)
(0 0 0)
(0 0 0)
(0.00070785 -1.78403e-05 -0.0339363)
(-0.00624201 -0.0320556 -0.182478)
(0.000303642 0.0551325 -0.177742)
(0.0149205 0.0977369 -0.147591)
(0.00388762 0.100278 -0.13073)
(-0.000975311 0.00123277 -0.159054)
(-0.00253637 0.00673699 -0.183713)
(-0.0020489 0.00028853 -0.070886)
(0 0 0)
(0 0 0)
(0 0 0)
(0 0 0)
(0 0 0)
(0 0 0)
(0 0 0)
(0 0 0)
(0 0 0)
(0 0 0)
(0 0 0)
(0 0 0)
(0 0 0)
(0 0 0)
(0 0 0)
(0 0 0)
(0 0 0)
(0 0 0)
(0 0 0)
(0 0 0)
(0 0 0)
(0 0 0)
(-0.000223581 0.000129264 -0.0147984)
(-0.000561419 0.000111122 -0.0742121)
(0.00343858 0.00216491 -0.0488378)
(-0.00129412 -0.00801354 -0.0739421)
(-0.00878917 -0.00577436 -0.0827924)
(-0.000514465 0.00394092 -0.0680815)
(0.00630655 0.00133939 -0.0636992)
(0.00112908 0.000462703 -0.0289472)
(0 0 0)
(0 0 0)
(-0.000791036 0.00189525 -0.0786414)
(0.0151281 0.00520696 -0.787621)
(-0.0221057 -0.0515955 1.26547)
(-0.0735269 -0.107014 -0.389782)
(0.00353159 -0.133234 -1.06593)
(0.0584644 -0.11637 -0.340208)
(0.0346772 -0.0326808 0.224803)
(0.000719231 0.0171431 -0.154664)
(0 0 0)
(0 0 0)
(-0.00413076 -0.0014674 -0.0687366)
(-0.0675117 -0.0226447 -0.320055)
(-0.081856 -0.0589543 -0.235445)
(-0.101926 -0.10385 -0.0258015)
(-0.0937912 -0.102653 -0.182446)
(0.118656 -0.158332 -1.47055)
(0.310276 -0.0811598 -4.33703)
(0.0338699 0.00184739 -0.174675)
(0 0 0)
(0 0 0)
(-0.00282248 -0.00508448 -0.0606333)
(-0.0432337 -0.0668137 0.765659)
(-0.119429 -0.0371833 0.518293)
(-0.122907 -0.0217828 0.261093)
(-0.0292051 0.0643581 0.200868)
(0.116379 0.0555198 -0.397322)
(0.248876 -0.0861619 -2.46989)
(0.033811 -0.0478168 -0.181924)
(0 0 0)
(0 0 0)
(-0.00369303 -0.00345707 -0.0816969)
(-0.0497607 -0.0313067 -1.00032)
(-0.0472016 -0.0617156 0.10041)
(-0.0130104 0.00632492 0.56353)
(0.00655623 0.0959074 1.08591)
(0.0290504 0.0894934 1.4931)
(0.124544 0.000408053 1.97274)
(0.0345831 -0.0292283 -0.0907721)
(0 0 0)
(0 0 0)
(-0.00368445 0.000305253 -0.087807)
(-0.0758998 0.0675631 -1.59081)
(-0.0757754 0.0164709 -0.00152155)
(0.0276235 0.0188315 0.600779)
(0.0736871 0.00369838 1.5677)
(0.0733548 0.0514364 1.6157)
(0.0977128 0.128785 2.62808)
(0.00997508 0.0285594 -0.102424)
(0 0 0)
(0 0 0)
(-0.000243402 0.00239965 -0.0738749)
(-0.0501266 0.0892066 -0.520241)
(-0.146502 0.182523 -3.02554)
(-0.0374667 0.0753186 0.178483)
(0.0276926 -0.0212675 2.01035)
(0.0919854 0.0379559 -0.0209114)
(0.12488 0.0844629 -1.71287)
(0.00852907 0.0141964 -0.176094)
(0 0 0)
(0 0 0)
(0.00256776 -0.000276531 -0.0296293)
(0.0115691 0.00403673 -0.212682)
(-0.0403073 0.0347937 -0.251616)
(-0.0568962 0.0369873 -0.0793799)
(0.0136193 0.0295862 0.055189)
(0.0601285 0.0347896 -0.07581)
(0.0177179 0.0146514 -0.173226)
(-0.00378292 -0.00161418 -0.0624858)
(0 0 0)
(0 0 0)
(0 0 0)
(0 0 0)
(0 0 0)
(0 0 0)
(0 0 0)
(0 0 0)
(0 0 0)
(0 0 0)
(0 0 0)
(0 0 0)
(0 0 0)
(0 0 0)
(0 0 0)
(0 0 0)
(0 0 0)
(0 0 0)
(0 0 0)
(0 0 0)
(0 0 0)
(0 0 0)
(-0.000666532 0.000669354 -0.0174911)
(-0.0143263 0.00736627 -0.0878092)
(0.0190939 -0.163641 -0.0870837)
(0.0188335 0.133701 -0.0839227)
(-0.044079 0.0819772 -0.0871984)
(-0.0216504 -0.177427 -0.0941909)
(0.027971 -0.118482 -0.089322)
(0.00551157 0.00191979 -0.034841)
(0 0 0)
(0 0 0)
(0.00337361 0.0112683 -0.0876468)
(-0.860359 0.755083 -0.439853)
(0.650847 0.172537 -0.457549)
(1.28427 -0.322933 -0.482788)
(-1.72441 -0.335269 -0.397886)
(-1.11447 1.002 -0.382764)
(1.23506 4.65804 -0.424827)
(0.271367 0.0498699 -0.170812)
(0 0 0)
(0 0 0)
(0.14152 -0.0100996 -0.0899913)
(0.0573797 -0.582725 -0.552175)
(-0.990083 0.0596986 -0.518055)
(-0.427123 -1.36028 -0.50932)
(1.19309 -1.13273 -0.533589)
(5.0431 1.03737 -0.658109)
(-0.923009 2.96015 -0.552413)
(-1.773 0.0539999 -0.16956)
(0 0 0)
(0 0 0)
(-0.115618 -0.0107967 -0.0809552)
(-0.750928 -0.377128 -0.388892)
(0.0159432 -0.648794 -0.401829)
(0.204024 -0.612734 -0.482506)
(0.560511 -1.09202 -0.517284)
(3.44535 -3.54091 -0.618381)
(0.457727 -8.98357 -0.632321)
(-0.857922 -0.187612 -0.18955)
(0 0 0)
(0 0 0)
(0.0717155 0.00851288 -0.0851308)
(-0.597074 1.02411 -0.441015)
(-1.32698 0.110001 -0.371921)
(-0.732141 -0.351656 -0.385638)
(-0.744326 -1.14553 -0.367637)
(-0.953637 -1.89406 -0.379096)
(2.33612 -6.6464 -0.346617)
(1.14622 -0.205967 -0.172445)
(0 0 0)
(0 0 0)
(0.0845586 -0.000859588 -0.0917833)
(-0.722914 -0.157627 -0.546862)
(-1.88795 3.83606 -0.48393)
(-1.09281 0.167372 -0.358741)
(-0.729906 -1.10243 -0.243217)
(-0.964614 1.48757 -0.288298)
(2.23301 4.93713 -0.274519)
(1.36075 0.160997 -0.145023)
(0 0 0)
(0 0 0)
(0.0574591 -0.00264397 -0.0876082)
(2.67718 -0.230731 -0.611745)
(-1.16755 1.122 -0.719065)
(-6.9622 1.28017 -0.376688)
(0.548609 1.26547 -0.1728)
(5.24769 2.15313 -0.288241)
(0.577583 3.435 -0.448708)
(-0.603198 0.0941209 -0.166824)
(0 0 0)
(0 0 0)
(0.0176207 -0.00207251 -0.0330376)
(0.122939 -0.0731488 -0.182688)
(-0.228113 -1.03452 -0.214384)
(-0.476147 0.393774 -0.195394)
(-0.00531337 1.15926 -0.153941)
(0.356474 0.16106 -0.1495)
(0.122031 -0.593495 -0.166009)
(-0.0118386 -0.0137955 -0.0701708)
(0 0 0)
(0 0 0)
(0 0 0)
(0 0 0)
(0 0 0)
(0 0 0)
(0 0 0)
(0 0 0)
(0 0 0)
(0 0 0)
(0 0 0)
(0 0 0)
(0 0 0)
(0 0 0)
(0 0 0)
(0 0 0)
(0 0 0)
(0 0 0)
(0 0 0)
(0 0 0)
(0 0 0)
(0 0 0)
(-0.00013584 9.38149e-05 -0.00881313)
(0.0003095 0.000139027 -0.0453398)
(0.00065859 0.00261196 -0.0506558)
(-0.00260982 0.000402745 -0.0488302)
(-0.00143819 -0.0102559 -0.0566617)
(0.00157917 -0.00715434 -0.0731229)
(0.00117928 -0.000620347 -0.0661631)
(0.00039587 0.00054602 -0.0233866)
(0 0 0)
(0 0 0)
(-0.000336596 0.00277866 -0.0426851)
(0.011515 0.0556703 -0.208339)
(0.004714 0.0135964 -0.638813)
(-0.073046 -0.0104613 0.155117)
(-0.0453548 -0.0186716 -0.0214624)
(0.056976 0.00551998 -0.922632)
(0.0518881 0.036823 -0.714707)
(0.0017714 0.0172076 -0.105996)
(0 0 0)
(0 0 0)
(0.00963996 -0.00364015 -0.03927)
(-0.00221629 -0.0435656 0.130609)
(-0.0602293 -0.0491084 -0.179298)
(-0.0476758 -0.0499039 -0.442611)
(0.00222133 0.007895 -0.495754)
(0.0767094 0.020116 0.298103)
(0.0634399 0.086904 2.85564)
(-0.0126283 0.0139273 -0.0890254)
(0 0 0)
(0 0 0)
(-0.00539056 -0.00592664 -0.0456235)
(-0.0198223 -0.0802668 -0.495613)
(0.00379375 -0.087614 -0.623905)
(0.0071925 -0.0984415 -0.697012)
(0.0474861 -0.0811254 -0.734242)
(0.123989 -0.143431 -0.367819)
(0.0880274 -0.238053 1.17468)
(-0.0182844 -0.0490977 -0.0825873)
(0 0 0)
(0 0 0)
(-0.00146415 0.00195598 -0.0408963)
(-0.0509072 0.0909992 -0.0302057)
(-0.0617352 0.01361 -0.496422)
(-0.0113155 -0.0881145 -0.943756)
(0.00802173 -0.158919 -1.32568)
(0.0231013 -0.202365 -1.62012)
(0.136392 -0.286749 -2.14848)
(0.052144 -0.0616462 -0.158043)
(0 0 0)
(0 0 0)
(0.00990391 0.000666951 -0.0396911)
(-0.0332055 0.119678 -0.00749592)
(-0.191168 0.225855 -0.583006)
(-0.171752 0.019346 -1.00533)
(-0.0122697 -0.165617 -1.66597)
(0.104662 -0.0227229 -1.65652)
(0.166296 0.166287 -2.51948)
(0.0516401 0.0230722 -0.149523)
(0 0 0)
(0 0 0)
(0.0184041 -0.00246171 -0.0407112)
(0.122801 -0.0157416 -0.11603)
(-0.252101 0.13965 1.15899)
(-0.502359 0.160871 -0.883355)
(-0.0532889 0.124299 -2.26132)
(0.278788 0.101018 -0.495267)
(0.179463 0.161878 0.766527)
(0.00426122 0.0327342 -0.0903171)
(0 0 0)
(0 0 0)
(0.00344894 -0.000375253 -0.0163147)
(0.0332681 -0.0310435 -0.0451358)
(-0.0271195 -0.0317436 -0.0336694)
(-0.0992205 0.0538402 -0.17551)
(-0.0208878 0.103462 -0.276223)
(0.0641695 0.0549711 -0.16796)
(0.0330349 0.00389891 -0.0882292)
(-0.000628986 -0.000568906 -0.0432962)
(0 0 0)
(0 0 0)
(0 0 0)
(0 0 0)
(0 0 0)
(0 0 0)
(0 0 0)
(0 0 0)
(0 0 0)
(0 0 0)
(0 0 0)
(0 0 0)
(0 0 0)
(0 0 0)
(0 0 0)
(0 0 0)
(0 0 0)
(0 0 0)
(0 0 0)
(0 0 0)
(0 0 0)
(0 0 0)
(0 0 0)
(0 0 0)
(0 0 0)
(0 0 0)
(0 0 0)
(0 0 0)
(0 0 0)
(0 0 0)
(0 0 0)
(0 0 0)
(0 0 0)
(0 0 0)
(0 0 0)
(0 0 0)
(0 0 0)
(0 0 0)
(0 0 0)
(0 0 0)
(0 0 0)
(0 0 0)
(0 0 0)
(0 0 0)
(0 0 0)
(0 0 0)
(0 0 0)
(0 0 0)
(0 0 0)
(0 0 0)
(0 0 0)
(0 0 0)
(0 0 0)
(0 0 0)
(0 0 0)
(0 0 0)
(0 0 0)
(0 0 0)
(0 0 0)
(0 0 0)
(0 0 0)
(0 0 0)
(0 0 0)
(0 0 0)
(0 0 0)
(0 0 0)
(0 0 0)
(0 0 0)
(0 0 0)
(0 0 0)
(0 0 0)
(0 0 0)
(0 0 0)
(0 0 0)
(0 0 0)
(0 0 0)
(0 0 0)
(0 0 0)
(0 0 0)
(0 0 0)
(0 0 0)
(0 0 0)
(0 0 0)
(0 0 0)
(0 0 0)
(0 0 0)
(0 0 0)
(0 0 0)
(0 0 0)
(0 0 0)
(0 0 0)
(0 0 0)
(0 0 0)
(0 0 0)
(0 0 0)
(0 0 0)
(0 0 0)
(0 0 0)
(0 0 0)
(0 0 0)
(0 0 0)
(0 0 0)
(0 0 0)
(0 0 0)
(0 0 0)
(0 0 0)
(0 0 0)
(0 0 0)
(0 0 0)
(0 0 0)
(0 0 0)
(0 0 0)
(0 0 0)
(0 0 0)
(0 0 0)
(0 0 0)
(0 0 0)
(0 0 0)
(0 0 0)
(0 0 0)
(0 0 0)
(0 0 0)
(0 0 0)
(0 0 0)
(0 0 0)
(0 0 0)
(0 0 0)
(0 0 0)
(0 0 0)
(0 0 0)
(0 0 0)
(0 0 0)
(0 0 0)
(0 0 0)
(0 0 0)
(0 0 0)
(0 0 0)
(0 0 0)
(0 0 0)
(0 0 0)
(0 0 0)
(0 0 0)
(0 0 0)
(0 0 0)
(0 0 0)
(0 0 0)
(0 0 0)
(0 0 0)
(0 0 0)
(0 0 0)
(0 0 0)
(0 0 0)
(0 0 0)
(0 0 0)
(0 0 0)
(0 0 0)
(0 0 0)
(0 0 0)
(0 0 0)
(0 0 0)
(0 0 0)
(0 0 0)
(0 0 0)
(0 0 0)
(0 0 0)
(0 0 0)
(0 0 0)
(0 0 0)
(0 0 0)
(0 0 0)
(0 0 0)
(0 0 0)
(0 0 0)
(0 0 0)
(0 0 0)
(0 0 0)
(0 0 0)
(0 0 0)
(0 0 0)
(0 0 0)
(0 0 0)
(0 0 0)
(0 0 0)
(0 0 0)
(0 0 0)
(0 0 0)
(0 0 0)
(0 0 0)
(0 0 0)
(0 0 0)
(0 0 0)
(0 0 0)
(0 0 0)
(0 0 0)
(0 0 0)
(0 0 0)
(0 0 0)
(0 0 0)
(0 0 0)
(0 0 0)
(0 0 0)
(0 0 0)
(0 0 0)
(0 0 0)
(0 0 0)
(0 0 0)
(0 0 0)
(0 0 0)
(0 0 0)
(0 0 0)
(0 0 0)
(0 0 0)
(0 0 0)
(0 0 0)
(0 0 0)
(0 0 0)
(0 0 0)
(0 0 0)
(0 0 0)
(0 0 0)
(0 0 0)
(0 0 0)
(0 0 0)
(0 0 0)
(0 0 0)
(0 0 0)
(0 0 0)
(0 0 0)
(0 0 0)
(0 0 0)
(0 0 0)
(0 0 0)
(0 0 0)
(0 0 0)
(0 0 0)
(0 0 0)
(0 0 0)
(0 0 0)
(0 0 0)
(0 0 0)
(0 0 0)
(0 0 0)
(0 0 0)
(0 0 0)
(0 0 0)
(0 0 0)
(0 0 0)
(0 0 0)
(0 0 0)
(0 0 0)
(0 0 0)
(0 0 0)
(0 0 0)
(0 0 0)
(0 0 0)
(0 0 0)
(0 0 0)
(0 0 0)
(0 0 0)
(0 0 0)
(0 0 0)
(0 0 0)
(0 0 0)
(0 0 0)
(0 0 0)
(0 0 0)
(0 0 0)
(0 0 0)
(0 0 0)
(0 0 0)
(0 0 0)
(0 0 0)
(0 0 0)
(0 0 0)
(0 0 0)
(0 0 0)
(0 0 0)
(0 0 0)
(0 0 0)
(0 0 0)
(0 0 0)
(0 0 0)
(0 0 0)
(0 0 0)
(0 0 0)
(0 0 0)
(0 0 0)
(0 0 0)
(0 0 0)
(0 0 0)
(0 0 0)
(0 0 0)
(0 0 0)
(0 0 0)
(0 0 0)
(0 0 0)
(0 0 0)
(0 0 0)
(0 0 0)
(0 0 0)
(0 0 0)
(0 0 0)
(0 0 0)
(0 0 0)
(0 0 0)
(0 0 0)
(0 0 0)
(0 0 0)
(0 0 0)
(0 0 0)
(0 0 0)
(0 0 0)
(0 0 0)
(0 0 0)
(0 0 0)
(0 0 0)
(0 0 0)
(0 0 0)
(0 0 0)
(0 0 0)
(0 0 0)
(0 0 0)
(0 0 0)
(0 0 0)
(0 0 0)
(0 0 0)
(0 0 0)
(0 0 0)
(0 0 0)
(0 0 0)
(0 0 0)
(0 0 0)
(0 0 0)
(0 0 0)
(0 0 0)
(0 0 0)
(0 0 0)
(0 0 0)
(0 0 0)
(0 0 0)
(0 0 0)
(0 0 0)
(0 0 0)
(0 0 0)
(0 0 0)
(0 0 0)
(0 0 0)
(0 0 0)
(0 0 0)
(0 0 0)
(0 0 0)
(0 0 0)
(0 0 0)
(0 0 0)
(0 0 0)
(0 0 0)
(0 0 0)
(0 0 0)
(0 0 0)
(0 0 0)
(0 0 0)
(0 0 0)
(0 0 0)
(0 0 0)
(0 0 0)
(0 0 0)
(0 0 0)
(0 0 0)
(0 0 0)
(0 0 0)
(0 0 0)
(0 0 0)
(0 0 0)
(0 0 0)
(0 0 0)
(0 0 0)
(0 0 0)
(0 0 0)
(0 0 0)
(0 0 0)
(0 0 0)
(0 0 0)
(0 0 0)
(0 0 0)
(0 0 0)
(0 0 0)
(0 0 0)
(0 0 0)
(0 0 0)
(0 0 0)
(0 0 0)
(0 0 0)
(0 0 0)
(0 0 0)
(0 0 0)
(0 0 0)
(0 0 0)
(0 0 0)
(0 0 0)
(0 0 0)
(0 0 0)
(0 0 0)
(0 0 0)
(0 0 0)
(0 0 0)
(0 0 0)
(0 0 0)
(0 0 0)
(0 0 0)
(0 0 0)
(0 0 0)
(0 0 0)
(0 0 0)
(0 0 0)
(0 0 0)
(0 0 0)
(0 0 0)
(0 0 0)
(0 0 0)
(0 0 0)
(0 0 0)
(0 0 0)
(0 0 0)
(0 0 0)
(0 0 0)
(0 0 0)
(0 0 0)
(0 0 0)
(0 0 0)
(0 0 0)
(0 0 0)
(0 0 0)
(0 0 0)
(0 0 0)
(0 0 0)
(0 0 0)
(0 0 0)
(0 0 0)
(0 0 0)
(0 0 0)
(0 0 0)
(0 0 0)
(0 0 0)
(0 0 0)
(0 0 0)
(0 0 0)
(0 0 0)
(0 0 0)
(0 0 0)
(0 0 0)
(0 0 0)
(0 0 0)
(0 0 0)
(0 0 0)
(0 0 0)
(0 0 0)
(0 0 0)
(0 0 0)
(0 0 0)
(0 0 0)
(0 0 0)
(0 0 0)
(0 0 0)
(0 0 0)
(0 0 0)
(0 0 0)
(0 0 0)
(0 0 0)
(0 0 0)
(0 0 0)
(0 0 0)
(0 0 0)
(0 0 0)
(0 0 0)
(0 0 0)
(0 0 0)
(0 0 0)
(0 0 0)
(0 0 0)
(0 0 0)
(0 0 0)
(0 0 0)
(0 0 0)
(0 0 0)
(0 0 0)
(0 0 0)
(0 0 0)
(0 0 0)
(0 0 0)
(0 0 0)
(0 0 0)
(0 0 0)
(0 0 0)
(0 0 0)
(0 0 0)
(0 0 0)
(0 0 0)
(0 0 0)
(0 0 0)
(0 0 0)
(0 0 0)
(0 0 0)
(0 0 0)
(0 0 0)
(0 0 0)
(0 0 0)
(0 0 0)
(0 0 0)
(0 0 0)
(0 0 0)
(0 0 0)
(0 0 0)
(0 0 0)
(0 0 0)
(0 0 0)
(0 0 0)
(0 0 0)
(0 0 0)
(0 0 0)
(0 0 0)
(0 0 0)
(0 0 0)
(0 0 0)
(0 0 0)
(0 0 0)
(0 0 0)
(0 0 0)
(0 0 0)
(0 0 0)
(0 0 0)
(0 0 0)
(0 0 0)
(0 0 0)
(0 0 0)
(0 0 0)
(0 0 0)
(0 0 0)
(0 0 0)
(0 0 0)
(0 0 0)
(0 0 0)
(0 0 0)
(0 0 0)
(0 0 0)
(0 0 0)
(0 0 0)
(0 0 0)
(0 0 0)
(0 0 0)
(0 0 0)
(0 0 0)
(0 0 0)
(0 0 0)
(0 0 0)
(0 0 0)
(0 0 0)
(0 0 0)
(0 0 0)
(0 0 0)
(0 0 0)
(0 0 0)
(0 0 0)
(0 0 0)
(0 0 0)
(0 0 0)
(0 0 0)
(0 0 0)
(0 0 0)
(0 0 0)
(0 0 0)
(0 0 0)
(0 0 0)
(0 0 0)
(0 0 0)
(0 0 0)
(0 0 0)
(0 0 0)
(0 0 0)
(0 0 0)
(0 0 0)
(0 0 0)
(0 0 0)
(0 0 0)
(0 0 0)
(0 0 0)
(0 0 0)
(0 0 0)
(0 0 0)
(0 0 0)
(0 0 0)
(0 0 0)
(0 0 0)
(0 0 0)
(0 0 0)
(0 0 0)
(0 0 0)
(0 0 0)
(0 0 0)
(0 0 0)
(0 0 0)
(0 0 0)
(0 0 0)
(0 0 0)
(0 0 0)
(0 0 0)
(0 0 0)
(0 0 0)
(0 0 0)
(0 0 0)
(0 0 0)
(0 0 0)
)
;

boundaryField
{
    outlet
    {
        type            zeroGradient;
    }
    inlet
    {
        type            zeroGradient;
    }
    fixedWalls
    {
        type            zeroGradient;
    }
}


// ************************************************************************* //
