/*--------------------------------*- C++ -*----------------------------------*\
| =========                 |                                                 |
| \\      /  F ield         | OpenFOAM: The Open Source CFD Toolbox           |
|  \\    /   O peration     | Version:  2.2.x                                 |
|   \\  /    A nd           | Web:      www.OpenFOAM.org                      |
|    \\/     M anipulation  |                                                 |
\*---------------------------------------------------------------------------*/
FoamFile
{
    version     2.0;
    format      ascii;
    class       Cloud<basicMesoScaleCouplingParcel>;
    location    "0.01";
    object      positions;
}
// * * * * * * * * * * * * * * * * * * * * * * * * * * * * * * * * * * * * * //

2405
(
(0.002 0.002 0.002) 0
(0.002 0.006 0.002) 0
(0.002 0.01 0.00199998) 0
(0.002 0.014 0.002) 1
(0.002 0.018 0.002) 1
(0.002 0.022 0.002) 2
(0.002 0.026 0.002) 2
(0.002 0.03 0.00200003) 3
(0.002 0.034 0.002) 3
(0.002 0.038 0.002) 3
(0.002 0.042 0.002) 4
(0.002 0.046 0.002) 4
(0.002 0.05 0.00199999) 4
(0.002 0.054 0.00199999) 5
(0.002 0.058 0.002) 5
(0.002 0.062 0.002) 6
(0.002 0.066 0.002) 6
(0.002 0.07 0.00199997) 210
(0.002 0.074 0.002) 210
(0.002 0.078 0.002) 210
(0.002 0.082 0.002) 240
(0.002 0.086 0.002) 240
(0.002 0.09 0.00200003) 240
(0.002 0.094 0.002) 241
(0.002 0.098 0.002) 241
(0.002 0.102 0.002) 242
(0.002 0.106 0.002) 242
(0.002 0.11 0.002) 243
(0.002 0.114 0.002) 243
(0.002 0.118 0.002) 243
(0.002 0.122 0.002) 244
(0.002 0.126 0.002) 244
(0.002 0.13 0.002) 245
(0.002 0.134 0.002) 245
(0.002 0.138 0.002) 245
(0.002 0.142 0.002) 246
(0.002 0.146 0.002) 246
(0.002 0.00199999 0.006) 0
(0.002 0.00599999 0.00599999) 0
(0.002 0.01 0.00599996) 1
(0.002 0.014 0.00599999) 1
(0.002 0.018 0.006) 1
(0.002 0.022 0.00599999) 2
(0.002 0.026 0.00599999) 2
(0.002 0.03 0.006) 3
(0.002 0.034 0.006) 3
(0.002 0.038 0.006) 3
(0.002 0.042 0.00599999) 4
(0.002 0.046 0.006) 4
(0.002 0.05 0.00599997) 4
(0.002 0.054 0.00599999) 5
(0.002 0.058 0.00599999) 5
(0.002 0.062 0.006) 6
(0.002 0.066 0.00599999) 6
(0.002 0.07 0.00599996) 6
(0.002 0.074 0.00599999) 210
(0.002 0.078 0.00599999) 210
(0.002 0.082 0.006) 240
(0.002 0.086 0.006) 240
(0.002 0.09 0.006) 240
(0.002 0.094 0.00599999) 241
(0.002 0.098 0.00599999) 241
(0.002 0.102 0.006) 242
(0.002 0.106 0.006) 242
(0.002 0.11 0.00599997) 243
(0.002 0.114 0.006) 243
(0.002 0.118 0.006) 243
(0.002 0.122 0.00599999) 244
(0.002 0.126 0.00599999) 244
(0.002 0.13 0.006) 245
(0.002 0.134 0.00599999) 245
(0.002 0.138 0.006) 245
(0.002 0.142 0.006) 246
(0.002 0.146 0.006) 246
(0.002 0.00199998 0.01) 0
(0.002 0.00599998 0.01) 0
(0.002 0.01 0.01) 1
(0.002 0.014 0.01) 1
(0.002 0.018 0.01) 1
(0.002 0.022 0.01) 2
(0.002 0.026 0.01) 2
(0.002 0.03 0.01) 3
(0.002 0.034 0.01) 3
(0.002 0.038 0.01) 3
(0.002 0.042 0.01) 4
(0.002 0.046 0.01) 4
(0.002 0.05 0.00999994) 4
(0.002 0.054 0.01) 5
(0.002 0.058 0.01) 5
(0.002 0.062 0.01) 6
(0.002 0.066 0.01) 6
(0.002 0.07 0.00999996) 6
(0.002 0.074 0.01) 210
(0.002 0.078 0.01) 210
(0.002 0.082 0.01) 240
(0.002 0.086 0.01) 240
(0.002 0.09 0.0100001) 240
(0.002 0.094 0.01) 241
(0.002 0.098 0.01) 241
(0.002 0.102 0.01) 242
(0.002 0.106 0.01) 242
(0.002 0.11 0.01) 242
(0.002 0.114 0.01) 243
(0.002 0.118 0.01) 243
(0.002 0.122 0.01) 244
(0.002 0.126 0.01) 244
(0.002 0.13 0.00999999) 245
(0.002 0.134 0.01) 245
(0.002 0.138 0.01) 245
(0.002 0.142 0.01) 246
(0.002 0.146 0.01) 246
(0.002 0.002 0.014) 0
(0.002 0.006 0.014) 0
(0.002 0.01 0.014) 0
(0.002 0.014 0.014) 1
(0.002 0.018 0.014) 1
(0.002 0.022 0.014) 2
(0.002 0.026 0.014) 2
(0.002 0.03 0.014) 3
(0.002 0.034 0.014) 3
(0.002 0.038 0.014) 3
(0.002 0.042 0.014) 4
(0.002 0.046 0.014) 4
(0.002 0.05 0.014) 4
(0.002 0.054 0.014) 5
(0.002 0.058 0.014) 5
(0.002 0.062 0.014) 6
(0.002 0.066 0.014) 6
(0.002 0.07 0.014) 210
(0.002 0.074 0.014) 210
(0.002 0.078 0.014) 210
(0.002 0.082 0.014) 240
(0.002 0.086 0.014) 240
(0.002 0.09 0.014) 240
(0.002 0.094 0.014) 241
(0.002 0.098 0.014) 241
(0.002 0.102 0.014) 242
(0.002 0.106 0.014) 242
(0.002 0.11 0.014) 242
(0.002 0.114 0.014) 243
(0.002 0.118 0.014) 243
(0.002 0.122 0.014) 244
(0.002 0.126 0.014) 244
(0.002 0.13 0.014) 245
(0.002 0.134 0.014) 245
(0.002 0.138 0.014) 245
(0.002 0.142 0.014) 246
(0.002 0.146 0.014) 246
(0.002 0.002 0.018) 0
(0.002 0.006 0.018) 0
(0.002 0.00999999 0.018) 0
(0.002 0.014 0.018) 1
(0.002 0.018 0.018) 1
(0.002 0.022 0.018) 2
(0.002 0.026 0.018) 2
(0.002 0.03 0.018) 2
(0.002 0.034 0.018) 3
(0.002 0.038 0.018) 3
(0.002 0.042 0.018) 4
(0.002 0.046 0.018) 4
(0.002 0.05 0.018) 4
(0.002 0.054 0.018) 5
(0.002 0.058 0.018) 5
(0.002 0.062 0.018) 6
(0.002 0.066 0.018) 6
(0.002 0.07 0.0179999) 210
(0.002 0.074 0.018) 210
(0.002 0.078 0.018) 210
(0.002 0.082 0.018) 240
(0.002 0.086 0.018) 240
(0.002 0.09 0.018) 240
(0.002 0.094 0.018) 241
(0.002 0.098 0.018) 241
(0.002 0.102 0.018) 242
(0.002 0.106 0.018) 242
(0.002 0.11 0.018) 242
(0.002 0.114 0.018) 243
(0.002 0.118 0.018) 243
(0.002 0.122 0.018) 244
(0.002 0.126 0.018) 244
(0.002 0.13 0.018) 244
(0.002 0.134 0.018) 245
(0.002 0.138 0.018) 245
(0.002 0.142 0.018) 246
(0.002 0.146 0.018) 246
(0.002 0.002 0.022) 7
(0.002 0.006 0.022) 7
(0.002 0.01 0.022) 7
(0.002 0.014 0.022) 8
(0.002 0.018 0.022) 8
(0.002 0.022 0.022) 9
(0.002 0.026 0.022) 9
(0.002 0.03 0.022) 9
(0.002 0.034 0.022) 10
(0.002 0.038 0.022) 10
(0.002 0.042 0.022) 11
(0.002 0.046 0.022) 11
(0.002 0.05 0.022) 11
(0.002 0.054 0.022) 12
(0.002 0.058 0.022) 12
(0.002 0.062 0.022) 13
(0.002 0.066 0.022) 13
(0.002 0.07 0.022) 211
(0.002 0.074 0.022) 211
(0.002 0.078 0.022) 211
(0.002 0.082 0.022) 247
(0.002 0.086 0.022) 247
(0.002 0.09 0.022) 247
(0.002 0.094 0.022) 248
(0.002 0.098 0.022) 248
(0.002 0.102 0.022) 249
(0.002 0.106 0.022) 249
(0.002 0.11 0.022) 250
(0.002 0.114 0.022) 250
(0.002 0.118 0.022) 250
(0.002 0.122 0.022) 251
(0.002 0.126 0.022) 251
(0.002 0.13 0.022) 252
(0.002 0.134 0.022) 252
(0.002 0.138 0.022) 252
(0.002 0.142 0.022) 253
(0.002 0.146 0.022) 253
(0.002 0.002 0.026) 7
(0.002 0.006 0.026) 7
(0.002 0.01 0.026) 7
(0.002 0.014 0.026) 8
(0.002 0.018 0.026) 8
(0.002 0.022 0.026) 9
(0.002 0.026 0.026) 9
(0.002 0.03 0.026) 9
(0.002 0.034 0.026) 10
(0.002 0.038 0.026) 10
(0.002 0.042 0.026) 11
(0.002 0.046 0.026) 11
(0.002 0.05 0.026) 11
(0.002 0.054 0.026) 12
(0.002 0.058 0.026) 12
(0.002 0.062 0.026) 13
(0.002 0.066 0.026) 13
(0.002 0.07 0.026) 211
(0.002 0.074 0.026) 211
(0.002 0.078 0.026) 211
(0.002 0.082 0.026) 247
(0.002 0.086 0.026) 247
(0.002 0.09 0.0260001) 247
(0.002 0.094 0.026) 248
(0.002 0.098 0.026) 248
(0.002 0.102 0.026) 249
(0.002 0.106 0.026) 249
(0.002 0.11 0.026) 250
(0.002 0.114 0.026) 250
(0.002 0.118 0.026) 250
(0.002 0.122 0.026) 251
(0.002 0.126 0.026) 251
(0.002 0.13 0.026) 252
(0.002 0.134 0.026) 252
(0.002 0.138 0.026) 252
(0.002 0.142 0.026) 253
(0.002 0.146 0.026) 253
(0.002 0.00199999 0.03) 7
(0.002 0.00599999 0.03) 7
(0.002 0.00999998 0.03) 7
(0.002 0.014 0.03) 8
(0.002 0.018 0.03) 8
(0.002 0.022 0.03) 9
(0.002 0.026 0.03) 9
(0.002 0.03 0.03) 9
(0.002 0.034 0.03) 10
(0.002 0.038 0.03) 10
(0.002 0.042 0.03) 11
(0.002 0.046 0.03) 11
(0.002 0.05 0.0299999) 11
(0.002 0.054 0.03) 12
(0.002 0.058 0.03) 12
(0.002 0.062 0.03) 13
(0.002 0.066 0.03) 13
(0.002 0.07 0.03) 211
(0.002 0.074 0.03) 211
(0.002 0.078 0.03) 211
(0.002 0.082 0.03) 247
(0.002 0.086 0.03) 247
(0.002 0.09 0.03) 247
(0.002 0.094 0.03) 248
(0.002 0.098 0.03) 248
(0.002 0.102 0.03) 249
(0.002 0.106 0.03) 249
(0.002 0.11 0.0300001) 250
(0.002 0.114 0.03) 250
(0.002 0.118 0.03) 250
(0.002 0.122 0.03) 251
(0.002 0.126 0.03) 251
(0.002 0.13 0.03) 251
(0.002 0.134 0.03) 252
(0.002 0.138 0.03) 252
(0.002 0.142 0.03) 253
(0.002 0.146 0.03) 253
(0.002 0.002 0.034) 7
(0.002 0.006 0.034) 7
(0.002 0.01 0.034) 7
(0.002 0.014 0.034) 8
(0.002 0.018 0.034) 8
(0.002 0.022 0.034) 9
(0.002 0.026 0.034) 9
(0.002 0.03 0.034) 9
(0.002 0.034 0.034) 10
(0.002 0.038 0.034) 10
(0.002 0.042 0.034) 11
(0.002 0.046 0.034) 11
(0.002 0.05 0.034) 11
(0.002 0.054 0.034) 12
(0.002 0.058 0.034) 12
(0.002 0.062 0.034) 13
(0.002 0.066 0.034) 13
(0.002 0.07 0.034) 211
(0.002 0.074 0.034) 211
(0.002 0.078 0.034) 211
(0.002 0.082 0.034) 247
(0.002 0.086 0.034) 247
(0.002 0.09 0.034) 248
(0.002 0.094 0.034) 248
(0.002 0.098 0.034) 248
(0.002 0.102 0.034) 249
(0.002 0.106 0.034) 249
(0.002 0.11 0.034) 250
(0.002 0.114 0.034) 250
(0.002 0.118 0.034) 250
(0.002 0.122 0.034) 251
(0.002 0.126 0.034) 251
(0.002 0.13 0.034) 252
(0.002 0.134 0.034) 252
(0.002 0.138 0.034) 252
(0.002 0.142 0.034) 253
(0.002 0.146 0.034) 253
(0.002 0.002 0.038) 7
(0.002 0.006 0.038) 7
(0.002 0.00999999 0.038) 7
(0.002 0.014 0.038) 8
(0.002 0.018 0.038) 8
(0.002 0.022 0.038) 9
(0.002 0.026 0.038) 9
(0.002 0.03 0.038) 9
(0.002 0.034 0.038) 10
(0.002 0.038 0.038) 10
(0.002 0.042 0.038) 11
(0.002 0.046 0.038) 11
(0.002 0.05 0.038) 11
(0.002 0.054 0.038) 12
(0.002 0.058 0.038) 12
(0.002 0.062 0.038) 13
(0.002 0.066 0.038) 13
(0.002 0.07 0.038) 211
(0.002 0.074 0.038) 211
(0.002 0.078 0.038) 211
(0.002 0.082 0.038) 247
(0.002 0.086 0.038) 247
(0.002 0.09 0.038) 247
(0.002 0.094 0.038) 248
(0.002 0.098 0.038) 248
(0.002 0.102 0.038) 249
(0.002 0.106 0.038) 249
(0.002 0.11 0.038) 250
(0.002 0.114 0.038) 250
(0.002 0.118 0.038) 250
(0.002 0.122 0.038) 251
(0.002 0.126 0.038) 251
(0.002 0.13 0.038) 252
(0.002 0.134 0.038) 252
(0.002 0.138 0.038) 252
(0.002 0.142 0.038) 253
(0.002 0.146 0.038) 253
(0.002 0.00199999 0.042) 14
(0.002 0.00599999 0.042) 14
(0.002 0.01 0.042) 15
(0.002 0.014 0.042) 15
(0.002 0.018 0.042) 15
(0.002 0.022 0.042) 16
(0.002 0.026 0.042) 16
(0.002 0.03 0.0420001) 17
(0.002 0.034 0.042) 17
(0.002 0.038 0.042) 17
(0.002 0.042 0.042) 18
(0.002 0.046 0.042) 18
(0.002 0.05 0.042) 18
(0.002 0.054 0.042) 19
(0.002 0.058 0.042) 19
(0.002 0.062 0.042) 20
(0.002 0.066 0.042) 20
(0.002 0.07 0.042) 212
(0.002 0.074 0.042) 212
(0.002 0.078 0.042) 212
(0.002 0.082 0.042) 254
(0.002 0.086 0.042) 254
(0.002 0.09 0.042) 254
(0.002 0.094 0.042) 255
(0.002 0.098 0.042) 255
(0.002 0.102 0.042) 256
(0.002 0.106 0.042) 256
(0.002 0.11 0.042) 257
(0.002 0.114 0.042) 257
(0.002 0.118 0.042) 257
(0.002 0.122 0.042) 258
(0.002 0.126 0.042) 258
(0.002 0.13 0.042) 259
(0.002 0.134 0.042) 259
(0.002 0.138 0.042) 259
(0.002 0.142 0.042) 260
(0.002 0.146 0.042) 260
(0.002 0.00199999 0.046) 14
(0.002 0.00599999 0.046) 14
(0.002 0.01 0.0460001) 15
(0.002 0.014 0.046) 15
(0.002 0.018 0.046) 15
(0.002 0.022 0.046) 16
(0.002 0.026 0.046) 16
(0.002 0.03 0.046) 17
(0.002 0.034 0.046) 17
(0.002 0.038 0.046) 17
(0.002 0.042 0.046) 18
(0.002 0.046 0.046) 18
(0.002 0.05 0.046) 18
(0.002 0.054 0.046) 19
(0.002 0.058 0.046) 19
(0.002 0.062 0.046) 20
(0.002 0.066 0.046) 20
(0.002 0.07 0.046) 212
(0.002 0.074 0.046) 212
(0.002 0.078 0.046) 212
(0.002 0.082 0.046) 254
(0.002 0.086 0.046) 254
(0.002 0.09 0.046) 254
(0.002 0.094 0.046) 255
(0.002 0.098 0.046) 255
(0.002 0.102 0.046) 256
(0.002 0.106 0.046) 256
(0.002 0.11 0.046) 257
(0.002 0.114 0.046) 257
(0.002 0.118 0.046) 257
(0.002 0.122 0.046) 258
(0.002 0.126 0.046) 258
(0.002 0.13 0.046) 258
(0.002 0.134 0.046) 259
(0.002 0.138 0.046) 259
(0.002 0.142 0.046) 260
(0.002 0.146 0.046) 260
(0.002 0.00200001 0.05) 14
(0.002 0.00600001 0.05) 14
(0.002 0.01 0.05) 15
(0.002 0.014 0.05) 15
(0.002 0.018 0.05) 15
(0.002 0.022 0.05) 16
(0.002 0.026 0.05) 16
(0.002 0.03 0.0500001) 16
(0.002 0.034 0.05) 17
(0.002 0.038 0.05) 17
(0.002 0.042 0.05) 18
(0.002 0.046 0.05) 18
(0.002 0.05 0.05) 19
(0.002 0.054 0.05) 19
(0.002 0.058 0.05) 19
(0.002 0.062 0.05) 20
(0.002 0.066 0.05) 20
(0.002 0.07 0.05) 212
(0.002 0.074 0.05) 212
(0.002 0.078 0.05) 212
(0.002 0.082 0.05) 254
(0.002 0.086 0.05) 254
(0.002 0.09 0.05) 254
(0.002 0.094 0.05) 255
(0.002 0.098 0.05) 255
(0.002 0.102 0.05) 256
(0.002 0.106 0.05) 256
(0.002 0.11 0.05) 256
(0.002 0.114 0.05) 257
(0.002 0.118 0.05) 257
(0.002 0.122 0.05) 258
(0.002 0.126 0.05) 258
(0.002 0.13 0.05) 259
(0.002 0.134 0.05) 259
(0.002 0.138 0.05) 259
(0.002 0.142 0.05) 260
(0.002 0.146 0.05) 260
(0.002 0.002 0.054) 14
(0.002 0.006 0.054) 14
(0.002 0.01 0.054) 14
(0.002 0.014 0.054) 15
(0.002 0.018 0.054) 15
(0.002 0.022 0.054) 16
(0.002 0.026 0.054) 16
(0.002 0.03 0.054) 17
(0.002 0.034 0.054) 17
(0.002 0.038 0.054) 17
(0.002 0.042 0.054) 18
(0.002 0.046 0.054) 18
(0.002 0.05 0.054) 19
(0.002 0.054 0.054) 19
(0.002 0.058 0.054) 19
(0.002 0.062 0.054) 20
(0.002 0.066 0.054) 20
(0.002 0.07 0.054) 212
(0.002 0.074 0.054) 212
(0.002 0.078 0.054) 212
(0.002 0.082 0.054) 254
(0.002 0.086 0.054) 254
(0.002 0.09 0.054) 254
(0.002 0.094 0.054) 255
(0.002 0.098 0.054) 255
(0.002 0.102 0.054) 256
(0.002 0.106 0.054) 256
(0.002 0.11 0.054) 257
(0.002 0.114 0.054) 257
(0.002 0.118 0.054) 257
(0.002 0.122 0.054) 258
(0.002 0.126 0.054) 258
(0.002 0.13 0.054) 258
(0.002 0.134 0.054) 259
(0.002 0.138 0.054) 259
(0.002 0.142 0.054) 260
(0.002 0.146 0.054) 260
(0.002 0.002 0.058) 14
(0.002 0.006 0.058) 14
(0.002 0.01 0.058) 15
(0.002 0.014 0.058) 15
(0.002 0.018 0.058) 15
(0.002 0.022 0.058) 16
(0.002 0.026 0.058) 16
(0.002 0.03 0.058) 16
(0.002 0.034 0.058) 17
(0.002 0.038 0.058) 17
(0.002 0.042 0.058) 18
(0.002 0.046 0.058) 18
(0.002 0.05 0.058) 18
(0.002 0.054 0.058) 19
(0.002 0.058 0.058) 19
(0.002 0.062 0.058) 20
(0.002 0.066 0.058) 20
(0.002 0.07 0.058) 212
(0.002 0.074 0.058) 212
(0.002 0.078 0.058) 212
(0.002 0.082 0.058) 254
(0.002 0.086 0.058) 254
(0.002 0.09 0.058) 254
(0.002 0.094 0.058) 255
(0.002 0.098 0.058) 255
(0.002 0.102 0.058) 256
(0.002 0.106 0.058) 256
(0.002 0.11 0.058) 257
(0.002 0.114 0.058) 257
(0.002 0.118 0.058) 257
(0.002 0.122 0.058) 258
(0.002 0.126 0.058) 258
(0.002 0.13 0.058) 259
(0.002 0.134 0.058) 259
(0.002 0.138 0.058) 259
(0.002 0.142 0.058) 260
(0.002 0.146 0.058) 260
(0.002 0.002 0.062) 21
(0.002 0.006 0.062) 21
(0.002 0.01 0.062) 22
(0.002 0.014 0.062) 22
(0.002 0.018 0.062) 22
(0.002 0.022 0.062) 23
(0.002 0.026 0.062) 23
(0.002 0.03 0.062) 23
(0.002 0.034 0.062) 24
(0.002 0.038 0.062) 24
(0.002 0.042 0.062) 25
(0.002 0.046 0.062) 25
(0.002 0.05 0.062) 26
(0.002 0.054 0.062) 26
(0.002 0.058 0.062) 26
(0.002 0.062 0.062) 27
(0.002 0.066 0.062) 27
(0.002 0.07 0.062) 213
(0.002 0.074 0.062) 213
(0.002 0.078 0.062) 213
(0.002 0.082 0.062) 261
(0.002 0.086 0.062) 261
(0.002 0.09 0.062) 261
(0.002 0.094 0.062) 262
(0.002 0.098 0.062) 262
(0.002 0.102 0.062) 263
(0.002 0.106 0.062) 263
(0.002 0.11 0.062) 264
(0.002 0.114 0.062) 264
(0.002 0.118 0.062) 264
(0.002 0.122 0.062) 265
(0.002 0.126 0.062) 265
(0.002 0.13 0.062) 266
(0.002 0.134 0.062) 266
(0.002 0.138 0.062) 266
(0.002 0.142 0.062) 267
(0.002 0.146 0.062) 267
(0.002 0.00199999 0.066) 21
(0.002 0.00599999 0.066) 21
(0.002 0.01 0.066) 22
(0.002 0.014 0.066) 22
(0.002 0.018 0.066) 22
(0.002 0.022 0.066) 23
(0.002 0.026 0.066) 23
(0.002 0.03 0.066) 23
(0.002 0.034 0.066) 24
(0.002 0.038 0.066) 24
(0.002 0.042 0.066) 25
(0.002 0.046 0.066) 25
(0.002 0.05 0.066) 26
(0.002 0.054 0.066) 26
(0.002 0.058 0.066) 26
(0.002 0.062 0.066) 27
(0.002 0.066 0.066) 27
(0.002 0.07 0.066) 27
(0.002 0.074 0.066) 213
(0.002 0.078 0.066) 213
(0.002 0.082 0.066) 261
(0.002 0.086 0.066) 261
(0.002 0.09 0.066) 261
(0.002 0.094 0.066) 262
(0.002 0.098 0.066) 262
(0.002 0.102 0.066) 263
(0.002 0.106 0.066) 263
(0.002 0.11 0.066) 264
(0.002 0.114 0.066) 264
(0.002 0.118 0.066) 264
(0.002 0.122 0.066) 265
(0.002 0.126 0.066) 265
(0.002 0.13 0.066) 265
(0.002 0.134 0.066) 266
(0.002 0.138 0.066) 266
(0.002 0.142 0.066) 267
(0.002 0.146 0.066) 267
(0.002 0.00199999 0.07) 21
(0.002 0.00599998 0.07) 21
(0.002 0.01 0.07) 22
(0.002 0.014 0.07) 22
(0.002 0.018 0.07) 22
(0.002 0.022 0.07) 23
(0.002 0.026 0.07) 23
(0.002 0.03 0.07) 23
(0.002 0.034 0.07) 24
(0.002 0.038 0.07) 24
(0.002 0.042 0.07) 25
(0.002 0.046 0.07) 25
(0.002 0.05 0.07) 25
(0.002 0.054 0.07) 26
(0.002 0.058 0.07) 26
(0.002 0.062 0.07) 27
(0.002 0.066 0.07) 27
(0.002 0.07 0.07) 27
(0.002 0.074 0.07) 213
(0.002 0.078 0.07) 213
(0.002 0.082 0.07) 261
(0.002 0.086 0.07) 261
(0.002 0.09 0.07) 261
(0.002 0.094 0.07) 262
(0.002 0.098 0.07) 262
(0.002 0.102 0.07) 263
(0.002 0.106 0.07) 263
(0.002 0.11 0.07) 264
(0.002 0.114 0.07) 264
(0.002 0.118 0.07) 264
(0.002 0.122 0.07) 265
(0.002 0.126 0.07) 265
(0.002 0.13 0.07) 266
(0.002 0.134 0.07) 266
(0.002 0.138 0.07) 266
(0.002 0.142 0.07) 267
(0.002 0.146 0.07) 267
(0.002 0.002 0.074) 21
(0.002 0.006 0.074) 21
(0.002 0.01 0.074) 22
(0.002 0.014 0.074) 22
(0.002 0.018 0.074) 22
(0.002 0.022 0.074) 23
(0.002 0.026 0.074) 23
(0.002 0.03 0.074) 24
(0.002 0.034 0.074) 24
(0.002 0.038 0.074) 24
(0.002 0.042 0.074) 25
(0.002 0.046 0.074) 25
(0.002 0.05 0.074) 25
(0.002 0.054 0.074) 26
(0.002 0.058 0.074) 26
(0.002 0.062 0.074) 27
(0.002 0.066 0.074) 27
(0.002 0.07 0.074) 27
(0.002 0.074 0.074) 213
(0.002 0.078 0.074) 213
(0.002 0.082 0.074) 261
(0.002 0.086 0.074) 261
(0.002 0.09 0.074) 261
(0.002 0.094 0.074) 262
(0.002 0.098 0.074) 262
(0.002 0.102 0.074) 263
(0.002 0.106 0.074) 263
(0.002 0.11 0.074) 264
(0.002 0.114 0.074) 264
(0.002 0.118 0.074) 264
(0.002 0.122 0.074) 265
(0.002 0.126 0.074) 265
(0.002 0.13 0.074) 265
(0.002 0.134 0.074) 266
(0.002 0.138 0.074) 266
(0.002 0.142 0.074) 267
(0.002 0.146 0.074) 267
(0.002 0.002 0.078) 21
(0.002 0.006 0.078) 21
(0.002 0.01 0.078) 21
(0.002 0.014 0.078) 22
(0.002 0.018 0.078) 22
(0.002 0.022 0.078) 23
(0.002 0.026 0.078) 23
(0.002 0.03 0.078) 24
(0.002 0.034 0.078) 24
(0.002 0.038 0.078) 24
(0.002 0.042 0.078) 25
(0.002 0.046 0.078) 25
(0.002 0.05 0.078) 25
(0.002 0.054 0.078) 26
(0.002 0.058 0.078) 26
(0.002 0.062 0.078) 27
(0.002 0.066 0.078) 27
(0.002 0.07 0.078) 27
(0.002 0.074 0.078) 213
(0.002 0.078 0.078) 213
(0.002 0.082 0.078) 261
(0.002 0.086 0.078) 261
(0.002 0.09 0.078) 262
(0.002 0.094 0.078) 262
(0.002 0.098 0.078) 262
(0.002 0.102 0.078) 263
(0.002 0.106 0.078) 263
(0.002 0.11 0.078) 264
(0.002 0.114 0.078) 264
(0.002 0.118 0.078) 264
(0.002 0.122 0.078) 265
(0.002 0.126 0.078) 265
(0.002 0.13 0.078) 265
(0.002 0.134 0.078) 266
(0.002 0.138 0.078) 266
(0.002 0.142 0.078) 267
(0.002 0.146 0.078) 267
(0.002 0.002 0.082) 28
(0.002 0.006 0.082) 28
(0.002 0.01 0.082) 28
(0.002 0.014 0.082) 29
(0.002 0.018 0.082) 29
(0.002 0.022 0.082) 30
(0.002 0.026 0.082) 30
(0.002 0.03 0.082) 31
(0.002 0.034 0.082) 31
(0.002 0.038 0.082) 31
(0.002 0.042 0.082) 32
(0.002 0.046 0.082) 32
(0.002 0.05 0.082) 32
(0.002 0.054 0.082) 33
(0.002 0.058 0.082) 33
(0.002 0.062 0.082) 34
(0.002 0.066 0.082) 34
(0.002 0.07 0.082) 214
(0.002 0.074 0.082) 214
(0.002 0.078 0.082) 214
(0.002 0.082 0.082) 268
(0.002 0.086 0.082) 268
(0.002 0.09 0.082) 269
(0.002 0.094 0.082) 269
(0.002 0.098 0.082) 269
(0.002 0.102 0.082) 270
(0.002 0.106 0.082) 270
(0.002 0.11 0.082) 271
(0.002 0.114 0.082) 271
(0.002 0.118 0.082) 271
(0.002 0.122 0.082) 272
(0.002 0.126 0.082) 272
(0.002 0.13 0.082) 272
(0.002 0.134 0.082) 273
(0.002 0.138 0.082) 273
(0.002 0.142 0.082) 274
(0.002 0.146 0.082) 274
(0.002 0.002 0.086) 28
(0.002 0.00599999 0.086) 28
(0.002 0.01 0.086) 29
(0.002 0.014 0.086) 29
(0.002 0.018 0.086) 29
(0.002 0.022 0.086) 30
(0.002 0.026 0.086) 30
(0.002 0.03 0.086) 31
(0.002 0.034 0.086) 31
(0.002 0.038 0.086) 31
(0.002 0.042 0.086) 32
(0.002 0.046 0.086) 32
(0.002 0.05 0.086) 33
(0.002 0.054 0.086) 33
(0.002 0.058 0.086) 33
(0.002 0.062 0.086) 34
(0.002 0.066 0.086) 34
(0.002 0.07 0.086) 214
(0.002 0.074 0.086) 214
(0.002 0.078 0.086) 214
(0.002 0.082 0.086) 268
(0.002 0.086 0.086) 268
(0.002 0.09 0.086) 268
(0.002 0.094 0.086) 269
(0.002 0.098 0.086) 269
(0.002 0.102 0.086) 270
(0.002 0.106 0.086) 270
(0.002 0.11 0.086) 271
(0.002 0.114 0.086) 271
(0.002 0.118 0.086) 271
(0.002 0.122 0.086) 272
(0.002 0.126 0.086) 272
(0.002 0.13 0.086) 272
(0.002 0.134 0.086) 273
(0.002 0.138 0.086) 273
(0.002 0.142 0.086) 274
(0.002 0.146 0.086) 274
(0.002 0.002 0.09) 28
(0.002 0.00599998 0.09) 28
(0.002 0.01 0.09) 29
(0.002 0.014 0.09) 29
(0.002 0.018 0.09) 29
(0.002 0.022 0.09) 30
(0.002 0.026 0.09) 30
(0.002 0.03 0.09) 30
(0.002 0.034 0.09) 31
(0.002 0.038 0.09) 31
(0.002 0.042 0.09) 32
(0.002 0.046 0.09) 32
(0.002 0.05 0.09) 33
(0.002 0.054 0.09) 33
(0.002 0.058 0.09) 33
(0.002 0.062 0.09) 34
(0.002 0.066 0.09) 34
(0.002 0.07 0.09) 34
(0.002 0.074 0.09) 214
(0.002 0.078 0.09) 214
(0.002 0.082 0.09) 268
(0.002 0.086 0.09) 268
(0.002 0.09 0.09) 268
(0.002 0.094 0.09) 269
(0.002 0.098 0.09) 269
(0.002 0.102 0.09) 270
(0.002 0.106 0.09) 270
(0.002 0.11 0.09) 271
(0.002 0.114 0.09) 271
(0.002 0.118 0.09) 271
(0.002 0.122 0.09) 272
(0.002 0.126 0.09) 272
(0.002 0.13 0.09) 273
(0.002 0.134 0.09) 273
(0.002 0.138 0.09) 273
(0.002 0.142 0.09) 274
(0.002 0.146 0.09) 274
(0.002 0.002 0.094) 28
(0.002 0.00599999 0.094) 28
(0.002 0.01 0.094) 29
(0.002 0.014 0.094) 29
(0.002 0.018 0.094) 29
(0.002 0.022 0.094) 30
(0.002 0.026 0.094) 30
(0.002 0.03 0.094) 30
(0.002 0.034 0.094) 31
(0.002 0.038 0.094) 31
(0.002 0.042 0.094) 32
(0.002 0.046 0.094) 32
(0.002 0.05 0.094) 32
(0.002 0.054 0.094) 33
(0.002 0.058 0.094) 33
(0.002 0.062 0.094) 34
(0.002 0.066 0.094) 34
(0.002 0.07 0.094) 34
(0.002 0.074 0.094) 214
(0.002 0.078 0.094) 214
(0.002 0.082 0.094) 268
(0.002 0.086 0.094) 268
(0.002 0.09 0.0939999) 268
(0.002 0.094 0.094) 269
(0.002 0.098 0.094) 269
(0.002 0.102 0.094) 270
(0.002 0.106 0.094) 270
(0.002 0.11 0.0940001) 271
(0.002 0.114 0.094) 271
(0.002 0.118 0.094) 271
(0.002 0.122 0.094) 272
(0.002 0.126 0.094) 272
(0.002 0.13 0.094) 273
(0.002 0.134 0.094) 273
(0.002 0.138 0.094) 273
(0.002 0.142 0.094) 274
(0.002 0.146 0.094) 274
(0.002 0.002 0.098) 28
(0.002 0.00599999 0.098) 28
(0.002 0.01 0.098) 29
(0.002 0.014 0.098) 29
(0.002 0.018 0.098) 29
(0.002 0.022 0.098) 30
(0.002 0.026 0.098) 30
(0.002 0.03 0.098) 30
(0.002 0.034 0.098) 31
(0.002 0.038 0.098) 31
(0.002 0.042 0.098) 32
(0.002 0.046 0.098) 32
(0.002 0.05 0.098) 32
(0.002 0.054 0.098) 33
(0.002 0.058 0.098) 33
(0.002 0.062 0.098) 34
(0.002 0.066 0.098) 34
(0.002 0.07 0.098) 214
(0.002 0.074 0.098) 214
(0.002 0.078 0.098) 214
(0.002 0.082 0.098) 268
(0.002 0.086 0.098) 268
(0.002 0.09 0.098) 268
(0.002 0.094 0.098) 269
(0.002 0.098 0.098) 269
(0.002 0.102 0.098) 270
(0.002 0.106 0.098) 270
(0.002 0.11 0.098) 270
(0.002 0.114 0.098) 271
(0.002 0.118 0.098) 271
(0.002 0.122 0.098) 272
(0.002 0.126 0.098) 272
(0.002 0.13 0.098) 272
(0.002 0.134 0.098) 273
(0.002 0.138 0.098) 273
(0.002 0.142 0.098) 274
(0.002 0.146 0.098) 274
(0.002 0.002 0.102) 35
(0.002 0.006 0.102) 35
(0.002 0.01 0.102) 36
(0.002 0.014 0.102) 36
(0.002 0.018 0.102) 36
(0.002 0.022 0.102) 37
(0.002 0.026 0.102) 37
(0.002 0.03 0.102) 38
(0.002 0.034 0.102) 38
(0.002 0.038 0.102) 38
(0.002 0.042 0.102) 39
(0.002 0.046 0.102) 39
(0.002 0.05 0.102) 39
(0.002 0.054 0.102) 40
(0.002 0.058 0.102) 40
(0.002 0.062 0.102) 41
(0.002 0.066 0.102) 41
(0.002 0.07 0.102) 41
(0.002 0.074 0.102) 215
(0.002 0.078 0.102) 215
(0.002 0.082 0.102) 275
(0.002 0.086 0.102) 275
(0.002 0.09 0.102) 276
(0.002 0.094 0.102) 276
(0.002 0.098 0.102) 276
(0.002 0.102 0.102) 277
(0.002 0.106 0.102) 277
(0.002 0.11 0.102) 278
(0.002 0.114 0.102) 278
(0.002 0.118 0.102) 278
(0.002 0.122 0.102) 279
(0.002 0.126 0.102) 279
(0.002 0.13 0.102) 279
(0.002 0.134 0.102) 280
(0.002 0.138 0.102) 280
(0.002 0.142 0.102) 281
(0.002 0.146 0.102) 281
(0.002 0.002 0.106) 35
(0.002 0.006 0.106) 35
(0.002 0.01 0.106) 35
(0.002 0.014 0.106) 36
(0.002 0.018 0.106) 36
(0.002 0.022 0.106) 37
(0.002 0.026 0.106) 37
(0.002 0.03 0.106) 37
(0.002 0.034 0.106) 38
(0.002 0.038 0.106) 38
(0.002 0.042 0.106) 39
(0.002 0.046 0.106) 39
(0.002 0.05 0.106) 40
(0.002 0.054 0.106) 40
(0.002 0.058 0.106) 40
(0.002 0.062 0.106) 41
(0.002 0.066 0.106) 41
(0.002 0.07 0.106) 41
(0.002 0.074 0.106) 215
(0.002 0.078 0.106) 215
(0.002 0.082 0.106) 275
(0.002 0.086 0.106) 275
(0.002 0.09 0.106) 275
(0.002 0.094 0.106) 276
(0.002 0.098 0.106) 276
(0.002 0.102 0.106) 277
(0.002 0.106 0.106) 277
(0.002 0.11 0.106) 278
(0.002 0.114 0.106) 278
(0.002 0.118 0.106) 278
(0.002 0.122 0.106) 279
(0.002 0.126 0.106) 279
(0.002 0.13 0.106) 279
(0.002 0.134 0.106) 280
(0.002 0.138 0.106) 280
(0.002 0.142 0.106) 281
(0.002 0.146 0.106) 281
(0.002 0.00199999 0.11) 35
(0.002 0.00599999 0.11) 35
(0.002 0.00999998 0.11) 35
(0.002 0.014 0.11) 36
(0.002 0.018 0.11) 36
(0.002 0.022 0.11) 37
(0.002 0.026 0.11) 37
(0.002 0.03 0.11) 37
(0.002 0.034 0.11) 38
(0.002 0.038 0.11) 38
(0.002 0.042 0.11) 39
(0.002 0.046 0.11) 39
(0.002 0.05 0.11) 40
(0.002 0.054 0.11) 40
(0.002 0.058 0.11) 40
(0.002 0.062 0.11) 41
(0.002 0.066 0.11) 41
(0.002 0.07 0.11) 41
(0.002 0.074 0.11) 215
(0.002 0.078 0.11) 215
(0.002 0.082 0.11) 275
(0.002 0.086 0.11) 275
(0.002 0.09 0.11) 275
(0.002 0.094 0.11) 276
(0.002 0.098 0.11) 276
(0.002 0.102 0.11) 277
(0.002 0.106 0.11) 277
(0.002 0.11 0.11) 277
(0.002 0.114 0.11) 278
(0.002 0.118 0.11) 278
(0.002 0.122 0.11) 279
(0.002 0.126 0.11) 279
(0.002 0.13 0.11) 279
(0.002 0.134 0.11) 280
(0.002 0.138 0.11) 280
(0.002 0.142 0.11) 281
(0.002 0.146 0.11) 281
(0.002 0.002 0.114) 35
(0.002 0.006 0.114) 35
(0.002 0.01 0.114) 35
(0.002 0.014 0.114) 36
(0.002 0.018 0.114) 36
(0.002 0.022 0.114) 37
(0.002 0.026 0.114) 37
(0.002 0.03 0.114) 38
(0.002 0.034 0.114) 38
(0.002 0.038 0.114) 38
(0.002 0.042 0.114) 39
(0.002 0.046 0.114) 39
(0.002 0.05 0.114) 40
(0.002 0.054 0.114) 40
(0.002 0.058 0.114) 40
(0.002 0.062 0.114) 41
(0.002 0.066 0.114) 41
(0.002 0.07 0.114) 215
(0.002 0.074 0.114) 215
(0.002 0.078 0.114) 215
(0.002 0.082 0.114) 275
(0.002 0.086 0.114) 275
(0.002 0.09 0.114) 275
(0.002 0.094 0.114) 276
(0.002 0.098 0.114) 276
(0.002 0.102 0.114) 277
(0.002 0.106 0.114) 277
(0.002 0.11 0.114) 277
(0.002 0.114 0.114) 278
(0.002 0.118 0.114) 278
(0.002 0.122 0.114) 279
(0.002 0.126 0.114) 279
(0.002 0.13 0.114) 279
(0.002 0.134 0.114) 280
(0.002 0.138 0.114) 280
(0.002 0.142 0.114) 281
(0.002 0.146 0.114) 281
(0.002 0.002 0.118) 35
(0.002 0.006 0.118) 35
(0.002 0.00999999 0.118) 35
(0.002 0.014 0.118) 36
(0.002 0.018 0.118) 36
(0.002 0.022 0.118) 37
(0.002 0.026 0.118) 37
(0.002 0.03 0.118) 38
(0.002 0.034 0.118) 38
(0.002 0.038 0.118) 38
(0.002 0.042 0.118) 39
(0.002 0.046 0.118) 39
(0.002 0.05 0.118) 40
(0.002 0.054 0.118) 40
(0.002 0.058 0.118) 40
(0.002 0.062 0.118) 41
(0.002 0.066 0.118) 41
(0.002 0.07 0.118) 215
(0.002 0.074 0.118) 215
(0.002 0.078 0.118) 215
(0.002 0.082 0.118) 275
(0.002 0.086 0.118) 275
(0.002 0.09 0.118) 275
(0.002 0.094 0.118) 276
(0.002 0.098 0.118) 276
(0.002 0.102 0.118) 277
(0.002 0.106 0.118) 277
(0.002 0.11 0.118) 277
(0.002 0.114 0.118) 278
(0.002 0.118 0.118) 278
(0.002 0.122 0.118) 279
(0.002 0.126 0.118) 279
(0.002 0.13 0.118) 280
(0.002 0.134 0.118) 280
(0.002 0.138 0.118) 280
(0.002 0.142 0.118) 281
(0.002 0.146 0.118) 281
(0.002 0.002 0.122) 42
(0.002 0.00599999 0.122) 42
(0.002 0.01 0.122) 43
(0.002 0.014 0.122) 43
(0.002 0.018 0.122) 43
(0.002 0.022 0.122) 44
(0.002 0.026 0.122) 44
(0.002 0.03 0.122) 45
(0.002 0.034 0.122) 45
(0.002 0.038 0.122) 45
(0.002 0.042 0.122) 46
(0.002 0.046 0.122) 46
(0.002 0.05 0.122) 47
(0.002 0.054 0.122) 47
(0.002 0.058 0.122) 47
(0.002 0.062 0.122) 48
(0.002 0.066 0.122) 48
(0.002 0.07 0.122) 216
(0.002 0.074 0.122) 216
(0.002 0.078 0.122) 216
(0.002 0.082 0.122) 282
(0.002 0.086 0.122) 282
(0.002 0.09 0.122) 282
(0.002 0.094 0.122) 283
(0.002 0.098 0.122) 283
(0.002 0.102 0.122) 284
(0.002 0.106 0.122) 284
(0.002 0.11 0.122) 285
(0.002 0.114 0.122) 285
(0.002 0.118 0.122) 285
(0.002 0.122 0.122) 286
(0.002 0.126 0.122) 286
(0.002 0.13 0.122) 287
(0.002 0.134 0.122) 287
(0.002 0.138 0.122) 287
(0.002 0.142 0.122) 288
(0.002 0.146 0.122) 288
(0.002 0.00199999 0.126) 42
(0.002 0.00599999 0.126) 42
(0.002 0.01 0.126) 43
(0.002 0.014 0.126) 43
(0.002 0.018 0.126) 43
(0.002 0.022 0.126) 44
(0.002 0.026 0.126) 44
(0.002 0.03 0.126) 45
(0.002 0.034 0.126) 45
(0.002 0.038 0.126) 45
(0.002 0.042 0.126) 46
(0.002 0.046 0.126) 46
(0.002 0.05 0.126) 46
(0.002 0.054 0.126) 47
(0.002 0.058 0.126) 47
(0.002 0.062 0.126) 48
(0.002 0.066 0.126) 48
(0.002 0.07 0.126) 48
(0.002 0.074 0.126) 216
(0.002 0.078 0.126) 216
(0.002 0.082 0.126) 282
(0.002 0.086 0.126) 282
(0.002 0.09 0.126) 282
(0.002 0.094 0.126) 283
(0.002 0.098 0.126) 283
(0.002 0.102 0.126) 284
(0.002 0.106 0.126) 284
(0.002 0.11 0.126) 285
(0.002 0.114 0.126) 285
(0.002 0.118 0.126) 285
(0.002 0.122 0.126) 286
(0.002 0.126 0.126) 286
(0.002 0.13 0.126) 287
(0.002 0.134 0.126) 287
(0.002 0.138 0.126) 287
(0.002 0.142 0.126) 288
(0.002 0.146 0.126) 288
(0.002 0.00199998 0.13) 42
(0.002 0.00599998 0.13) 42
(0.002 0.01 0.13) 43
(0.002 0.014 0.13) 43
(0.002 0.018 0.13) 43
(0.002 0.022 0.13) 44
(0.002 0.026 0.13) 44
(0.002 0.03 0.13) 45
(0.002 0.034 0.13) 45
(0.002 0.038 0.13) 45
(0.002 0.042 0.13) 46
(0.002 0.046 0.13) 46
(0.002 0.05 0.13) 46
(0.002 0.054 0.13) 47
(0.002 0.058 0.13) 47
(0.002 0.062 0.13) 48
(0.002 0.066 0.13) 48
(0.002 0.07 0.13) 48
(0.002 0.074 0.13) 216
(0.002 0.078 0.13) 216
(0.002 0.082 0.13) 282
(0.002 0.086 0.13) 282
(0.002 0.09 0.13) 283
(0.002 0.094 0.13) 283
(0.002 0.098 0.13) 283
(0.002 0.102 0.13) 284
(0.002 0.106 0.13) 284
(0.002 0.11 0.13) 285
(0.002 0.114 0.13) 285
(0.002 0.118 0.13) 285
(0.002 0.122 0.13) 286
(0.002 0.126 0.13) 286
(0.002 0.13 0.13) 287
(0.002 0.134 0.13) 287
(0.002 0.138 0.13) 287
(0.002 0.142 0.13) 288
(0.002 0.146 0.13) 288
(0.002 0.002 0.134) 42
(0.002 0.006 0.134) 42
(0.002 0.01 0.134) 42
(0.002 0.014 0.134) 43
(0.002 0.018 0.134) 43
(0.002 0.022 0.134) 44
(0.002 0.026 0.134) 44
(0.002 0.03 0.134) 44
(0.002 0.034 0.134) 45
(0.002 0.038 0.134) 45
(0.002 0.042 0.134) 46
(0.002 0.046 0.134) 46
(0.002 0.05 0.134) 47
(0.002 0.054 0.134) 47
(0.002 0.058 0.134) 47
(0.002 0.062 0.134) 48
(0.002 0.066 0.134) 48
(0.002 0.07 0.134) 48
(0.002 0.074 0.134) 216
(0.002 0.078 0.134) 216
(0.002 0.082 0.134) 282
(0.002 0.086 0.134) 282
(0.002 0.09 0.134) 283
(0.002 0.094 0.134) 283
(0.002 0.098 0.134) 283
(0.002 0.102 0.134) 284
(0.002 0.106 0.134) 284
(0.002 0.11 0.134) 285
(0.002 0.114 0.134) 285
(0.002 0.118 0.134) 285
(0.002 0.122 0.134) 286
(0.002 0.126 0.134) 286
(0.002 0.13 0.134) 287
(0.002 0.134 0.134) 287
(0.002 0.138 0.134) 287
(0.002 0.142 0.134) 288
(0.002 0.146 0.134) 288
(0.002 0.00199999 0.138) 42
(0.002 0.00599999 0.138) 42
(0.002 0.01 0.138) 43
(0.002 0.014 0.138) 43
(0.002 0.018 0.138) 43
(0.002 0.022 0.138) 44
(0.002 0.026 0.138) 44
(0.002 0.03 0.138) 44
(0.002 0.034 0.138) 45
(0.002 0.038 0.138) 45
(0.002 0.042 0.138) 46
(0.002 0.046 0.138) 46
(0.002 0.05 0.138) 47
(0.002 0.054 0.138) 47
(0.002 0.058 0.138) 47
(0.002 0.062 0.138) 48
(0.002 0.066 0.138) 48
(0.002 0.07 0.138) 216
(0.002 0.074 0.138) 216
(0.002 0.078 0.138) 216
(0.002 0.082 0.138) 282
(0.002 0.086 0.138) 282
(0.002 0.09 0.138) 283
(0.002 0.094 0.138) 283
(0.002 0.098 0.138) 283
(0.002 0.102 0.138) 284
(0.002 0.106 0.138) 284
(0.002 0.11 0.138) 285
(0.002 0.114 0.138) 285
(0.002 0.118 0.138) 285
(0.002 0.122 0.138) 286
(0.002 0.126 0.138) 286
(0.002 0.13 0.138) 287
(0.002 0.134 0.138) 287
(0.002 0.138 0.138) 287
(0.002 0.142 0.138) 288
(0.002 0.146 0.138) 288
(0.002 0.002 0.142) 49
(0.002 0.006 0.142) 49
(0.002 0.01 0.142) 50
(0.002 0.014 0.142) 50
(0.002 0.018 0.142) 50
(0.002 0.022 0.142) 51
(0.002 0.026 0.142) 51
(0.002 0.03 0.142) 51
(0.002 0.034 0.142) 52
(0.002 0.038 0.142) 52
(0.002 0.042 0.142) 53
(0.002 0.046 0.142) 53
(0.002 0.05 0.142) 54
(0.002 0.054 0.142) 54
(0.002 0.058 0.142) 54
(0.002 0.062 0.142) 55
(0.002 0.066 0.142) 55
(0.002 0.07 0.142) 217
(0.002 0.074 0.142) 217
(0.002 0.078 0.142) 217
(0.002 0.082 0.142) 289
(0.002 0.086 0.142) 289
(0.002 0.09 0.142) 290
(0.002 0.094 0.142) 290
(0.002 0.098 0.142) 290
(0.002 0.102 0.142) 291
(0.002 0.106 0.142) 291
(0.002 0.11 0.142) 292
(0.002 0.114 0.142) 292
(0.002 0.118 0.142) 292
(0.002 0.122 0.142) 293
(0.002 0.126 0.142) 293
(0.002 0.13 0.142) 294
(0.002 0.134 0.142) 294
(0.002 0.138 0.142) 294
(0.002 0.142 0.142) 295
(0.002 0.146 0.142) 295
(0.002 0.002 0.146) 49
(0.002 0.006 0.146) 49
(0.002 0.01 0.146) 49
(0.002 0.014 0.146) 50
(0.002 0.018 0.146) 50
(0.002 0.022 0.146) 51
(0.002 0.026 0.146) 51
(0.002 0.03 0.146) 51
(0.002 0.034 0.146) 52
(0.002 0.038 0.146) 52
(0.002 0.042 0.146) 53
(0.002 0.046 0.146) 53
(0.002 0.05 0.146) 54
(0.002 0.054 0.146) 54
(0.002 0.058 0.146) 54
(0.002 0.062 0.146) 55
(0.002 0.066 0.146) 55
(0.002 0.07 0.146) 217
(0.002 0.074 0.146) 217
(0.002 0.078 0.146) 217
(0.002 0.082 0.146) 289
(0.002 0.086 0.146) 289
(0.002 0.09 0.146) 289
(0.002 0.094 0.146) 290
(0.002 0.098 0.146) 290
(0.002 0.102 0.146) 291
(0.002 0.106 0.146) 291
(0.002 0.11 0.146) 292
(0.002 0.114 0.146) 292
(0.002 0.118 0.146) 292
(0.002 0.122 0.146) 293
(0.002 0.126 0.146) 293
(0.002 0.13 0.146) 293
(0.002 0.134 0.146) 294
(0.002 0.138 0.146) 294
(0.002 0.142 0.146) 295
(0.002 0.146 0.146) 295
(0.002 0.00199999 0.15) 49
(0.002 0.00599999 0.15) 49
(0.002 0.00999998 0.15) 49
(0.002 0.014 0.15) 50
(0.002 0.018 0.15) 50
(0.002 0.022 0.15) 51
(0.002 0.026 0.15) 51
(0.002 0.03 0.15) 51
(0.002 0.034 0.15) 52
(0.002 0.038 0.15) 52
(0.002 0.042 0.15) 53
(0.002 0.046 0.15) 53
(0.002 0.05 0.15) 53
(0.002 0.054 0.15) 54
(0.002 0.058 0.15) 54
(0.002 0.062 0.15) 55
(0.002 0.066 0.15) 55
(0.002 0.07 0.15) 55
(0.002 0.074 0.15) 217
(0.002 0.078 0.15) 217
(0.002 0.082 0.15) 289
(0.002 0.086 0.15) 289
(0.002 0.09 0.15) 289
(0.002 0.094 0.15) 290
(0.002 0.098 0.15) 290
(0.002 0.102 0.15) 291
(0.002 0.106 0.15) 291
(0.002 0.11 0.15) 292
(0.002 0.114 0.15) 292
(0.002 0.118 0.15) 292
(0.002 0.122 0.15) 293
(0.002 0.126 0.15) 293
(0.002 0.13 0.15) 293
(0.002 0.134 0.15) 294
(0.002 0.138 0.15) 294
(0.002 0.142 0.15) 295
(0.002 0.146 0.15) 295
(0.002 0.002 0.154) 49
(0.002 0.00599999 0.154) 49
(0.002 0.01 0.154) 50
(0.002 0.014 0.154) 50
(0.002 0.018 0.154) 50
(0.002 0.022 0.154) 51
(0.002 0.026 0.154) 51
(0.002 0.03 0.154) 52
(0.002 0.034 0.154) 52
(0.002 0.038 0.154) 52
(0.002 0.042 0.154) 53
(0.002 0.046 0.154) 53
(0.002 0.05 0.154) 53
(0.002 0.054 0.154) 54
(0.002 0.058 0.154) 54
(0.002 0.062 0.154) 55
(0.002 0.066 0.154) 55
(0.002 0.07 0.154) 217
(0.002 0.074 0.154) 217
(0.002 0.078 0.154) 217
(0.002 0.082 0.154) 289
(0.002 0.086 0.154) 289
(0.002 0.09 0.154) 289
(0.002 0.094 0.154) 290
(0.002 0.098 0.154) 290
(0.002 0.102 0.154) 291
(0.002 0.106 0.154) 291
(0.002 0.11 0.154) 292
(0.002 0.114 0.154) 292
(0.002 0.118 0.154) 292
(0.002 0.122 0.154) 293
(0.002 0.126 0.154) 293
(0.002 0.13 0.154) 294
(0.002 0.134 0.154) 294
(0.002 0.138 0.154) 294
(0.002 0.142 0.154) 295
(0.002 0.146 0.154) 295
(0.002 0.002 0.158) 49
(0.002 0.006 0.158) 49
(0.002 0.01 0.158) 50
(0.002 0.014 0.158) 50
(0.002 0.018 0.158) 50
(0.002 0.022 0.158) 51
(0.002 0.026 0.158) 51
(0.002 0.03 0.158) 52
(0.002 0.034 0.158) 52
(0.002 0.038 0.158) 52
(0.002 0.042 0.158) 53
(0.002 0.046 0.158) 53
(0.002 0.05 0.158) 54
(0.002 0.054 0.158) 54
(0.002 0.058 0.158) 54
(0.002 0.062 0.158) 55
(0.002 0.066 0.158) 55
(0.002 0.07 0.158) 217
(0.002 0.074 0.158) 217
(0.002 0.078 0.158) 217
(0.002 0.082 0.158) 289
(0.002 0.086 0.158) 289
(0.002 0.09 0.158) 290
(0.002 0.094 0.158) 290
(0.002 0.098 0.158) 290
(0.002 0.102 0.158) 291
(0.002 0.106 0.158) 291
(0.002 0.11 0.158) 291
(0.002 0.114 0.158) 292
(0.002 0.118 0.158) 292
(0.002 0.122 0.158) 293
(0.002 0.126 0.158) 293
(0.002 0.13 0.158) 294
(0.002 0.134 0.158) 294
(0.002 0.138 0.158) 294
(0.002 0.142 0.158) 295
(0.002 0.146 0.158) 295
(0.002 0.002 0.162) 56
(0.002 0.006 0.162) 56
(0.002 0.00999999 0.162) 56
(0.002 0.014 0.162) 57
(0.002 0.018 0.162) 57
(0.002 0.022 0.162) 58
(0.002 0.026 0.162) 58
(0.002 0.03 0.162) 58
(0.002 0.034 0.162) 59
(0.002 0.038 0.162) 59
(0.002 0.042 0.162) 60
(0.002 0.046 0.162) 60
(0.002 0.05 0.162) 61
(0.002 0.054 0.162) 61
(0.002 0.058 0.162) 61
(0.002 0.062 0.162) 62
(0.002 0.066 0.162) 62
(0.002 0.07 0.162) 218
(0.002 0.074 0.162) 218
(0.002 0.078 0.162) 218
(0.002 0.082 0.162) 296
(0.002 0.086 0.162) 296
(0.002 0.09 0.162) 297
(0.002 0.094 0.162) 297
(0.002 0.098 0.162) 297
(0.002 0.102 0.162) 298
(0.002 0.106 0.162) 298
(0.002 0.11 0.162) 298
(0.002 0.114 0.162) 299
(0.002 0.118 0.162) 299
(0.002 0.122 0.162) 300
(0.002 0.126 0.162) 300
(0.002 0.13 0.162) 300
(0.002 0.134 0.162) 301
(0.002 0.138 0.162) 301
(0.002 0.142 0.162) 302
(0.002 0.146 0.162) 302
(0.002 0.002 0.166) 56
(0.002 0.006 0.166) 56
(0.002 0.01 0.166) 56
(0.002 0.014 0.166) 57
(0.002 0.018 0.166) 57
(0.002 0.022 0.166) 58
(0.002 0.026 0.166) 58
(0.002 0.03 0.166) 58
(0.002 0.034 0.166) 59
(0.002 0.038 0.166) 59
(0.002 0.042 0.166) 60
(0.002 0.046 0.166) 60
(0.002 0.05 0.166) 61
(0.002 0.054 0.166) 61
(0.002 0.058 0.166) 61
(0.002 0.062 0.166) 62
(0.002 0.066 0.166) 62
(0.002 0.07 0.166) 218
(0.002 0.074 0.166) 218
(0.002 0.078 0.166) 218
(0.002 0.082 0.166) 296
(0.002 0.086 0.166) 296
(0.002 0.09 0.166) 297
(0.002 0.094 0.166) 297
(0.002 0.098 0.166) 297
(0.002 0.102 0.166) 298
(0.002 0.106 0.166) 298
(0.002 0.11 0.166) 298
(0.002 0.114 0.166) 299
(0.002 0.118 0.166) 299
(0.002 0.122 0.166) 300
(0.002 0.126 0.166) 300
(0.002 0.13 0.166) 300
(0.002 0.134 0.166) 301
(0.002 0.138 0.166) 301
(0.002 0.142 0.166) 302
(0.002 0.146 0.166) 302
(0.002 0.00199998 0.17) 56
(0.002 0.00599998 0.17) 56
(0.002 0.01 0.17) 57
(0.002 0.014 0.17) 57
(0.002 0.018 0.17) 57
(0.002 0.022 0.17) 58
(0.002 0.026 0.17) 58
(0.002 0.03 0.17) 59
(0.002 0.034 0.17) 59
(0.002 0.038 0.17) 59
(0.002 0.042 0.17) 60
(0.002 0.046 0.17) 60
(0.002 0.05 0.17) 60
(0.002 0.054 0.17) 61
(0.002 0.058 0.17) 61
(0.002 0.062 0.17) 62
(0.002 0.066 0.17) 62
(0.002 0.07 0.17) 218
(0.002 0.074 0.17) 218
(0.002 0.078 0.17) 218
(0.002 0.082 0.17) 296
(0.002 0.086 0.17) 296
(0.002 0.09 0.17) 297
(0.002 0.094 0.17) 297
(0.002 0.098 0.17) 297
(0.002 0.102 0.17) 298
(0.002 0.106 0.17) 298
(0.002 0.11 0.17) 299
(0.002 0.114 0.17) 299
(0.002 0.118 0.17) 299
(0.002 0.122 0.17) 300
(0.002 0.126 0.17) 300
(0.002 0.13 0.17) 300
(0.002 0.134 0.17) 301
(0.002 0.138 0.17) 301
(0.002 0.142 0.17) 302
(0.002 0.146 0.17) 302
(0.002 0.002 0.174) 56
(0.002 0.006 0.174) 56
(0.002 0.01 0.174) 57
(0.002 0.014 0.174) 57
(0.002 0.018 0.174) 57
(0.002 0.022 0.174) 58
(0.002 0.026 0.174) 58
(0.002 0.03 0.174) 59
(0.002 0.034 0.174) 59
(0.002 0.038 0.174) 59
(0.002 0.042 0.174) 60
(0.002 0.046 0.174) 60
(0.002 0.05 0.174) 61
(0.002 0.054 0.174) 61
(0.002 0.058 0.174) 61
(0.002 0.062 0.174) 62
(0.002 0.066 0.174) 62
(0.002 0.07 0.174) 62
(0.002 0.074 0.174) 218
(0.002 0.078 0.174) 218
(0.002 0.082 0.174) 296
(0.002 0.086 0.174) 296
(0.002 0.09 0.174) 296
(0.002 0.094 0.174) 297
(0.002 0.098 0.174) 297
(0.002 0.102 0.174) 298
(0.002 0.106 0.174) 298
(0.002 0.11 0.174) 298
(0.002 0.114 0.174) 299
(0.002 0.118 0.174) 299
(0.002 0.122 0.174) 300
(0.002 0.126 0.174) 300
(0.002 0.13 0.174) 301
(0.002 0.134 0.174) 301
(0.002 0.138 0.174) 301
(0.002 0.142 0.174) 302
(0.002 0.146 0.174) 302
(0.002 0.002 0.178) 56
(0.002 0.006 0.178) 56
(0.002 0.01 0.178) 57
(0.002 0.014 0.178) 57
(0.002 0.018 0.178) 57
(0.002 0.022 0.178) 58
(0.002 0.026 0.178) 58
(0.002 0.03 0.178) 59
(0.002 0.034 0.178) 59
(0.002 0.038 0.178) 59
(0.002 0.042 0.178) 60
(0.002 0.046 0.178) 60
(0.002 0.05 0.178) 60
(0.002 0.054 0.178) 61
(0.002 0.058 0.178) 61
(0.002 0.062 0.178) 62
(0.002 0.066 0.178) 62
(0.002 0.07 0.178) 62
(0.002 0.074 0.178) 218
(0.002 0.078 0.178) 218
(0.002 0.082 0.178) 296
(0.002 0.086 0.178) 296
(0.002 0.09 0.178) 296
(0.002 0.094 0.178) 297
(0.002 0.098 0.178) 297
(0.002 0.102 0.178) 298
(0.002 0.106 0.178) 298
(0.002 0.11 0.178) 298
(0.002 0.114 0.178) 299
(0.002 0.118 0.178) 299
(0.002 0.122 0.178) 300
(0.002 0.126 0.178) 300
(0.002 0.13 0.178) 301
(0.002 0.134 0.178) 301
(0.002 0.138 0.178) 301
(0.002 0.142 0.178) 302
(0.002 0.146 0.178) 302
(0.002 0.002 0.182) 63
(0.002 0.00599999 0.182) 63
(0.002 0.01 0.182) 64
(0.002 0.014 0.182) 64
(0.002 0.018 0.182) 64
(0.002 0.022 0.182) 65
(0.002 0.026 0.182) 65
(0.002 0.03 0.182) 65
(0.002 0.034 0.182) 66
(0.002 0.038 0.182) 66
(0.002 0.042 0.182) 67
(0.002 0.046 0.182) 67
(0.002 0.05 0.182) 67
(0.002 0.054 0.182) 68
(0.002 0.058 0.182) 68
(0.002 0.062 0.182) 69
(0.002 0.066 0.182) 69
(0.002 0.07 0.182) 69
(0.002 0.074 0.182) 219
(0.002 0.078 0.182) 219
(0.002 0.082 0.182) 303
(0.002 0.086 0.182) 303
(0.002 0.09 0.182) 303
(0.002 0.094 0.182) 304
(0.002 0.098 0.182) 304
(0.002 0.102 0.182) 305
(0.002 0.106 0.182) 305
(0.002 0.11 0.182) 306
(0.002 0.114 0.182) 306
(0.002 0.118 0.182) 306
(0.002 0.122 0.182) 307
(0.002 0.126 0.182) 307
(0.002 0.13 0.182) 308
(0.002 0.134 0.182) 308
(0.002 0.138 0.182) 308
(0.002 0.142 0.182) 309
(0.002 0.146 0.182) 309
(0.002 0.002 0.186) 63
(0.002 0.00599999 0.186) 63
(0.002 0.01 0.186) 64
(0.002 0.014 0.186) 64
(0.002 0.018 0.186) 64
(0.002 0.022 0.186) 65
(0.002 0.026 0.186) 65
(0.002 0.03 0.186) 66
(0.002 0.034 0.186) 66
(0.002 0.038 0.186) 66
(0.002 0.042 0.186) 67
(0.002 0.046 0.186) 67
(0.002 0.05 0.186) 68
(0.002 0.054 0.186) 68
(0.002 0.058 0.186) 68
(0.002 0.062 0.186) 69
(0.002 0.066 0.186) 69
(0.002 0.07 0.186) 219
(0.002 0.074 0.186) 219
(0.002 0.078 0.186) 219
(0.002 0.082 0.186) 303
(0.002 0.086 0.186) 303
(0.002 0.09 0.186) 303
(0.002 0.094 0.186) 304
(0.002 0.098 0.186) 304
(0.002 0.102 0.186) 305
(0.002 0.106 0.186) 305
(0.002 0.11 0.186) 306
(0.002 0.114 0.186) 306
(0.002 0.118 0.186) 306
(0.002 0.122 0.186) 307
(0.002 0.126 0.186) 307
(0.002 0.13 0.186) 307
(0.002 0.134 0.186) 308
(0.002 0.138 0.186) 308
(0.002 0.142 0.186) 309
(0.002 0.146 0.186) 309
(0.002 0.002 0.19) 63
(0.002 0.00599998 0.19) 63
(0.002 0.01 0.19) 64
(0.002 0.014 0.19) 64
(0.002 0.018 0.19) 64
(0.002 0.022 0.19) 65
(0.002 0.026 0.19) 65
(0.002 0.03 0.19) 66
(0.002 0.034 0.19) 66
(0.002 0.038 0.19) 66
(0.002 0.042 0.19) 67
(0.002 0.046 0.19) 67
(0.002 0.05 0.19) 68
(0.002 0.054 0.19) 68
(0.002 0.058 0.19) 68
(0.002 0.062 0.19) 69
(0.002 0.066 0.19) 69
(0.002 0.07 0.19) 219
(0.002 0.074 0.19) 219
(0.002 0.078 0.19) 219
(0.002 0.082 0.19) 303
(0.002 0.086 0.19) 303
(0.002 0.09 0.19) 303
(0.002 0.094 0.19) 304
(0.002 0.098 0.19) 304
(0.002 0.102 0.19) 305
(0.002 0.106 0.19) 305
(0.002 0.11 0.19) 306
(0.002 0.114 0.19) 306
(0.002 0.118 0.19) 306
(0.002 0.122 0.19) 307
(0.002 0.126 0.19) 307
(0.002 0.13 0.19) 307
(0.002 0.134 0.19) 308
(0.002 0.138 0.19) 308
(0.002 0.142 0.19) 309
(0.002 0.146 0.19) 309
(0.002 0.002 0.194) 63
(0.002 0.00599999 0.194) 63
(0.002 0.01 0.194) 64
(0.002 0.014 0.194) 64
(0.002 0.018 0.194) 64
(0.002 0.022 0.194) 65
(0.002 0.026 0.194) 65
(0.002 0.03 0.194) 66
(0.002 0.034 0.194) 66
(0.002 0.038 0.194) 66
(0.002 0.042 0.194) 67
(0.002 0.046 0.194) 67
(0.002 0.05 0.194) 68
(0.002 0.054 0.194) 68
(0.002 0.058 0.194) 68
(0.002 0.062 0.194) 69
(0.002 0.066 0.194) 69
(0.002 0.07 0.194) 219
(0.002 0.074 0.194) 219
(0.002 0.078 0.194) 219
(0.002 0.082 0.194) 303
(0.002 0.086 0.194) 303
(0.002 0.09 0.194) 303
(0.002 0.094 0.194) 304
(0.002 0.098 0.194) 304
(0.002 0.102 0.194) 305
(0.002 0.106 0.194) 305
(0.002 0.11 0.194) 306
(0.002 0.114 0.194) 306
(0.002 0.118 0.194) 306
(0.002 0.122 0.194) 307
(0.002 0.126 0.194) 307
(0.002 0.13 0.194) 308
(0.002 0.134 0.194) 308
(0.002 0.138 0.194) 308
(0.002 0.142 0.194) 309
(0.002 0.146 0.194) 309
(0.002 0.002 0.198) 63
(0.002 0.006 0.198) 63
(0.002 0.01 0.198) 64
(0.002 0.014 0.198) 64
(0.002 0.018 0.198) 64
(0.002 0.022 0.198) 65
(0.002 0.026 0.198) 65
(0.002 0.03 0.198) 65
(0.002 0.034 0.198) 66
(0.002 0.038 0.198) 66
(0.002 0.042 0.198) 67
(0.002 0.046 0.198) 67
(0.002 0.05 0.198) 67
(0.002 0.054 0.198) 68
(0.002 0.058 0.198) 68
(0.002 0.062 0.198) 69
(0.002 0.066 0.198) 69
(0.002 0.07 0.198) 69
(0.002 0.074 0.198) 219
(0.002 0.078 0.198) 219
(0.002 0.082 0.198) 303
(0.002 0.086 0.198) 303
(0.002 0.09 0.198) 303
(0.002 0.094 0.198) 304
(0.002 0.098 0.198) 304
(0.002 0.102 0.198) 305
(0.002 0.106 0.198) 305
(0.002 0.11 0.198) 305
(0.002 0.114 0.198) 306
(0.002 0.118 0.198) 306
(0.002 0.122 0.198) 307
(0.002 0.126 0.198) 307
(0.002 0.13 0.198) 308
(0.002 0.134 0.198) 308
(0.002 0.138 0.198) 308
(0.002 0.142 0.198) 309
(0.002 0.146 0.198) 309
(0.002 0.002 0.202) 70
(0.002 0.00599999 0.202) 70
(0.002 0.01 0.202) 71
(0.002 0.014 0.202) 71
(0.002 0.018 0.202) 71
(0.002 0.022 0.202) 72
(0.002 0.026 0.202) 72
(0.002 0.03 0.202) 73
(0.002 0.034 0.202) 73
(0.002 0.038 0.202) 73
(0.002 0.042 0.202) 74
(0.002 0.046 0.202) 74
(0.002 0.05 0.202) 74
(0.002 0.054 0.202) 75
(0.002 0.058 0.202) 75
(0.002 0.062 0.202) 76
(0.002 0.066 0.202) 76
(0.002 0.07 0.202) 220
(0.002 0.074 0.202) 220
(0.002 0.078 0.202) 220
(0.002 0.082 0.202) 310
(0.002 0.086 0.202) 310
(0.002 0.09 0.202) 311
(0.002 0.094 0.202) 311
(0.002 0.098 0.202) 311
(0.002 0.102 0.202) 312
(0.002 0.106 0.202) 312
(0.002 0.11 0.202) 313
(0.002 0.114 0.202) 313
(0.002 0.118 0.202) 313
(0.002 0.122 0.202) 314
(0.002 0.126 0.202) 314
(0.002 0.13 0.202) 314
(0.002 0.134 0.202) 315
(0.002 0.138 0.202) 315
(0.002 0.142 0.202) 316
(0.002 0.146 0.202) 316
(0.002 0.002 0.206) 70
(0.002 0.00599999 0.206) 70
(0.002 0.01 0.206) 71
(0.002 0.014 0.206) 71
(0.002 0.018 0.206) 71
(0.002 0.022 0.206) 72
(0.002 0.026 0.206) 72
(0.002 0.03 0.206) 73
(0.002 0.034 0.206) 73
(0.002 0.038 0.206) 73
(0.002 0.042 0.206) 74
(0.002 0.046 0.206) 74
(0.002 0.05 0.206) 74
(0.002 0.054 0.206) 75
(0.002 0.058 0.206) 75
(0.002 0.062 0.206) 76
(0.002 0.066 0.206) 76
(0.002 0.07 0.206) 220
(0.002 0.074 0.206) 220
(0.002 0.078 0.206) 220
(0.002 0.082 0.206) 310
(0.002 0.086 0.206) 310
(0.002 0.09 0.206) 310
(0.002 0.094 0.206) 311
(0.002 0.098 0.206) 311
(0.002 0.102 0.206) 312
(0.002 0.106 0.206) 312
(0.002 0.11 0.206) 313
(0.002 0.114 0.206) 313
(0.002 0.118 0.206) 313
(0.002 0.122 0.206) 314
(0.002 0.126 0.206) 314
(0.002 0.13 0.206) 314
(0.002 0.134 0.206) 315
(0.002 0.138 0.206) 315
(0.002 0.142 0.206) 316
(0.002 0.146 0.206) 316
(0.002 0.002 0.21) 70
(0.002 0.00599998 0.21) 70
(0.002 0.01 0.21) 71
(0.002 0.014 0.21) 71
(0.002 0.018 0.21) 71
(0.002 0.022 0.21) 72
(0.002 0.026 0.21) 72
(0.002 0.03 0.21) 72
(0.002 0.034 0.21) 73
(0.002 0.038 0.21) 73
(0.002 0.042 0.21) 74
(0.002 0.046 0.21) 74
(0.002 0.05 0.21) 74
(0.002 0.054 0.21) 75
(0.002 0.058 0.21) 75
(0.002 0.062 0.21) 76
(0.002 0.066 0.21) 76
(0.002 0.07 0.21) 76
(0.002 0.074 0.21) 220
(0.002 0.078 0.21) 220
(0.002 0.082 0.21) 310
(0.002 0.086 0.21) 310
(0.002 0.09 0.21) 310
(0.002 0.094 0.21) 311
(0.002 0.098 0.21) 311
(0.002 0.102 0.21) 312
(0.002 0.106 0.21) 312
(0.002 0.11 0.21) 313
(0.002 0.114 0.21) 313
(0.002 0.118 0.21) 313
(0.002 0.122 0.21) 314
(0.002 0.126 0.21) 314
(0.002 0.13 0.21) 314
(0.002 0.134 0.21) 315
(0.002 0.138 0.21) 315
(0.002 0.142 0.21) 316
(0.002 0.146 0.21) 316
(0.002 0.002 0.214) 70
(0.002 0.00599999 0.214) 70
(0.002 0.01 0.214) 71
(0.002 0.014 0.214) 71
(0.002 0.018 0.214) 71
(0.002 0.022 0.214) 72
(0.002 0.026 0.214) 72
(0.002 0.03 0.214) 72
(0.002 0.034 0.214) 73
(0.002 0.038 0.214) 73
(0.002 0.042 0.214) 74
(0.002 0.046 0.214) 74
(0.002 0.05 0.214) 75
(0.002 0.054 0.214) 75
(0.002 0.058 0.214) 75
(0.002 0.062 0.214) 76
(0.002 0.066 0.214) 76
(0.002 0.07 0.214) 76
(0.002 0.074 0.214) 220
(0.002 0.078 0.214) 220
(0.002 0.082 0.214) 310
(0.002 0.086 0.214) 310
(0.002 0.09 0.214) 310
(0.002 0.094 0.214) 311
(0.002 0.098 0.214) 311
(0.002 0.102 0.214) 312
(0.002 0.106 0.214) 312
(0.002 0.11 0.214) 312
(0.002 0.114 0.214) 313
(0.002 0.118 0.214) 313
(0.002 0.122 0.214) 314
(0.002 0.126 0.214) 314
(0.002 0.13 0.214) 315
(0.002 0.134 0.214) 315
(0.002 0.138 0.214) 315
(0.002 0.142 0.214) 316
(0.002 0.146 0.214) 316
(0.002 0.002 0.218) 70
(0.002 0.006 0.218) 70
(0.002 0.01 0.218) 71
(0.002 0.014 0.218) 71
(0.002 0.018 0.218) 71
(0.002 0.022 0.218) 72
(0.002 0.026 0.218) 72
(0.002 0.03 0.218) 72
(0.002 0.034 0.218) 73
(0.002 0.038 0.218) 73
(0.002 0.042 0.218) 74
(0.002 0.046 0.218) 74
(0.002 0.05 0.218) 75
(0.002 0.054 0.218) 75
(0.002 0.058 0.218) 75
(0.002 0.062 0.218) 76
(0.002 0.066 0.218) 76
(0.002 0.07 0.218) 76
(0.002 0.074 0.218) 220
(0.002 0.078 0.218) 220
(0.002 0.082 0.218) 310
(0.002 0.086 0.218) 310
(0.002 0.09 0.218) 310
(0.002 0.094 0.218) 311
(0.002 0.098 0.218) 311
(0.002 0.102 0.218) 312
(0.002 0.106 0.218) 312
(0.002 0.11 0.218) 312
(0.002 0.114 0.218) 313
(0.002 0.118 0.218) 313
(0.002 0.122 0.218) 314
(0.002 0.126 0.218) 314
(0.002 0.13 0.218) 315
(0.002 0.134 0.218) 315
(0.002 0.138 0.218) 315
(0.002 0.142 0.218) 316
(0.002 0.146 0.218) 316
(0.002 0.00199999 0.222) 77
(0.002 0.00599999 0.222) 77
(0.002 0.01 0.222) 78
(0.002 0.014 0.222) 78
(0.002 0.018 0.222) 78
(0.002 0.022 0.222) 79
(0.002 0.026 0.222) 79
(0.002 0.03 0.222) 79
(0.002 0.034 0.222) 80
(0.002 0.038 0.222) 80
(0.002 0.042 0.222) 81
(0.002 0.046 0.222) 81
(0.002 0.05 0.222) 82
(0.002 0.054 0.222) 82
(0.002 0.058 0.222) 82
(0.002 0.062 0.222) 83
(0.002 0.066 0.222) 83
(0.002 0.07 0.222) 83
(0.002 0.074 0.222) 221
(0.002 0.078 0.222) 221
(0.002 0.082 0.222) 317
(0.002 0.086 0.222) 317
(0.002 0.09 0.222) 318
(0.002 0.094 0.222) 318
(0.002 0.098 0.222) 318
(0.002 0.102 0.222) 319
(0.002 0.106 0.222) 319
(0.002 0.11 0.222) 319
(0.002 0.114 0.222) 320
(0.002 0.118 0.222) 320
(0.002 0.122 0.222) 321
(0.002 0.126 0.222) 321
(0.002 0.13 0.222) 322
(0.002 0.134 0.222) 322
(0.002 0.138 0.222) 322
(0.002 0.142 0.222) 323
(0.002 0.146 0.222) 323
(0.002 0.002 0.226) 77
(0.002 0.006 0.226) 77
(0.002 0.01 0.226) 78
(0.002 0.014 0.226) 78
(0.002 0.018 0.226) 78
(0.002 0.022 0.226) 79
(0.002 0.026 0.226) 79
(0.002 0.03 0.226) 79
(0.002 0.034 0.226) 80
(0.002 0.038 0.226) 80
(0.002 0.042 0.226) 81
(0.002 0.046 0.226) 81
(0.002 0.05 0.226) 81
(0.002 0.054 0.226) 82
(0.002 0.058 0.226) 82
(0.002 0.062 0.226) 83
(0.002 0.066 0.226) 83
(0.002 0.07 0.226) 83
(0.002 0.074 0.226) 221
(0.002 0.078 0.226) 221
(0.002 0.082 0.226) 317
(0.002 0.086 0.226) 317
(0.002 0.09 0.226) 317
(0.002 0.094 0.226) 318
(0.002 0.098 0.226) 318
(0.002 0.102 0.226) 319
(0.002 0.106 0.226) 319
(0.002 0.11 0.226) 319
(0.002 0.114 0.226) 320
(0.002 0.118 0.226) 320
(0.002 0.122 0.226) 321
(0.002 0.126 0.226) 321
(0.002 0.13 0.226) 321
(0.002 0.134 0.226) 322
(0.002 0.138 0.226) 322
(0.002 0.142 0.226) 323
(0.002 0.146 0.226) 323
(0.002 0.00199999 0.23) 77
(0.002 0.00599999 0.23) 77
(0.002 0.00999998 0.23) 77
(0.002 0.014 0.23) 78
(0.002 0.018 0.23) 78
(0.002 0.022 0.23) 79
(0.002 0.026 0.23) 79
(0.002 0.03 0.23) 79
(0.002 0.034 0.23) 80
(0.002 0.038 0.23) 80
(0.002 0.042 0.23) 81
(0.002 0.046 0.23) 81
(0.002 0.05 0.23) 81
(0.002 0.054 0.23) 82
(0.002 0.058 0.23) 82
(0.002 0.062 0.23) 83
(0.002 0.066 0.23) 83
(0.002 0.07 0.23) 221
(0.002 0.074 0.23) 221
(0.002 0.078 0.23) 221
(0.002 0.082 0.23) 317
(0.002 0.086 0.23) 317
(0.002 0.09 0.23) 317
(0.002 0.094 0.23) 318
(0.002 0.098 0.23) 318
(0.002 0.102 0.23) 319
(0.002 0.106 0.23) 319
(0.002 0.11 0.23) 319
(0.002 0.114 0.23) 320
(0.002 0.118 0.23) 320
(0.002 0.122 0.23) 321
(0.002 0.126 0.23) 321
(0.002 0.13 0.23) 321
(0.002 0.134 0.23) 322
(0.002 0.138 0.23) 322
(0.002 0.142 0.23) 323
(0.002 0.146 0.23) 323
(0.002 0.002 0.234) 77
(0.002 0.006 0.234) 77
(0.002 0.01 0.234) 78
(0.002 0.014 0.234) 78
(0.002 0.018 0.234) 78
(0.002 0.022 0.234) 79
(0.002 0.026 0.234) 79
(0.002 0.03 0.234) 80
(0.002 0.034 0.234) 80
(0.002 0.038 0.234) 80
(0.002 0.042 0.234) 81
(0.002 0.046 0.234) 81
(0.002 0.05 0.234) 82
(0.002 0.054 0.234) 82
(0.002 0.058 0.234) 82
(0.002 0.062 0.234) 83
(0.002 0.066 0.234) 83
(0.002 0.07 0.234) 221
(0.002 0.074 0.234) 221
(0.002 0.078 0.234) 221
(0.002 0.082 0.234) 317
(0.002 0.086 0.234) 317
(0.002 0.09 0.234) 317
(0.002 0.094 0.234) 318
(0.002 0.098 0.234) 318
(0.002 0.102 0.234) 319
(0.002 0.106 0.234) 319
(0.002 0.11 0.234) 320
(0.002 0.114 0.234) 320
(0.002 0.118 0.234) 320
(0.002 0.122 0.234) 321
(0.002 0.126 0.234) 321
(0.002 0.13 0.234) 322
(0.002 0.134 0.234) 322
(0.002 0.138 0.234) 322
(0.002 0.142 0.234) 323
(0.002 0.146 0.234) 323
(0.002 0.00199999 0.238) 77
(0.002 0.00599999 0.238) 77
(0.002 0.01 0.238) 78
(0.002 0.014 0.238) 78
(0.002 0.018 0.238) 78
(0.002 0.022 0.238) 79
(0.002 0.026 0.238) 79
(0.002 0.03 0.238) 80
(0.002 0.034 0.238) 80
(0.002 0.038 0.238) 80
(0.002 0.042 0.238) 81
(0.002 0.046 0.238) 81
(0.002 0.05 0.238) 82
(0.002 0.054 0.238) 82
(0.002 0.058 0.238) 82
(0.002 0.062 0.238) 83
(0.002 0.066 0.238) 83
(0.002 0.07 0.238) 83
(0.002 0.074 0.238) 221
(0.002 0.078 0.238) 221
(0.002 0.082 0.238) 317
(0.002 0.086 0.238) 317
(0.002 0.09 0.238) 317
(0.002 0.094 0.238) 318
(0.002 0.098 0.238) 318
(0.002 0.102 0.238) 319
(0.002 0.106 0.238) 319
(0.002 0.11 0.238) 320
(0.002 0.114 0.238) 320
(0.002 0.118 0.238) 320
(0.002 0.122 0.238) 321
(0.002 0.126 0.238) 321
(0.002 0.13 0.238) 322
(0.002 0.134 0.238) 322
(0.002 0.138 0.238) 322
(0.002 0.142 0.238) 323
(0.002 0.146 0.238) 323
(0.002 0.002 0.242) 84
(0.002 0.006 0.242) 84
(0.002 0.01 0.242) 84
(0.002 0.014 0.242) 85
(0.002 0.018 0.242) 85
(0.002 0.022 0.242) 86
(0.002 0.026 0.242) 86
(0.002 0.03 0.242) 86
(0.002 0.034 0.242) 87
(0.002 0.038 0.242) 87
(0.002 0.042 0.242) 88
(0.002 0.046 0.242) 88
(0.002 0.05 0.242) 88
(0.002 0.054 0.242) 89
(0.002 0.058 0.242) 89
(0.002 0.062 0.242) 90
(0.002 0.066 0.242) 90
(0.002 0.07 0.242) 222
(0.002 0.074 0.242) 222
(0.002 0.078 0.242) 222
(0.002 0.082 0.242) 324
(0.002 0.086 0.242) 324
(0.002 0.09 0.242) 324
(0.002 0.094 0.242) 325
(0.002 0.098 0.242) 325
(0.002 0.102 0.242) 326
(0.002 0.106 0.242) 326
(0.002 0.11 0.242) 327
(0.002 0.114 0.242) 327
(0.002 0.118 0.242) 327
(0.002 0.122 0.242) 328
(0.002 0.126 0.242) 328
(0.002 0.13 0.242) 329
(0.002 0.134 0.242) 329
(0.002 0.138 0.242) 329
(0.002 0.142 0.242) 330
(0.002 0.146 0.242) 330
(0.002 0.002 0.246) 84
(0.002 0.00599999 0.246) 84
(0.002 0.01 0.246) 84
(0.002 0.014 0.246) 85
(0.002 0.018 0.246) 85
(0.002 0.022 0.246) 86
(0.002 0.026 0.246) 86
(0.002 0.03 0.246) 86
(0.002 0.034 0.246) 87
(0.002 0.038 0.246) 87
(0.002 0.042 0.246) 88
(0.002 0.046 0.246) 88
(0.002 0.05 0.246) 89
(0.002 0.054 0.246) 89
(0.002 0.058 0.246) 89
(0.002 0.062 0.246) 90
(0.002 0.066 0.246) 90
(0.002 0.07 0.246) 222
(0.002 0.074 0.246) 222
(0.002 0.078 0.246) 222
(0.002 0.082 0.246) 324
(0.002 0.086 0.246) 324
(0.002 0.09 0.246) 324
(0.002 0.094 0.246) 325
(0.002 0.098 0.246) 325
(0.002 0.102 0.246) 326
(0.002 0.106 0.246) 326
(0.002 0.11 0.246) 327
(0.002 0.114 0.246) 327
(0.002 0.118 0.246) 327
(0.002 0.122 0.246) 328
(0.002 0.126 0.246) 328
(0.002 0.13 0.246) 329
(0.002 0.134 0.246) 329
(0.002 0.138 0.246) 329
(0.002 0.142 0.246) 330
(0.002 0.146 0.246) 330
(0.002 0.00199998 0.25) 84
(0.002 0.00599997 0.25) 84
(0.002 0.01 0.25) 85
(0.002 0.014 0.25) 85
(0.002 0.018 0.25) 85
(0.002 0.022 0.25) 86
(0.002 0.026 0.25) 86
(0.002 0.03 0.25) 86
(0.002 0.034 0.25) 87
(0.002 0.038 0.25) 87
(0.002 0.042 0.25) 88
(0.002 0.046 0.25) 88
(0.002 0.05 0.25) 88
(0.002 0.054 0.25) 89
(0.002 0.058 0.25) 89
(0.002 0.062 0.25) 90
(0.002 0.066 0.25) 90
(0.002 0.07 0.25) 90
(0.002 0.074 0.25) 222
(0.002 0.078 0.25) 222
(0.002 0.082 0.25) 324
(0.002 0.086 0.25) 324
(0.002 0.09 0.25) 325
(0.002 0.094 0.25) 325
(0.002 0.098 0.25) 325
(0.002 0.102 0.25) 326
(0.002 0.106 0.25) 326
(0.002 0.11 0.25) 327
(0.002 0.114 0.25) 327
(0.002 0.118 0.25) 327
(0.002 0.122 0.25) 328
(0.002 0.126 0.25) 328
(0.002 0.13 0.25) 329
(0.002 0.134 0.25) 329
(0.002 0.138 0.25) 329
(0.002 0.142 0.25) 330
(0.002 0.146 0.25) 330
(0.002 0.002 0.254) 84
(0.002 0.006 0.254) 84
(0.002 0.01 0.254) 85
(0.002 0.014 0.254) 85
(0.002 0.018 0.254) 85
(0.002 0.022 0.254) 86
(0.002 0.026 0.254) 86
(0.002 0.03 0.254) 87
(0.002 0.034 0.254) 87
(0.002 0.038 0.254) 87
(0.002 0.042 0.254) 88
(0.002 0.046 0.254) 88
(0.002 0.05 0.254) 88
(0.002 0.054 0.254) 89
(0.002 0.058 0.254) 89
(0.002 0.062 0.254) 90
(0.002 0.066 0.254) 90
(0.002 0.07 0.254) 90
(0.002 0.074 0.254) 222
(0.002 0.078 0.254) 222
(0.002 0.082 0.254) 324
(0.002 0.086 0.254) 324
(0.002 0.09 0.254) 324
(0.002 0.094 0.254) 325
(0.002 0.098 0.254) 325
(0.002 0.102 0.254) 326
(0.002 0.106 0.254) 326
(0.002 0.11 0.254) 327
(0.002 0.114 0.254) 327
(0.002 0.118 0.254) 327
(0.002 0.122 0.254) 328
(0.002 0.126 0.254) 328
(0.002 0.13 0.254) 329
(0.002 0.134 0.254) 329
(0.002 0.138 0.254) 329
(0.002 0.142 0.254) 330
(0.002 0.146 0.254) 330
(0.002 0.00199999 0.258) 84
(0.002 0.00599999 0.258) 84
(0.002 0.01 0.258) 85
(0.002 0.014 0.258) 85
(0.002 0.018 0.258) 85
(0.002 0.022 0.258) 86
(0.002 0.026 0.258) 86
(0.002 0.03 0.258) 87
(0.002 0.034 0.258) 87
(0.002 0.038 0.258) 87
(0.002 0.042 0.258) 88
(0.002 0.046 0.258) 88
(0.002 0.05 0.258) 88
(0.002 0.054 0.258) 89
(0.002 0.058 0.258) 89
(0.002 0.062 0.258) 90
(0.002 0.066 0.258) 90
(0.002 0.07 0.258) 222
(0.002 0.074 0.258) 222
(0.002 0.078 0.258) 222
(0.002 0.082 0.258) 324
(0.002 0.086 0.258) 324
(0.002 0.09 0.258) 325
(0.002 0.094 0.258) 325
(0.002 0.098 0.258) 325
(0.002 0.102 0.258) 326
(0.002 0.106 0.258) 326
(0.002 0.11 0.258) 326
(0.002 0.114 0.258) 327
(0.002 0.118 0.258) 327
(0.002 0.122 0.258) 328
(0.002 0.126 0.258) 328
(0.002 0.13 0.258) 328
(0.002 0.134 0.258) 329
(0.002 0.138 0.258) 329
(0.002 0.142 0.258) 330
(0.002 0.146 0.258) 330
)


// ************************************************************************* //
