/*--------------------------------*- C++ -*----------------------------------*\
| =========                 |                                                 |
| \\      /  F ield         | OpenFOAM: The Open Source CFD Toolbox           |
|  \\    /   O peration     | Version:  2.2.x                                 |
|   \\  /    A nd           | Web:      www.OpenFOAM.org                      |
|    \\/     M anipulation  |                                                 |
\*---------------------------------------------------------------------------*/
FoamFile
{
    version     2.0;
    format      ascii;
    class       vectorField;
    location    "0.01";
    object      U;
}
// * * * * * * * * * * * * * * * * * * * * * * * * * * * * * * * * * * * * * //


2405
(
(8.90922e-25 -1.47926e-07 -9.00402e-07)
(1.08211e-24 -3.58839e-08 4.67048e-06)
(-4.10469e-25 8.66413e-07 4.80868e-06)
(-1.8089e-23 -1.55188e-06 3.98963e-06)
(3.96003e-25 -1.0932e-06 7.7301e-07)
(2.62324e-24 1.49326e-06 3.50074e-06)
(2.11253e-24 2.61999e-07 2.86704e-06)
(2.81857e-24 -1.86249e-07 1.48112e-05)
(-2.66059e-26 1.73129e-06 2.81963e-06)
(3.29342e-26 -3.65541e-08 -4.84476e-08)
(2.38693e-24 -1.38412e-07 3.18284e-06)
(4.49492e-26 -4.56744e-07 6.67808e-08)
(1.2522e-23 2.09026e-07 -5.15206e-06)
(-2.4104e-24 2.28751e-07 4.97604e-06)
(-3.60723e-25 -4.52286e-07 1.86413e-06)
(7.40482e-27 7.7346e-07 1.79167e-07)
(-2.24166e-25 6.2422e-07 2.99439e-06)
(1.17291e-23 -8.11405e-09 -5.31384e-06)
(-6.16456e-24 3.16217e-07 4.0334e-06)
(-2.22158e-28 -5.72653e-08 3.57256e-06)
(3.41031e-26 6.34191e-07 2.17024e-07)
(7.54985e-24 -1.61756e-06 2.71684e-06)
(1.67868e-23 2.13528e-07 1.48103e-05)
(2.22719e-24 -4.2918e-07 2.84739e-06)
(-1.24143e-24 -1.74655e-06 2.44056e-06)
(2.57274e-25 1.65672e-06 8.25909e-07)
(3.26144e-26 1.85719e-06 8.27906e-07)
(2.72002e-24 -3.61111e-07 -1.35504e-05)
(-1.22281e-24 1.30809e-06 2.64893e-06)
(8.22914e-26 -1.07836e-06 1.73393e-07)
(-8.26309e-25 2.91794e-07 3.59466e-06)
(-6.70315e-24 2.54758e-07 3.83856e-06)
(-3.38605e-25 1.47997e-07 3.71554e-07)
(8.90723e-26 2.24856e-07 3.29882e-06)
(3.96132e-28 -1.30642e-07 -8.17205e-08)
(-1.61684e-24 -6.76806e-08 2.54844e-06)
(8.24992e-38 5.80147e-09 -1.46829e-08)
(-6.35647e-26 2.56034e-06 -1.33254e-07)
(-7.18029e-25 9.21364e-07 3.38119e-06)
(-9.9778e-24 9.58984e-07 -1.42373e-05)
(7.73228e-24 -9.71536e-07 5.2362e-06)
(9.9508e-31 -1.22427e-06 8.36376e-07)
(-2.7177e-24 7.06923e-07 4.98232e-06)
(-2.16095e-24 7.80821e-07 7.78688e-06)
(-2.74663e-24 5.18301e-07 -3.52311e-06)
(-8.11038e-26 1.56845e-06 7.20758e-06)
(-7.13262e-30 7.25035e-07 4.45545e-07)
(-2.89835e-24 3.31285e-07 5.62313e-06)
(-1.51002e-29 -1.99476e-06 -6.34196e-07)
(1.69026e-23 -5.11218e-07 -3.88398e-06)
(1.59267e-24 -9.37272e-07 3.78831e-06)
(-4.31597e-26 -1.95406e-06 6.24995e-06)
(-3.70108e-31 5.75889e-08 1.60264e-06)
(2.35582e-25 1.98097e-06 5.67153e-06)
(-4.81482e-24 1.07763e-06 1.27635e-06)
(6.03484e-24 -8.18351e-07 5.39697e-06)
(-9.73995e-31 -2.71907e-07 5.31125e-06)
(-2.63054e-30 3.28652e-07 9.64921e-07)
(-7.4869e-24 -9.77379e-07 6.90697e-06)
(-1.6829e-23 -4.42858e-07 -3.50566e-06)
(-9.47476e-25 -8.57683e-07 7.63695e-06)
(-2.31422e-25 9.53241e-08 6.4607e-06)
(-5.34869e-31 1.22907e-06 2.91332e-07)
(7.10825e-27 8.29295e-07 -6.98967e-07)
(-2.57802e-24 1.45988e-06 1.16001e-05)
(1.07103e-24 4.97455e-07 7.18459e-06)
(1.02028e-31 -1.01572e-06 7.94792e-07)
(6.69626e-25 2.11195e-07 5.44264e-06)
(6.72969e-24 9.04838e-07 5.82335e-06)
(-8.14915e-27 6.48228e-07 -1.92039e-06)
(-1.47677e-31 2.74748e-07 6.09932e-06)
(9.20239e-32 7.37399e-07 8.25599e-08)
(1.61644e-24 4.32286e-07 7.03892e-06)
(-3.77967e-32 4.90104e-07 2.98527e-08)
(-1.23412e-23 8.92613e-06 -3.04888e-07)
(-1.68554e-24 7.30514e-06 6.07026e-07)
(2.70298e-36 -1.00244e-06 4.33544e-07)
(1.32867e-30 -8.40371e-06 -2.74984e-06)
(8.15888e-35 -2.35409e-06 -6.00066e-06)
(8.39568e-32 9.2852e-06 -1.26356e-06)
(-4.29414e-36 3.60355e-06 -4.83072e-06)
(-5.09011e-32 -2.11468e-07 -1.68936e-05)
(-1.9496e-29 2.09263e-06 -5.241e-06)
(-3.6425e-30 -1.64015e-06 -5.8964e-06)
(1.77471e-29 3.98888e-06 1.12186e-07)
(-1.49781e-29 3.99827e-06 -1.12838e-06)
(-8.48626e-24 2.32904e-06 6.74116e-06)
(-3.30942e-29 -4.4155e-06 -6.382e-06)
(1.09534e-33 -2.08957e-06 -4.41575e-06)
(-7.63643e-34 7.68012e-07 -1.9889e-06)
(-4.65809e-31 9.58093e-07 -3.3215e-06)
(0 -1.1182e-06 -3.02274e-06)
(1.48105e-30 -6.34979e-06 -5.59721e-06)
(-3.10113e-35 -5.3799e-06 -3.33005e-06)
(1.32121e-34 6.7372e-06 -2.44238e-06)
(-1.20007e-34 1.5849e-06 -4.88932e-07)
(1.39549e-35 3.15125e-07 -1.65694e-05)
(-1.67874e-34 -5.88699e-06 -3.7941e-06)
(-1.45993e-29 -4.19524e-06 -6.6132e-06)
(-2.69224e-34 1.3816e-06 -5.79938e-06)
(-1.17293e-28 8.56408e-06 -2.36531e-06)
(-3.45975e-34 5.93213e-06 2.97729e-07)
(-1.2133e-30 -8.70546e-06 -4.72203e-06)
(4.80648e-31 -6.26765e-06 -6.52353e-06)
(3.83819e-30 4.55954e-06 -1.1552e-06)
(-4.80007e-30 4.34786e-06 -4.07192e-06)
(7.70982e-28 1.29732e-06 -1.91625e-06)
(4.47305e-41 -5.52549e-07 -3.13117e-06)
(4.14699e-34 1.56638e-06 -6.94163e-06)
(-3.87988e-29 7.11913e-06 -4.51308e-06)
(-6.88787e-35 3.60756e-06 -8.05385e-07)
(-1.00905e-24 -5.63347e-08 -2.76902e-07)
(-2.44184e-29 -3.75244e-07 2.00042e-06)
(-9.42149e-32 -1.07799e-06 1.15883e-05)
(-1.8997e-30 -3.01862e-06 -1.80298e-06)
(-4.13603e-36 -1.41809e-06 -1.08123e-06)
(2.83656e-31 1.71344e-06 1.68637e-06)
(2.2512e-40 6.6692e-07 -5.47557e-07)
(-7.91319e-35 -5.27949e-07 -2.66662e-06)
(1.12837e-29 2.01125e-06 -3.86516e-06)
(3.13389e-35 4.30158e-07 -1.89375e-06)
(-1.53726e-35 1.64768e-07 1.29656e-06)
(9.49941e-37 -8.96516e-07 6.4458e-07)
(-1.68133e-38 -7.33987e-07 -3.17382e-06)
(-7.36186e-29 1.05077e-06 2.26576e-07)
(-4.20506e-35 -3.04736e-07 -2.47159e-06)
(2.21036e-36 -5.40812e-07 -4.00904e-07)
(-4.14905e-30 1.53265e-07 -1.78441e-06)
(-1.22563e-35 3.94611e-07 -1.22147e-05)
(6.00335e-30 -1.15632e-06 -1.13903e-06)
(-6.35946e-39 -7.63051e-07 -3.12218e-06)
(9.07006e-39 1.32355e-07 -2.93626e-06)
(-2.44175e-39 -1.59642e-06 7.22923e-07)
(-1.49584e-37 2.42092e-07 -6.96432e-06)
(7.00068e-40 -8.38002e-07 -1.52844e-06)
(3.19735e-29 -1.8312e-06 -3.08296e-06)
(1.59561e-35 1.36723e-06 -4.8132e-06)
(8.66354e-30 2.74193e-06 -4.3156e-06)
(-2.67103e-37 1.00835e-06 -1.64536e-05)
(1.30834e-29 -1.35759e-06 -2.96513e-06)
(-2.91713e-35 -2.1919e-06 -2.54687e-06)
(3.75133e-30 7.10032e-07 1.99417e-06)
(7.7273e-30 1.3891e-06 -1.27795e-06)
(-2.04723e-39 2.68363e-07 -3.40165e-06)
(1.89827e-39 1.37739e-07 -2.91637e-06)
(-3.14575e-35 2.71031e-06 -2.88756e-06)
(8.18126e-29 1.32538e-06 -3.23391e-06)
(6.07174e-36 2.58603e-07 -2.8878e-08)
(3.88003e-24 -2.73172e-07 1.89408e-06)
(8.89191e-30 -1.86827e-06 -4.03188e-07)
(-1.14362e-29 -1.50403e-06 -1.74229e-05)
(5.97413e-31 -1.06978e-06 1.21426e-06)
(4.48468e-36 -3.86985e-07 2.17835e-06)
(2.86212e-30 5.74016e-07 3.37994e-06)
(2.60519e-36 2.01966e-07 2.32701e-06)
(-4.95149e-37 -4.48831e-07 1.81461e-05)
(-1.14868e-29 1.29209e-06 1.80348e-06)
(-5.09829e-37 1.09594e-06 2.20413e-06)
(4.7824e-36 4.846e-07 3.42149e-06)
(-5.17563e-37 -1.20276e-06 9.35772e-07)
(1.64166e-38 -7.00603e-07 1.45395e-06)
(2.04847e-28 -2.33471e-06 4.0526e-06)
(-1.96209e-34 -1.2205e-06 3.98085e-06)
(1.42991e-35 1.10848e-06 1.32981e-06)
(1.39055e-29 9.13042e-07 2.61494e-06)
(3.86226e-35 1.18046e-06 -5.31829e-06)
(8.19947e-30 9.79479e-07 3.69209e-06)
(6.43673e-36 7.42378e-08 2.88306e-06)
(-1.77865e-41 -2.18922e-08 -5.3762e-07)
(8.47707e-43 -7.95231e-07 2.82966e-06)
(9.41915e-38 5.67143e-07 1.85669e-05)
(-5.40405e-37 -4.55698e-07 9.54347e-07)
(-7.84675e-29 1.40266e-07 3.68044e-06)
(-9.19771e-38 1.2753e-07 5.32076e-07)
(-2.64163e-31 9.48204e-07 -6.20528e-07)
(6.26548e-39 -2.09615e-06 1.83802e-05)
(-5.20886e-31 1.73867e-08 4.37933e-06)
(5.26122e-35 9.05506e-07 1.44888e-06)
(8.08054e-29 1.06177e-06 3.98226e-06)
(-5.29856e-30 3.23492e-08 3.06665e-06)
(-4.33469e-36 -2.31032e-07 -1.25406e-05)
(1.3097e-40 4.99465e-07 3.88684e-07)
(-4.01035e-40 -2.18972e-07 1.27424e-06)
(-2.42071e-28 2.75114e-07 4.22055e-06)
(-6.86699e-37 6.79231e-08 2.78651e-09)
(-5.95453e-24 2.0596e-07 2.34519e-06)
(-1.32024e-30 -3.25822e-07 -1.75407e-06)
(1.23841e-29 5.08581e-07 -5.85827e-06)
(-2.6468e-32 3.98808e-07 2.46249e-07)
(-1.7463e-36 2.78684e-07 6.72634e-07)
(-3.26343e-30 5.72879e-07 2.04307e-07)
(-1.93272e-36 -1.86664e-06 2.03299e-06)
(-3.72854e-38 6.25075e-07 3.05823e-06)
(4.09925e-29 -5.10208e-07 1.35973e-06)
(-6.3928e-37 1.79142e-07 5.61432e-07)
(1.11868e-36 6.08944e-07 6.5528e-07)
(-5.28957e-37 5.33893e-07 4.36675e-07)
(1.19957e-38 4.2218e-07 -7.70629e-06)
(-9.81344e-29 -3.09076e-06 9.7117e-07)
(1.10207e-35 -1.61541e-06 3.51298e-06)
(2.42079e-36 1.37018e-06 1.38536e-08)
(-9.40701e-30 1.38525e-06 5.43525e-07)
(1.29787e-36 -5.20576e-07 1.55255e-05)
(-1.64645e-29 3.25299e-06 1.66378e-06)
(2.7095e-36 7.18975e-07 1.84361e-06)
(-1.01906e-37 2.63345e-07 5.96609e-07)
(4.15928e-39 -1.87861e-06 1.27344e-06)
(-9.84716e-41 -1.26087e-06 1.3989e-05)
(1.05988e-35 -1.61186e-06 9.28437e-07)
(4.5042e-29 -3.77144e-07 3.82816e-06)
(2.58826e-35 1.81794e-06 9.92321e-07)
(3.20952e-33 1.50615e-06 -1.83202e-07)
(1.89594e-34 6.89077e-07 7.62333e-06)
(-2.1507e-29 1.53941e-06 2.74591e-06)
(-7.14791e-35 -1.49636e-07 7.70551e-07)
(-9.97325e-29 4.86336e-07 3.05706e-07)
(2.37149e-30 4.09892e-07 9.47048e-07)
(1.12316e-40 -3.40973e-07 -9.0613e-06)
(-2.84552e-41 1.03484e-06 2.66844e-07)
(-2.28906e-36 2.56967e-08 6.38999e-07)
(1.10222e-28 3.55415e-07 4.44456e-06)
(4.10868e-36 9.32474e-08 -1.00106e-07)
(2.91669e-24 -2.97782e-07 5.49951e-08)
(1.13967e-32 -9.55412e-08 -1.08449e-06)
(-2.22294e-30 5.78413e-07 1.17407e-05)
(0 -7.88398e-07 7.52241e-07)
(1.11958e-38 -1.17931e-06 -1.29235e-07)
(3.36958e-32 1.6778e-07 1.23634e-07)
(1.56612e-38 -5.92449e-07 5.53223e-07)
(1.68604e-37 -1.10545e-06 -3.29863e-06)
(-2.00618e-29 -3.33408e-07 6.4745e-08)
(1.42134e-38 1.08322e-07 -1.07619e-07)
(-2.66807e-38 9.08843e-07 3.89475e-07)
(1.15582e-38 -5.45049e-07 2.00299e-07)
(-3.72804e-40 -3.77674e-07 -3.72931e-06)
(-1.29966e-38 -3.3355e-06 7.03928e-07)
(1.30701e-38 -1.6319e-06 5.73134e-07)
(-3.30555e-37 1.30375e-06 -3.9991e-07)
(1.16412e-31 1.84401e-06 7.86518e-07)
(-2.64227e-37 1.86243e-06 -1.14094e-05)
(7.80642e-31 8.77973e-07 -3.93741e-08)
(-7.08293e-42 8.31799e-07 2.95705e-07)
(9.52597e-42 1.44162e-07 -2.61068e-08)
(-2.97278e-42 -1.15693e-06 7.74442e-07)
(3.17111e-43 8.29971e-07 -7.11007e-07)
(2.00047e-37 -1.18428e-06 7.83892e-07)
(1.60514e-29 -1.75082e-06 5.71194e-07)
(8.29714e-37 2.67728e-06 1.17594e-07)
(-2.00922e-35 1.1929e-06 -2.05343e-07)
(-1.0329e-35 -6.07523e-07 4.7107e-06)
(1.01578e-29 -1.57634e-06 3.87708e-07)
(2.99485e-36 -1.12489e-06 2.44461e-07)
(1.13374e-29 1.05041e-06 -6.74213e-08)
(1.23081e-35 4.39555e-07 3.77328e-07)
(-7.83392e-41 7.80871e-07 1.83703e-06)
(2.32291e-47 -3.82784e-07 3.54263e-07)
(1.03247e-35 1.34439e-06 -1.74106e-08)
(8.88346e-29 1.72054e-07 6.04826e-07)
(-2.6431e-42 6.63444e-07 -7.44694e-08)
(-4.49484e-24 4.66271e-06 6.32484e-07)
(2.2692e-24 6.57463e-07 8.06799e-07)
(-7.25135e-27 1.47321e-06 1.6209e-05)
(-8.56751e-50 -5.24222e-06 3.47418e-07)
(1.99722e-43 -7.21953e-06 -8.23977e-07)
(-3.28441e-47 5.51872e-06 -3.70052e-07)
(1.13603e-45 -5.19572e-07 -1.51606e-07)
(-2.05806e-38 -9.97506e-07 -9.72814e-06)
(8.13056e-59 -5.42018e-06 1.77582e-06)
(-9.70905e-57 -1.35118e-06 -3.52033e-07)
(2.25106e-44 4.76803e-06 -8.83483e-07)
(-6.56971e-49 8.59214e-06 3.14809e-08)
(-1.79044e-43 3.89041e-06 1.07413e-05)
(-1.27127e-67 -9.24842e-06 -1.96817e-07)
(9.55824e-68 -3.97053e-06 3.96229e-07)
(3.15451e-68 1.57972e-06 -6.39961e-07)
(2.25374e-63 2.01261e-06 -2.30789e-06)
(7.98217e-45 1.77118e-06 -8.78249e-07)
(-3.22438e-60 -3.3657e-06 -1.58702e-06)
(-3.41399e-58 -5.07663e-06 -3.31596e-06)
(8.4275e-56 3.35313e-06 -3.20956e-07)
(-1.06339e-54 5.20141e-06 1.29616e-06)
(-6.51494e-49 5.04735e-06 4.61925e-06)
(-4.21973e-55 -9.24671e-06 -5.15288e-06)
(1.85634e-56 -5.46482e-06 -2.3647e-06)
(-5.65382e-59 3.2241e-06 -9.18908e-07)
(-2.60249e-67 2.33038e-06 4.44563e-07)
(-2.82643e-48 8.10061e-07 -1.15647e-05)
(-1.7125e-53 -2.71497e-06 -1.94839e-07)
(1.62942e-51 -4.70219e-06 1.39539e-07)
(-1.66222e-49 8.68374e-06 -8.58096e-07)
(-4.85718e-49 3.12136e-06 8.79065e-07)
(2.32665e-41 -1.92463e-06 5.73043e-06)
(4.37271e-58 -2.63564e-06 -7.08961e-08)
(-3.49753e-62 2.60465e-06 -2.17242e-08)
(5.59366e-63 9.53857e-06 -6.78078e-08)
(-1.0918e-63 3.62753e-06 1.20122e-07)
(5.73687e-25 -1.24055e-06 -3.59889e-07)
(-3.5976e-26 1.32349e-07 -1.06584e-07)
(-3.54888e-31 7.3303e-07 2.23625e-06)
(1.36439e-39 9.5826e-08 1.48129e-06)
(-3.33692e-41 -1.59965e-07 -2.86338e-06)
(-4.9447e-47 -8.47321e-07 1.61357e-06)
(-3.13798e-48 -1.66665e-06 1.78037e-06)
(6.48172e-52 -6.09708e-07 7.27896e-06)
(-9.08554e-59 -9.77638e-07 3.07474e-06)
(1.35889e-56 -3.56827e-07 -7.54159e-07)
(-6.36635e-63 2.02522e-06 8.21612e-07)
(5.89262e-55 1.83574e-06 -1.48421e-06)
(-3.04583e-62 3.17889e-07 1.02e-05)
(-3.76196e-68 -1.48372e-06 -3.36943e-06)
(7.99251e-68 -2.77642e-06 5.06069e-08)
(-4.84445e-68 -3.88279e-07 -1.997e-06)
(-1.27751e-62 -1.33913e-07 -3.32398e-06)
(-8.42915e-45 2.87087e-06 -2.42577e-06)
(4.49683e-52 1.77937e-07 -4.83823e-06)
(-9.48464e-55 -1.34795e-06 -1.77481e-06)
(-1.2988e-59 2.07945e-06 4.0802e-06)
(7.47008e-58 1.20032e-06 1.64046e-06)
(2.24401e-49 1.15371e-06 -3.75708e-06)
(2.3374e-56 -3.87677e-06 -1.81975e-06)
(-6.89345e-58 -1.7023e-06 -3.37077e-06)
(1.13828e-59 -1.66376e-08 -1.29704e-07)
(1.31987e-65 7.69347e-07 2.71999e-06)
(1.04996e-47 6.38063e-07 -6.3187e-06)
(-3.96587e-54 2.29765e-06 7.69645e-07)
(8.11563e-55 5.47579e-07 1.85816e-08)
(-1.07177e-54 6.58638e-07 1.47796e-06)
(1.3694e-56 4.12953e-09 2.92168e-06)
(7.27504e-52 4.05439e-09 5.42401e-06)
(-7.27507e-52 -1.40183e-07 3.25307e-06)
(9.87375e-55 2.17455e-06 9.93258e-07)
(-1.02992e-54 2.25049e-07 -6.73703e-07)
(4.25459e-56 1.05349e-06 7.5305e-07)
(3.78519e-25 -4.02378e-07 -3.42999e-06)
(-7.49423e-27 -2.0775e-06 -1.12351e-06)
(2.2767e-28 -1.05638e-06 -2.55712e-05)
(-2.01493e-38 -2.67363e-07 4.91221e-06)
(6.42658e-40 1.12076e-07 -1.56776e-07)
(5.10206e-45 5.61077e-07 1.24641e-06)
(2.6813e-46 2.69333e-07 6.0998e-07)
(-2.45208e-50 -1.62091e-06 -6.75387e-06)
(9.94363e-60 -3.39431e-07 1.25877e-06)
(-4.14129e-57 7.29587e-07 -3.97237e-07)
(3.51889e-63 1.57744e-06 6.46573e-07)
(-5.2822e-56 -4.92541e-07 -4.01087e-06)
(1.39157e-62 -1.80681e-06 -1.29294e-05)
(1.16494e-69 -6.62068e-07 -1.19634e-07)
(-5.70728e-69 -1.24587e-06 3.87248e-06)
(1.22526e-68 4.98289e-07 -2.17013e-06)
(5.05848e-62 5.38672e-07 6.45774e-07)
(4.46983e-46 2.77816e-06 -1.39619e-05)
(-1.91553e-53 6.76505e-07 1.23039e-06)
(5.94908e-56 4.45683e-07 2.58301e-06)
(-1.79638e-59 -6.69406e-07 2.76767e-06)
(-1.03052e-59 -1.94429e-07 1.87495e-06)
(-2.4553e-50 -3.92661e-07 -5.94534e-06)
(-1.42086e-58 -1.02224e-06 5.90224e-06)
(3.70785e-60 -1.94273e-06 1.44729e-06)
(-8.50647e-67 3.71512e-07 4.82519e-06)
(-1.85697e-65 -2.91986e-07 1.29661e-06)
(-6.70916e-48 -4.51641e-07 1.75237e-05)
(7.17322e-55 5.63845e-08 1.45909e-06)
(-8.64896e-55 -9.10473e-07 1.44877e-06)
(1.57601e-55 1.48047e-07 1.74545e-06)
(1.59146e-58 3.06444e-07 -3.45299e-08)
(-6.19444e-62 1.09851e-06 1.2481e-06)
(5.17173e-57 1.39956e-06 2.89424e-06)
(-1.98149e-60 -4.03615e-07 5.60555e-06)
(-2.08837e-61 5.6528e-08 -2.52811e-07)
(8.70287e-63 9.18554e-08 2.44425e-07)
(-4.97685e-25 -6.11586e-07 -2.41895e-06)
(-1.01186e-25 1.00129e-07 -1.16714e-06)
(-1.11624e-33 3.33349e-06 1.95187e-05)
(1.17735e-33 -2.05947e-07 1.59715e-06)
(-6.25194e-35 -2.11515e-06 3.24396e-06)
(1.61339e-36 -1.84733e-07 -8.86961e-09)
(-1.29833e-38 5.6106e-07 3.87749e-07)
(-6.89092e-63 1.78262e-06 1.02129e-05)
(-4.08966e-61 6.57727e-07 1.10178e-06)
(2.66775e-58 7.7533e-07 7.94805e-07)
(5.0868e-66 1.84217e-07 -3.18811e-07)
(3.84867e-57 2.84948e-07 -6.57574e-07)
(-2.41258e-64 -1.43161e-06 1.16383e-05)
(4.57813e-70 -1.47402e-07 3.30421e-06)
(-1.18555e-69 5.04402e-07 1.21519e-06)
(-1.35859e-69 6.61027e-07 1.45516e-07)
(-7.24497e-62 1.19678e-06 2.83897e-06)
(-1.18723e-50 1.52035e-06 1.72939e-05)
(-1.19269e-57 5.35749e-07 6.27801e-06)
(-1.82392e-62 1.32544e-07 1.16577e-06)
(6.54005e-61 2.68991e-07 1.46775e-07)
(-3.25935e-59 -7.19084e-08 -7.12781e-07)
(2.45657e-51 -1.60987e-07 3.50159e-06)
(-8.77094e-59 1.68852e-07 2.9352e-06)
(1.55133e-60 -2.01615e-06 4.54812e-06)
(-1.39959e-62 -3.92248e-07 3.12447e-06)
(1.62082e-65 4.86855e-07 1.53055e-06)
(-4.43519e-48 1.11961e-06 4.88017e-07)
(-4.70729e-55 1.14321e-07 -4.51927e-06)
(4.24347e-57 -8.33259e-08 -2.01357e-06)
(-1.09031e-59 -5.11965e-07 -2.57794e-07)
(5.14563e-62 -5.04513e-07 -5.02909e-06)
(6.51883e-64 2.92576e-07 -6.30134e-06)
(-3.06392e-57 6.81503e-07 2.57501e-07)
(8.11804e-60 2.79984e-07 3.67511e-06)
(2.45284e-62 -6.27325e-08 -6.34916e-07)
(-9.34948e-65 1.68709e-09 -1.72861e-08)
(-1.24923e-25 -9.21051e-07 3.96539e-06)
(7.36062e-29 1.38514e-06 -5.63863e-07)
(1.79095e-31 1.94252e-06 3.07808e-06)
(-1.50583e-31 6.47811e-08 1.31479e-06)
(9.67327e-33 -5.65187e-07 8.31614e-07)
(2.42586e-63 -5.01828e-08 4.58423e-08)
(1.90207e-55 2.48956e-08 -1.39366e-06)
(6.89093e-63 6.03223e-07 7.05926e-06)
(1.55299e-62 8.62238e-08 5.41977e-07)
(-5.29349e-60 -1.58958e-06 1.01492e-06)
(3.51884e-65 -3.12889e-06 -9.72134e-07)
(-2.40044e-59 -1.80764e-07 8.87871e-07)
(4.65137e-69 1.03129e-06 -1.09494e-05)
(-1.83557e-71 -6.97376e-07 2.39205e-06)
(1.33651e-70 -4.68998e-07 -6.93664e-09)
(-7.17225e-70 -2.97113e-07 4.43351e-07)
(3.23863e-62 3.11989e-08 1.09199e-06)
(1.18723e-50 3.86894e-07 -7.84002e-06)
(-8.06518e-58 6.21377e-07 1.22964e-06)
(1.76035e-59 1.93412e-06 2.71381e-08)
(-2.03812e-60 1.67672e-07 -8.60037e-08)
(4.85877e-60 -1.84084e-07 -8.0721e-07)
(-2.4895e-52 -3.54736e-07 3.41968e-06)
(1.5338e-63 -4.60978e-07 1.94353e-07)
(7.80392e-68 -2.658e-08 1.29601e-06)
(4.54382e-70 6.10309e-07 2.25655e-08)
(-9.08026e-67 3.46903e-07 -8.75195e-07)
(3.47114e-48 -6.23952e-08 -9.42894e-06)
(-2.26894e-59 7.39879e-07 -7.62603e-07)
(-9.17578e-61 -1.15037e-08 5.18217e-07)
(-2.19527e-63 -2.49832e-06 -1.00167e-06)
(-1.21046e-64 -5.5381e-07 5.90867e-07)
(-1.34336e-68 2.40451e-06 2.83275e-07)
(2.78529e-58 3.48334e-07 -9.08589e-07)
(-4.01934e-60 -1.5681e-08 3.05189e-07)
(-1.09837e-63 1.93355e-07 1.03309e-06)
(1.1703e-66 2.13875e-07 -4.08347e-06)
(6.25021e-27 2.85201e-07 4.6907e-06)
(-2.64709e-27 9.65479e-07 -1.17259e-06)
(2.64706e-27 1.3693e-07 7.89737e-06)
(-8.52984e-39 -1.93646e-06 5.4415e-07)
(-2.14913e-39 2.92869e-08 -7.96159e-07)
(-4.73763e-42 3.68445e-07 6.35664e-07)
(-1.90207e-55 1.79879e-06 -1.50759e-07)
(2.67756e-54 1.04039e-06 3.49894e-06)
(-1.48716e-64 -2.2884e-07 1.45467e-08)
(3.0521e-72 -6.18327e-06 2.76652e-06)
(-2.04797e-74 -9.88223e-06 9.44483e-07)
(3.07469e-77 1.6173e-06 3.89099e-06)
(-9.85924e-73 3.33296e-06 7.46746e-07)
(-2.09231e-86 -3.98628e-06 1.72147e-07)
(4.83106e-86 -2.25136e-08 3.13507e-06)
(-2.24471e-81 6.25238e-07 1.39538e-07)
(8.77958e-94 1.10665e-06 5.37833e-07)
(0 2.72846e-06 4.00047e-07)
(8.38009e-63 -6.10611e-06 -5.41488e-06)
(-8.01549e-62 2.43659e-06 -1.25815e-06)
(1.11754e-60 6.57522e-06 -4.61276e-07)
(-2.47292e-60 8.46996e-08 1.46908e-07)
(2.6682e-53 1.43766e-06 7.59885e-08)
(-8.41358e-72 -2.19498e-06 -7.79622e-07)
(1.32618e-70 -1.18891e-06 -9.41473e-07)
(-6.86505e-70 3.76666e-06 1.17122e-07)
(2.13062e-68 -2.52246e-07 -3.32089e-07)
(-5.46694e-70 5.41848e-07 -3.02645e-07)
(5.72065e-64 7.75333e-06 7.97313e-06)
(6.26773e-67 -1.37452e-06 7.04367e-06)
(-6.22458e-74 2.00891e-06 3.19157e-07)
(7.76414e-70 -6.8036e-06 7.49012e-06)
(-2.57098e-66 5.89845e-07 4.19788e-06)
(-1.76441e-59 2.05366e-07 -1.05634e-06)
(4.62088e-66 4.09785e-06 6.41619e-07)
(-1.29621e-67 1.81166e-06 5.52721e-06)
(-2.17959e-68 2.8417e-09 4.05328e-06)
(-7.30041e-25 -2.28277e-07 -6.23867e-07)
(7.92405e-32 -2.68037e-07 -5.66724e-06)
(-3.92168e-32 -3.1342e-08 4.48435e-06)
(-3.55386e-37 -8.38537e-08 1.26886e-06)
(5.43137e-37 -2.52277e-08 -4.83401e-07)
(2.00672e-40 -9.0535e-08 9.12005e-07)
(4.08491e-42 -5.64395e-08 -4.10705e-06)
(-2.007e-53 4.84165e-08 6.07713e-06)
(1.05351e-66 -3.41266e-07 -5.02688e-06)
(4.37449e-72 1.95306e-07 3.77148e-06)
(5.81391e-73 6.43543e-07 -1.48424e-06)
(-4.9279e-72 -2.42116e-07 -2.91969e-06)
(1.09408e-72 -2.93481e-07 8.39733e-06)
(3.74673e-81 9.27834e-07 -3.59723e-06)
(-3.46543e-83 3.3894e-07 -2.4748e-06)
(5.18562e-81 -1.35977e-06 3.16731e-06)
(-2.66935e-89 -1.56186e-07 6.76949e-06)
(-3.09263e-79 -5.26911e-07 1.84274e-05)
(-4.08707e-68 -3.07649e-07 6.8376e-07)
(2.50448e-67 1.47171e-06 -6.33806e-07)
(-1.98455e-67 -4.87301e-07 9.84863e-07)
(-1.50698e-69 -1.03015e-06 -4.30503e-06)
(0 3.45209e-07 1.49358e-06)
(3.79603e-78 -1.10021e-06 -4.51911e-06)
(-9.25669e-77 7.63938e-07 -4.37379e-07)
(1.67564e-76 2.67711e-07 -2.74333e-06)
(2.46252e-92 7.01366e-07 -3.8961e-06)
(1.31008e-75 -1.43569e-06 1.28278e-05)
(-6.21008e-64 6.38956e-07 -3.86235e-06)
(-7.56017e-67 4.58385e-07 -2.81033e-06)
(-2.16121e-73 1.03306e-07 1.68031e-07)
(-7.98552e-70 -4.79499e-07 -3.41308e-06)
(-4.10289e-70 -1.15273e-07 -1.67433e-06)
(-8.45924e-84 4.38402e-08 -2.7428e-06)
(-1.56057e-73 2.10729e-07 3.94928e-07)
(7.38404e-75 3.72811e-07 -1.60569e-06)
(-3.95284e-84 3.37762e-09 -1.6752e-09)
(3.15492e-25 8.22811e-08 -3.32714e-06)
(-2.77692e-28 -2.37482e-07 -2.06188e-06)
(1.94909e-32 1.86828e-07 4.55872e-06)
(-1.77802e-36 8.14552e-08 3.99834e-07)
(-1.21591e-38 1.09824e-07 -1.37108e-06)
(-2.06488e-39 -4.00593e-08 7.53085e-08)
(-8.85035e-42 -6.3552e-07 -3.27883e-06)
(-1.80785e-47 -8.27811e-07 -3.89213e-06)
(-1.33557e-68 -3.59055e-08 -3.09287e-06)
(4.04475e-77 -4.4012e-07 -1.17251e-06)
(1.2723e-77 -6.20494e-07 -3.53616e-06)
(-6.6167e-78 -2.05147e-07 -4.13628e-06)
(-1.08154e-73 1.73286e-06 -1.87706e-05)
(-1.96197e-87 -4.78648e-08 -3.37004e-06)
(-8.9072e-88 -1.14812e-06 -1.88306e-06)
(-2.94097e-81 1.60401e-07 1.26617e-07)
(1.8667e-91 2.28657e-07 2.37628e-06)
(-3.87461e-77 9.38023e-07 -1.25835e-05)
(2.43716e-70 7.54904e-07 3.15768e-06)
(-1.5818e-69 -1.06087e-07 4.815e-09)
(-1.00629e-72 -2.70415e-07 6.48187e-07)
(-2.74227e-72 -1.38076e-06 -4.90121e-06)
(1.1364e-78 -7.37292e-07 -1.90828e-05)
(-3.65921e-79 -1.27536e-06 1.01691e-06)
(1.1043e-77 -1.85878e-06 -1.90949e-06)
(-3.38907e-77 7.44627e-07 -3.65989e-06)
(-2.56474e-85 1.89224e-06 -4.84417e-06)
(-1.58134e-72 2.65921e-06 -1.27601e-05)
(5.03662e-65 8.18262e-07 -4.33701e-06)
(1.36767e-67 1.95744e-07 -4.46474e-06)
(-6.13613e-81 -4.94068e-08 -1.73426e-08)
(2.23415e-71 3.58716e-08 -5.21326e-06)
(-9.48334e-84 -3.17545e-06 5.28034e-07)
(1.38005e-82 1.49067e-06 -5.35278e-06)
(1.2154e-75 2.80461e-06 -1.14178e-06)
(-1.54266e-76 4.29762e-07 -4.09152e-06)
(1.14543e-85 6.33454e-09 -1.71078e-07)
(7.54638e-25 1.0295e-06 -2.62814e-06)
(1.19747e-33 7.91684e-08 8.63292e-08)
(-3.8798e-33 -8.78404e-08 -1.7896e-06)
(1.24151e-35 2.7209e-07 -7.26368e-07)
(5.70086e-39 -3.99974e-08 5.37375e-09)
(4.04711e-38 -2.0122e-07 -6.56696e-07)
(4.76554e-42 -4.29892e-07 1.95094e-08)
(-1.30666e-48 -1.28915e-06 1.13679e-05)
(3.55256e-71 -1.33284e-06 1.75325e-07)
(-2.35371e-79 -2.12184e-06 -9.73791e-07)
(-4.52777e-79 5.90416e-07 -5.57081e-07)
(9.65613e-79 1.2146e-06 -3.64291e-07)
(4.02086e-79 7.02348e-07 1.26033e-05)
(-4.50172e-86 3.33086e-06 5.16616e-07)
(2.40221e-87 -3.19766e-07 3.2023e-07)
(-6.65397e-91 -6.23845e-08 -3.34716e-08)
(-7.00154e-92 -2.95895e-07 -7.14328e-07)
(3.84733e-79 -2.3313e-07 -5.69799e-06)
(-3.22064e-71 6.82924e-07 5.16695e-07)
(2.33477e-70 1.7185e-07 9.0986e-07)
(1.03334e-71 1.92905e-07 -1.55893e-07)
(2.20106e-72 -1.29681e-06 -3.83808e-07)
(-6.64602e-78 -1.29752e-06 5.44348e-06)
(2.35378e-80 -2.21109e-07 2.27532e-06)
(-6.7859e-79 -9.23759e-07 -4.35722e-07)
(1.6097e-78 9.06388e-07 -9.2005e-07)
(-2.20393e-86 1.32969e-06 -7.44114e-08)
(6.75298e-74 1.80055e-06 2.32363e-05)
(-1.42326e-66 1.35449e-06 1.41307e-08)
(-7.45274e-69 3.28084e-07 -4.6883e-07)
(6.38656e-76 2.6037e-07 -2.15117e-07)
(-1.40771e-73 1.68076e-07 -7.96883e-07)
(9.48332e-84 -3.64491e-06 4.437e-06)
(2.07788e-87 5.64246e-07 7.96214e-08)
(-7.72994e-86 1.99977e-06 -1.62067e-07)
(1.55344e-78 3.62586e-07 -3.61469e-07)
(-2.18904e-93 1.62526e-07 -3.62652e-06)
(-3.62181e-25 1.73343e-06 3.45387e-06)
(8.53304e-27 1.11228e-06 1.01254e-06)
(-8.00032e-30 1.16096e-06 9.01086e-07)
(1.22955e-29 1.10189e-06 -1.12326e-06)
(-5.35225e-30 -2.14002e-06 1.17216e-07)
(1.05959e-30 -9.37064e-07 -1.49163e-07)
(-2.20798e-33 -1.4388e-07 5.49783e-07)
(-6.18739e-54 1.24023e-06 -1.74926e-05)
(-6.21271e-74 -1.60525e-06 4.28017e-07)
(-2.00585e-84 -1.74636e-06 -4.87352e-07)
(1.18078e-78 7.11464e-07 2.00928e-07)
(-4.9312e-80 7.85991e-07 4.80911e-07)
(-4.02086e-79 2.6005e-06 -7.456e-06)
(2.04656e-86 -4.82592e-07 3.6714e-07)
(-5.11111e-95 7.59181e-07 -1.64109e-07)
(1.65747e-92 2.49933e-07 1.78288e-08)
(-1.733e-90 9.06415e-08 -1.35881e-07)
(1.94122e-81 1.17915e-07 1.14464e-05)
(4.69393e-74 -5.16709e-07 2.56139e-08)
(-2.66419e-72 -4.77117e-07 1.52802e-07)
(-3.93816e-73 5.22303e-08 -2.35971e-07)
(-4.98526e-79 2.99614e-08 1.89663e-07)
(5.534e-80 -7.60918e-07 -6.56344e-07)
(-6.29536e-82 -7.72935e-07 1.25499e-06)
(4.09107e-91 2.15202e-07 1.73827e-07)
(-4.73208e-91 1.28329e-08 9.52593e-08)
(-1.16595e-90 7.9726e-07 6.73085e-07)
(-8.98229e-80 -1.14699e-07 -7.03656e-06)
(-2.76158e-79 2.10638e-07 1.07998e-08)
(3.55571e-78 5.28508e-07 -2.20238e-08)
(-3.30511e-78 -5.79376e-07 -2.68139e-07)
(2.46808e-80 5.65975e-08 4.24003e-07)
(2.75124e-90 -7.03413e-07 -4.81365e-06)
(1.00321e-93 1.4458e-07 2.51919e-07)
(-4.32371e-92 1.47292e-06 -1.94495e-07)
(4.32679e-92 2.97674e-07 9.54552e-08)
(-1.01596e-93 2.45521e-07 -5.35972e-06)
(4.45216e-24 8.84416e-06 4.96545e-06)
(8.46413e-26 2.75019e-06 -3.80913e-06)
(7.49272e-41 7.94203e-08 -9.15732e-07)
(-2.3662e-35 -1.92383e-06 -3.76973e-06)
(-6.36976e-41 -3.80696e-06 -4.17234e-06)
(1.68272e-40 4.48775e-06 -1.50713e-06)
(4.7679e-41 2.8987e-06 -2.45808e-06)
(0 -1.89829e-06 -2.06764e-06)
(-5.17997e-62 -2.32936e-06 -2.73235e-06)
(-2.44789e-64 -2.58949e-06 8.73444e-08)
(-5.71073e-66 2.65717e-06 -4.93699e-06)
(2.34639e-70 4.05421e-06 -7.36997e-06)
(0 -2.35284e-06 9.07498e-07)
(1.14604e-95 -6.98361e-06 7.44309e-07)
(-1.64989e-94 -2.791e-06 -1.46133e-06)
(-8.76898e-93 8.38401e-06 -3.32813e-06)
(1.81395e-90 4.10877e-06 -3.9363e-07)
(-6.92865e-83 1.62019e-06 1.19102e-05)
(-6.12176e-98 -8.45469e-07 -5.08472e-06)
(4.75415e-96 -4.46398e-06 -1.89863e-06)
(-9.12661e-95 -1.39109e-06 -1.82866e-06)
(2.09943e-93 3.31107e-06 -5.04205e-06)
(-1.05923e-85 -4.23049e-06 -6.92868e-06)
(-4.66998e-126 -5.08219e-06 -2.72986e-06)
(3.7581e-130 -7.49409e-06 -5.57889e-06)
(-1.25772e-131 7.96294e-06 -5.78561e-06)
(5.22805e-130 4.59227e-06 -4.0946e-06)
(-3.70913e-111 3.41491e-06 -1.62636e-05)
(-4.12363e-112 -1.92733e-06 -5.65776e-06)
(-1.85577e-107 1.41216e-06 -4.75644e-06)
(-6.91496e-107 -2.21834e-06 -1.11782e-07)
(2.68802e-104 1.69168e-06 -1.98485e-06)
(-2.3024e-90 1.8305e-07 -8.23683e-08)
(-1.64718e-104 -1.21737e-06 -2.28167e-06)
(5.84421e-108 8.25339e-06 -7.99704e-08)
(1.53924e-111 5.45412e-06 -5.62345e-06)
(0 5.55228e-08 9.14579e-06)
(-4.36024e-33 -2.06576e-07 -4.49426e-07)
(-3.84815e-30 3.56831e-07 -1.44654e-06)
(-1.18633e-32 -1.09307e-06 -3.50118e-06)
(2.54572e-36 -1.13721e-06 -5.20896e-06)
(-4.62952e-46 9.14794e-07 -4.38921e-07)
(3.61232e-47 7.15367e-07 8.31866e-07)
(-7.94263e-46 1.55579e-06 -1.69284e-07)
(-9.82754e-49 5.58964e-07 8.92725e-06)
(1.5858e-60 1.48824e-07 -9.52372e-07)
(1.41961e-62 -1.34954e-07 1.77501e-06)
(3.35657e-64 -2.33545e-06 1.18515e-06)
(-3.69222e-68 -7.66956e-07 5.1947e-07)
(-2.60409e-73 4.12469e-07 8.33837e-08)
(-2.57488e-104 -2.40304e-08 5.51181e-06)
(2.80997e-101 3.0029e-07 2.18719e-06)
(-8.84964e-100 1.42334e-06 -1.49037e-06)
(2.47155e-107 1.37546e-07 -9.42024e-07)
(5.92561e-85 3.71475e-07 1.62914e-06)
(3.99246e-105 -1.39922e-06 -2.33335e-06)
(2.0407e-100 1.20848e-07 2.9629e-06)
(-2.05882e-100 -1.35131e-06 -9.44618e-07)
(7.49397e-95 4.3628e-07 -1.55466e-06)
(-7.49346e-95 -2.0602e-06 2.03512e-05)
(7.79339e-126 -1.01776e-06 -1.69466e-06)
(-9.12289e-129 -1.21122e-06 1.82598e-06)
(4.29703e-131 1.33048e-06 1.9312e-06)
(2.50998e-129 1.00986e-06 -9.36193e-07)
(-1.12178e-107 1.42415e-06 1.03216e-05)
(1.18418e-105 1.74622e-06 -1.00022e-06)
(-4.99898e-104 2.95529e-06 2.24734e-06)
(1.14282e-102 -2.49435e-07 1.67343e-06)
(-1.34119e-102 -2.95707e-07 -1.29549e-06)
(-1.46163e-89 -1.93332e-07 2.32379e-07)
(1.16464e-100 6.92479e-07 -7.01124e-07)
(-1.16435e-100 6.83981e-07 1.02531e-06)
(-9.85006e-118 3.34011e-07 1.49458e-06)
(-9.12435e-123 9.28541e-08 2.15001e-08)
(2.19588e-20 1.60478e-08 -6.01809e-07)
(-2.54725e-26 -3.45346e-07 6.05736e-07)
(6.92246e-29 -4.84786e-07 -1.03588e-05)
(-1.78674e-38 -3.83399e-07 -1.32836e-06)
(-1.90227e-45 -2.70524e-06 3.80763e-06)
(1.66898e-46 -3.41129e-07 9.54386e-08)
(2.43439e-46 3.49737e-07 1.83167e-06)
(9.82754e-49 1.85354e-06 -8.13794e-06)
(-3.42076e-56 4.571e-07 3.08767e-07)
(2.88365e-57 -5.89921e-09 1.09671e-07)
(-1.37664e-60 -1.39486e-07 2.46903e-06)
(1.65939e-62 -1.18706e-06 4.48078e-06)
(-8.61336e-65 -2.96958e-07 5.62676e-06)
(9.76811e-105 -1.14677e-07 4.71609e-06)
(-9.18517e-103 -3.54693e-07 3.32969e-06)
(2.92646e-101 7.70976e-07 1.29919e-06)
(-2.69798e-108 -8.8014e-07 -2.39227e-06)
(2.92426e-110 -3.31426e-07 -1.29443e-05)
(-1.13639e-107 3.54059e-07 5.38245e-06)
(4.35253e-105 -1.16951e-06 1.43625e-06)
(2.32522e-104 4.61969e-07 5.29179e-07)
(1.131e-101 1.63376e-06 -1.8365e-08)
(4.6433e-115 2.53635e-06 -1.3155e-05)
(-2.35798e-126 -6.09078e-07 -2.00992e-07)
(9.75461e-128 -1.35388e-06 4.11253e-06)
(-8.73064e-129 5.59544e-07 4.08524e-06)
(-3.77132e-129 2.55569e-07 2.94534e-08)
(3.02741e-110 -2.6839e-07 6.47054e-06)
(2.40167e-112 2.04631e-07 3.4827e-07)
(-8.50652e-105 -6.07483e-07 3.63787e-06)
(-7.43479e-104 -1.13017e-07 1.64549e-07)
(3.18526e-102 -3.66128e-07 -2.95987e-07)
(1.7371e-89 2.42993e-07 5.0794e-06)
(-1.39368e-104 -3.48492e-07 1.73338e-08)
(3.45091e-107 4.35595e-07 -4.52965e-07)
(1.3755e-115 3.51785e-07 3.50031e-06)
(-1.71549e-116 5.32462e-08 -2.56573e-08)
(-4.48442e-20 4.29444e-07 5.25014e-07)
(-3.41967e-31 -9.34374e-07 2.05261e-07)
(1.72262e-35 3.79286e-07 -2.45671e-06)
(4.75401e-40 -4.74241e-07 4.66641e-07)
(-1.06495e-42 -2.26157e-06 6.03896e-07)
(8.25926e-44 -5.00322e-07 -5.91084e-07)
(-1.57401e-45 5.3225e-07 5.82307e-07)
(-1.9939e-46 2.93585e-07 1.04013e-05)
(2.1342e-52 2.8606e-06 1.17443e-06)
(-1.11129e-53 8.20743e-08 -6.75657e-07)
(2.07839e-55 -5.8884e-08 2.46482e-07)
(-7.10157e-58 -4.3311e-07 9.66731e-07)
(-1.41182e-97 -5.81914e-07 -8.77799e-07)
(-2.8735e-106 2.7911e-08 1.19128e-06)
(8.53783e-105 1.9485e-07 -9.8175e-08)
(-4.93031e-103 1.40715e-07 8.40631e-07)
(2.39461e-111 -9.00223e-08 -5.33897e-07)
(5.21647e-116 5.96794e-08 -1.17585e-05)
(2.40907e-111 -2.93742e-07 3.34493e-06)
(-2.83108e-114 2.44833e-07 -3.55941e-07)
(-5.0806e-107 3.04334e-07 3.98545e-07)
(1.294e-109 -6.44208e-07 6.13442e-07)
(-2.71786e-114 -4.12498e-07 5.93907e-06)
(-1.54738e-120 6.59752e-07 9.50918e-07)
(-6.64984e-121 -1.82154e-06 5.63442e-07)
(2.97276e-122 2.25848e-07 6.09056e-07)
(-5.81019e-123 5.59037e-07 3.81608e-07)
(1.88175e-102 1.01638e-07 1.13708e-05)
(-5.65079e-100 2.81014e-06 9.20958e-07)
(1.75124e-98 1.4506e-07 4.37956e-07)
(-8.70479e-97 -2.84939e-07 -2.87087e-07)
(1.58971e-96 -2.55179e-06 4.92849e-08)
(-3.20353e-90 8.66447e-08 1.74989e-06)
(1.29039e-105 -1.19192e-07 -7.80967e-09)
(-8.91257e-109 4.69853e-08 -3.48047e-08)
(-7.64372e-115 1.80891e-06 5.04184e-07)
(1.73639e-115 1.54576e-06 -2.37775e-07)
(6.24568e-19 1.31672e-06 5.2794e-06)
(-4.81993e-26 7.81515e-07 8.95342e-07)
(-2.9169e-35 -1.24555e-06 4.33185e-06)
(-9.29764e-41 -2.8557e-06 4.76385e-07)
(1.29712e-42 -1.13e-06 4.61479e-07)
(7.33554e-43 2.59576e-06 -3.4619e-07)
(-1.49315e-42 1.37217e-06 3.0805e-07)
(1.9939e-46 1.70457e-06 -4.45446e-06)
(-3.2273e-53 -1.22528e-06 1.73406e-07)
(6.92053e-54 -1.14603e-06 -2.63149e-07)
(-5.44169e-55 1.28388e-06 3.01049e-07)
(2.18988e-56 8.32804e-07 2.19271e-07)
(4.20773e-97 -7.60156e-07 -1.59248e-06)
(-4.97291e-103 -6.02814e-07 1.7097e-06)
(1.6395e-103 -2.01738e-07 -2.4286e-07)
(-2.08393e-104 2.1724e-07 4.16504e-07)
(0 4.65245e-07 1.12068e-07)
(-1.86141e-114 2.42881e-06 -4.58925e-06)
(-1.84424e-113 -2.48537e-07 1.14388e-06)
(7.74295e-117 -8.91586e-07 -1.63232e-07)
(-5.03328e-110 8.11416e-07 7.11172e-08)
(-1.29403e-109 -4.18321e-07 2.76097e-07)
(-3.78993e-114 -2.552e-07 1.1262e-05)
(2.04974e-137 -1.0785e-06 4.43669e-07)
(-7.10079e-137 -1.98466e-06 9.7986e-08)
(-8.60003e-129 1.70402e-06 4.2279e-08)
(-8.23329e-131 6.72221e-07 9.61271e-08)
(-8.53252e-110 -2.45129e-07 -1.2136e-05)
(-1.85482e-110 2.20974e-07 -3.72366e-07)
(2.73619e-110 -5.18814e-07 2.00442e-07)
(8.12399e-104 9.63107e-07 -2.1007e-07)
(2.60845e-110 3.82668e-07 4.27711e-07)
(-3.48985e-112 -2.39433e-06 -7.53492e-07)
(0 2.01628e-07 1.77076e-07)
(5.01544e-112 1.37204e-07 -5.67373e-07)
(2.93508e-119 2.23305e-06 1.81549e-07)
(-7.87511e-120 2.35553e-06 5.99532e-10)
(4.23863e-18 7.01897e-06 7.15226e-07)
(-3.67667e-18 1.08931e-05 2.45541e-06)
(3.28513e-36 1.55148e-06 2.72319e-06)
(4.31501e-36 -6.43055e-06 -5.72734e-06)
(-7.503e-37 -3.70943e-06 -5.70283e-06)
(-2.56018e-41 8.93384e-06 -2.02573e-06)
(-8.73466e-38 3.18341e-06 -3.62598e-06)
(0 -1.24935e-06 1.91391e-06)
(-1.15979e-58 -1.23658e-06 -2.88395e-06)
(-7.10624e-64 -1.16432e-06 -3.11226e-07)
(-6.07084e-65 3.44279e-06 -1.35367e-06)
(2.10024e-73 7.01249e-06 -3.03547e-06)
(-2.79591e-97 -1.15684e-06 7.79132e-06)
(-3.09772e-99 -4.4631e-06 -1.60094e-06)
(-1.31792e-103 -6.44768e-06 -1.41533e-06)
(2.51954e-104 -1.16606e-07 -2.96974e-06)
(-2.23765e-106 2.18396e-06 -6.39247e-07)
(2.79493e-108 3.0176e-06 1.74552e-05)
(1.01363e-121 -4.55066e-06 -4.39186e-06)
(-1.27539e-121 -9.46498e-06 -2.65962e-06)
(1.34017e-119 -3.66808e-07 -6.44875e-06)
(-8.00203e-119 4.05104e-06 -6.14613e-06)
(6.94804e-114 4.04033e-06 8.0208e-07)
(-1.18647e-145 -9.98456e-06 -3.60258e-06)
(-1.96078e-153 -5.7453e-06 -4.34444e-06)
(1.10769e-162 6.47244e-06 -1.61595e-06)
(1.36456e-163 1.00833e-05 -2.05463e-06)
(-1.2792e-148 -4.43655e-06 -8.00177e-06)
(2.03241e-148 -4.61183e-06 -3.93657e-06)
(-7.55593e-149 -1.50769e-06 -1.42383e-06)
(6.03713e-151 9.51128e-06 -1.75325e-06)
(-3.65059e-151 3.77901e-06 -1.20064e-06)
(-2.90708e-175 -2.99509e-07 3.68217e-06)
(0 -1.6943e-06 -1.95775e-06)
(0 2.28255e-06 -2.53945e-07)
(0 7.58757e-06 -6.30871e-08)
(0 3.84861e-06 9.76786e-09)
(-1.48712e-18 2.94155e-06 1.01615e-06)
(-1.2822e-23 1.8098e-06 2.31847e-06)
(-1.74311e-31 -3.48209e-07 3.6308e-07)
(1.06789e-30 1.4564e-06 -3.03988e-06)
(-9.90575e-31 1.15754e-07 -2.50416e-06)
(2.24121e-31 1.15817e-06 6.34363e-07)
(-1.52743e-31 -1.00772e-06 -2.05303e-06)
(2.56071e-32 -6.47567e-07 1.16906e-05)
(6.77793e-57 3.8064e-08 -2.20626e-06)
(1.56357e-61 -4.57831e-07 -6.36598e-08)
(1.17793e-62 1.43771e-06 -3.74205e-06)
(-7.35878e-72 2.31112e-06 -5.03466e-06)
(2.83491e-73 -3.01338e-06 4.53984e-06)
(2.59281e-97 -4.67297e-07 -4.65853e-06)
(4.17065e-106 -5.30834e-07 -1.52922e-06)
(-3.8439e-102 2.45863e-06 -2.52385e-06)
(-6.54048e-105 2.17656e-07 8.94375e-07)
(-2.25471e-132 3.86447e-07 -1.45703e-06)
(-6.9655e-124 7.70075e-07 -4.20682e-06)
(2.21564e-122 -2.145e-07 -2.20307e-07)
(-1.3831e-121 2.41835e-07 -2.15805e-06)
(1.38519e-120 -6.42041e-07 -2.66855e-06)
(-9.11556e-115 8.68609e-07 2.74358e-07)
(2.6232e-144 -3.32748e-06 -9.5241e-07)
(1.23719e-151 -2.30689e-06 -5.0785e-06)
(-1.32419e-156 2.73707e-06 -6.29035e-07)
(1.32344e-156 3.67985e-06 -1.50082e-06)
(8.84637e-149 5.41405e-08 1.80311e-05)
(1.17103e-155 1.01226e-06 -4.35894e-06)
(6.15947e-155 -3.04902e-07 -3.82054e-06)
(1.22981e-159 4.15053e-07 2.77739e-07)
(1.86308e-157 -2.28794e-07 -3.7374e-06)
(1.04862e-173 -1.75599e-06 -1.36245e-05)
(0 6.09997e-07 -3.60734e-06)
(0 1.4323e-06 -1.85645e-06)
(0 2.58203e-06 4.75227e-07)
(0 6.23539e-07 -1.61549e-06)
(1.66564e-18 1.9821e-06 7.00637e-07)
(2.04869e-23 7.60409e-07 2.33639e-07)
(9.37241e-32 1.56683e-06 -1.80545e-05)
(2.41142e-31 1.60915e-06 2.66199e-06)
(-1.68887e-31 2.20903e-07 4.95158e-06)
(1.82289e-37 -2.67155e-08 1.29431e-06)
(-1.88134e-37 -2.38936e-06 2.21249e-06)
(-2.34663e-38 -1.22565e-06 -1.44858e-05)
(-2.18181e-55 2.97467e-07 1.72691e-06)
(-2.39067e-59 9.73778e-08 1.32797e-06)
(-4.82218e-61 1.68047e-06 7.3729e-08)
(-1.24431e-67 -4.64109e-07 2.45821e-06)
(1.09461e-70 -2.04513e-06 -1.45325e-05)
(-1.31841e-95 -9.72024e-07 -3.2455e-07)
(-8.3906e-104 -2.23843e-07 -3.33106e-07)
(4.28526e-100 1.11053e-06 2.61201e-06)
(5.18007e-103 1.30296e-06 8.25531e-07)
(2.25472e-132 3.5246e-08 1.83012e-07)
(1.98895e-129 1.56046e-06 3.58463e-06)
(-4.38749e-130 1.54854e-07 6.02538e-07)
(3.90402e-126 -3.80293e-08 4.93079e-06)
(-1.36853e-125 -1.65714e-06 2.33217e-06)
(4.76685e-132 -1.67209e-06 -7.42235e-06)
(-4.33952e-143 -1.04487e-06 2.21835e-06)
(2.58666e-151 -6.80054e-07 3.89252e-06)
(-7.74491e-153 2.50371e-10 4.27822e-06)
(1.45246e-154 1.57675e-06 7.99894e-07)
(-8.84637e-149 -2.34052e-06 -1.21497e-05)
(3.75796e-156 8.65939e-07 1.67254e-06)
(-4.23472e-156 1.42728e-06 1.64827e-06)
(-1.0766e-163 1.21819e-06 7.27201e-07)
(5.6944e-160 -4.63741e-07 1.41378e-06)
(-1.80423e-166 4.77795e-07 -5.56716e-06)
(0 1.24885e-07 -2.79266e-08)
(0 1.61218e-06 -3.47861e-06)
(0 1.11086e-06 4.66945e-06)
(0 2.26848e-07 -5.55268e-06)
(-4.59809e-19 -5.14918e-08 -3.04125e-06)
(-4.77934e-24 -2.724e-07 -1.37134e-06)
(-7.12917e-32 1.59017e-07 -6.85168e-06)
(-1.52593e-39 5.15776e-07 1.18434e-06)
(-1.71666e-36 1.75452e-07 4.49501e-06)
(-3.39788e-38 4.38345e-07 8.24217e-08)
(2.26394e-38 -3.62267e-07 1.20593e-06)
(1.35026e-39 6.75678e-07 -3.97989e-06)
(1.40474e-48 -7.92376e-08 1.2944e-06)
(-1.41944e-51 -1.18438e-07 -5.50214e-07)
(1.45999e-54 5.18858e-07 3.7848e-06)
(2.10977e-76 -3.29253e-07 5.62195e-06)
(3.11201e-79 1.01913e-06 3.75807e-06)
(6.78169e-94 -5.87891e-07 1.68291e-06)
(-7.48192e-97 -2.42422e-07 2.3234e-08)
(-4.3998e-98 4.33841e-07 3.83845e-06)
(-3.31696e-100 -5.75401e-07 4.94835e-07)
(-7.33709e-102 5.46066e-07 -5.13733e-06)
(-1.11486e-130 1.35979e-08 4.31123e-06)
(8.99343e-132 9.86316e-08 5.19866e-07)
(-1.18234e-127 8.90311e-07 4.20653e-06)
(9.56853e-127 -7.24379e-08 1.03675e-06)
(-7.14308e-135 5.27007e-07 -4.06992e-06)
(5.31562e-137 -4.0523e-07 1.6436e-06)
(-2.88402e-158 -7.88222e-07 4.85142e-06)
(5.59646e-160 -9.12537e-08 3.39865e-06)
(9.32082e-162 8.37721e-07 1.44008e-06)
(1.74622e-164 2.7146e-06 -9.89368e-06)
(-2.19412e-157 -7.06893e-07 1.67765e-06)
(1.34758e-157 4.22024e-07 4.0925e-06)
(5.93339e-164 1.34553e-06 4.42579e-08)
(-2.32738e-160 -5.8903e-07 3.82566e-06)
(1.8876e-168 -2.28041e-06 1.72813e-05)
(0 -4.10135e-08 3.15399e-06)
(0 7.94382e-07 -5.32235e-07)
(0 9.73084e-07 2.44198e-06)
(0 1.60539e-07 -1.77834e-06)
(6.21344e-20 -4.44242e-07 -1.88287e-06)
(5.54161e-25 -2.64363e-07 9.01525e-09)
(-6.90482e-31 4.55977e-07 8.97616e-06)
(-3.16414e-44 -7.25295e-07 4.60251e-07)
(6.59791e-37 -9.91012e-07 6.48825e-07)
(3.23012e-39 7.44382e-07 -6.33203e-08)
(3.82285e-44 4.46913e-07 3.79938e-07)
(-3.9703e-41 -1.07986e-06 1.31641e-05)
(3.9236e-57 -6.74106e-07 1.06198e-06)
(9.56535e-59 -1.34827e-06 -4.7004e-08)
(2.67034e-61 4.36824e-07 5.17586e-07)
(-4.2694e-68 7.31291e-07 1.509e-06)
(-5.26272e-80 1.05537e-06 1.1461e-05)
(2.76719e-87 9.83852e-07 9.16437e-07)
(-6.54368e-89 6.87486e-07 -1.04143e-07)
(7.97681e-91 -3.25021e-07 4.53104e-07)
(-1.22319e-92 -1.72667e-06 9.52719e-07)
(5.31364e-95 -8.07142e-07 -4.29121e-06)
(3.07697e-132 -4.14198e-07 8.50901e-07)
(-1.51811e-134 -9.31839e-07 4.75962e-08)
(2.13575e-129 1.05349e-06 5.56294e-07)
(-1.11029e-136 7.66465e-07 1.01632e-06)
(2.29104e-138 1.50633e-07 1.14729e-05)
(4.01747e-144 -8.95428e-07 1.3751e-06)
(6.67998e-160 -1.27649e-06 7.42384e-07)
(-5.20849e-162 6.70367e-07 1.76511e-07)
(-6.69015e-164 8.18749e-07 5.71634e-07)
(-3.25426e-170 -1.61427e-06 1.49474e-05)
(-3.86033e-168 -1.05321e-06 1.64406e-06)
(3.4493e-160 -8.63839e-08 2.59792e-07)
(-2.69137e-165 1.49126e-06 -8.22354e-08)
(9.16605e-162 3.27614e-07 4.93359e-07)
(-9.07443e-170 -5.93266e-07 -1.46041e-05)
(0 -2.20775e-07 6.41182e-07)
(0 1.38458e-06 1.28163e-07)
(0 1.19273e-06 3.89295e-07)
(0 9.84948e-08 1.72328e-07)
(-6.19215e-23 4.71254e-06 6.25675e-07)
(4.40265e-25 6.39054e-07 1.12153e-06)
(1.62247e-26 1.41691e-06 1.83811e-05)
(-3.2483e-49 -5.20797e-06 -4.0356e-07)
(1.94896e-50 -5.63111e-06 -1.31162e-06)
(-1.64769e-55 6.34793e-06 -8.14495e-07)
(-1.53895e-50 1.45869e-06 -1.49138e-06)
(4.80761e-43 -2.21755e-06 4.74702e-06)
(3.15346e-64 -9.08245e-06 -2.24295e-06)
(4.93406e-67 -8.66563e-06 -1.60609e-06)
(5.12418e-67 6.15555e-06 -1.62636e-06)
(2.22463e-70 9.44584e-06 3.85958e-07)
(2.82013e-81 7.28123e-07 1.63382e-06)
(-5.64312e-108 -3.58798e-06 -5.76866e-06)
(7.79633e-110 -6.9558e-07 -5.28826e-06)
(1.80599e-111 7.79241e-06 -1.00014e-06)
(-1.67828e-109 1.36448e-06 -3.44203e-06)
(1.11044e-101 1.29253e-06 9.59158e-06)
(2.79105e-143 -2.98005e-06 -3.18603e-06)
(-6.31242e-151 -5.4921e-06 -1.10065e-06)
(-3.32363e-147 1.58377e-06 -9.08019e-07)
(3.63521e-147 -2.74519e-07 -1.31052e-06)
(-5.95338e-140 -2.95688e-06 2.07173e-05)
(0 -4.03807e-06 -2.82692e-06)
(-5.30519e-183 -9.3597e-06 2.22928e-07)
(3.31996e-180 2.48349e-06 -1.77507e-06)
(-4.77774e-178 7.74554e-06 1.25443e-08)
(2.01152e-171 2.88765e-06 1.03653e-06)
(1.18442e-191 -1.50925e-06 8.2359e-07)
(-7.92254e-189 -7.34024e-06 -5.51305e-07)
(9.85999e-187 3.02904e-06 1.08544e-06)
(-1.03528e-184 8.04057e-06 2.56608e-07)
(3.40128e-177 -2.55604e-06 -1.03969e-05)
(0 -9.85927e-07 2.53818e-06)
(0 6.38961e-06 2.29274e-07)
(0 1.00678e-05 6.18267e-07)
(0 9.98015e-08 2.68925e-06)
(4.4112e-24 -1.23395e-06 -1.92003e-07)
(-1.51285e-28 1.03778e-08 -5.5212e-06)
(3.54004e-30 6.99405e-07 3.80569e-06)
(7.66485e-49 -5.35334e-07 -4.31466e-06)
(-1.83493e-49 -4.14667e-07 -4.03952e-06)
(3.26801e-56 3.79977e-07 5.10943e-07)
(-1.09527e-51 7.13806e-07 -2.83832e-06)
(0 -3.072e-08 2.74029e-06)
(-1.95307e-63 -9.26703e-07 -1.72404e-06)
(-4.00702e-65 -1.41449e-06 1.72676e-06)
(-6.15451e-66 1.49512e-07 2.35176e-07)
(-2.64627e-69 1.78123e-06 5.38469e-06)
(-3.19266e-115 -5.56051e-07 -1.07088e-06)
(1.47115e-107 -5.57405e-08 -2.29969e-06)
(-1.049e-108 5.54892e-07 -9.4488e-07)
(-1.61701e-109 1.01701e-06 8.38517e-07)
(-6.41352e-111 4.06814e-07 -4.78347e-06)
(1.58172e-140 8.33792e-07 9.96894e-06)
(-1.96919e-140 -1.03617e-06 -4.25098e-06)
(4.90463e-141 -5.17683e-07 7.72845e-07)
(-3.52902e-141 -8.67761e-07 -3.91496e-06)
(3.29255e-142 -2.59537e-06 -4.60992e-06)
(7.53404e-142 -6.31659e-07 -1.84072e-05)
(0 -7.31416e-07 -1.27069e-06)
(0 -3.1887e-07 2.0583e-06)
(-2.86592e-188 -2.68579e-08 -1.59239e-06)
(1.40076e-185 7.07592e-07 -1.29251e-06)
(-5.23311e-195 7.65682e-07 1.25153e-05)
(-1.51399e-199 -1.38928e-06 -8.75388e-07)
(-7.85216e-192 1.72546e-06 5.68313e-07)
(3.67996e-190 1.98357e-06 2.52759e-06)
(-4.80649e-189 -6.54972e-07 -2.06746e-06)
(-4.75726e-183 -1.10896e-06 1.85808e-05)
(0 -6.5194e-07 -2.44716e-06)
(0 3.13197e-06 1.38359e-06)
(0 2.49788e-06 -2.38855e-06)
(0 4.15507e-07 5.53876e-06)
(-2.82514e-25 -1.1858e-07 -1.29001e-06)
(-9.71165e-27 -1.13937e-06 -2.94847e-06)
(1.74331e-28 -2.04463e-06 -2.35636e-05)
(-3.28455e-39 -1.22542e-06 1.61278e-06)
(5.43546e-49 -5.35144e-07 4.14793e-07)
(1.02645e-52 1.18428e-06 4.83066e-07)
(1.62642e-51 1.46297e-06 1.24619e-06)
(-7.17521e-59 6.8986e-07 -6.87953e-06)
(1.10137e-58 5.68726e-07 6.79979e-07)
(-8.84357e-59 -9.18012e-07 7.2151e-07)
(9.44532e-60 -3.27011e-07 7.87804e-07)
(-9.01997e-63 4.75916e-07 5.51246e-07)
(-4.27993e-103 1.80589e-06 -1.4245e-05)
(-1.55776e-102 7.21674e-07 4.55125e-07)
(2.14082e-102 -1.2921e-06 1.97799e-06)
(-1.70949e-103 -4.148e-07 3.60736e-06)
(1.58758e-104 -3.43984e-07 9.24322e-07)
(-3.70403e-135 1.96638e-06 1.4306e-06)
(3.70408e-135 8.5908e-07 3.90258e-06)
(2.29723e-147 1.0868e-08 4.85668e-07)
(6.05827e-147 8.23599e-08 1.1338e-06)
(6.68997e-149 -6.6865e-07 -7.35887e-07)
(2.23099e-150 6.68272e-07 -2.83774e-06)
(0 -1.84471e-07 2.9597e-07)
(0 5.93928e-07 3.10173e-06)
(0 9.57525e-07 -2.00869e-06)
(-1.9145e-188 -5.45241e-07 -4.04565e-06)
(0 -2.84949e-06 -1.89351e-05)
(1.94961e-202 5.43931e-07 -2.89125e-06)
(-7.83033e-202 3.17654e-07 -1.09448e-06)
(-7.81785e-198 7.71473e-07 -3.0697e-07)
(1.05254e-194 -5.64979e-07 -3.17618e-06)
(4.75727e-183 -2.80388e-06 -1.79657e-05)
(0 6.28333e-07 -3.22501e-06)
(0 1.25828e-06 -3.19977e-06)
(0 1.33983e-06 -4.04948e-06)
(0 1.54292e-07 6.84615e-07)
(-2.50524e-24 8.56148e-07 -8.48481e-07)
(-2.0869e-25 6.31505e-07 -3.99893e-07)
(-2.63224e-32 2.1695e-06 -1.2367e-05)
(2.63496e-32 -1.90489e-07 2.64845e-06)
(-2.98671e-36 -6.58281e-07 4.16481e-06)
(-3.5216e-49 2.31009e-07 -3.8031e-07)
(-8.63076e-52 6.52473e-07 9.3946e-07)
(5.58367e-59 3.16524e-08 -1.41186e-05)
(1.15444e-62 4.09206e-07 5.52003e-07)
(-3.50763e-64 -5.01419e-07 -1.40092e-07)
(3.26169e-66 -2.54664e-08 6.39934e-07)
(5.58292e-72 -5.55841e-07 5.92925e-07)
(0 6.18637e-07 3.55155e-06)
(-1.18192e-108 1.51111e-07 2.23437e-07)
(-4.86378e-109 -2.49806e-07 6.23917e-07)
(1.35319e-109 1.04693e-07 1.71272e-07)
(1.08003e-111 6.19813e-07 1.09506e-06)
(5.22532e-126 5.97537e-07 1.0177e-05)
(-3.12428e-133 3.66728e-07 4.38378e-06)
(-7.74221e-148 -2.9526e-07 -2.25998e-07)
(-9.39932e-148 -5.38256e-07 4.26419e-06)
(-6.12215e-150 -1.33402e-06 2.05085e-06)
(-2.83784e-154 -6.77819e-07 1.11518e-05)
(0 -5.6451e-07 1.09571e-06)
(0 -1.4723e-06 -1.17227e-07)
(0 5.30314e-07 7.82591e-08)
(0 6.49457e-07 -7.87643e-07)
(1.28503e-214 2.58851e-06 2.57798e-05)
(-4.88468e-206 4.29613e-08 4.83915e-07)
(-4.98235e-202 -1.35835e-06 2.11478e-07)
(1.08963e-199 9.41036e-08 -7.0798e-07)
(-8.57902e-198 2.32061e-07 -4.83689e-07)
(0 2.31904e-06 2.36869e-05)
(0 7.99468e-07 8.46054e-07)
(0 6.74958e-07 -5.94362e-07)
(0 4.18246e-07 -3.53414e-07)
(0 1.46554e-08 -3.34734e-08)
(3.90264e-24 -5.6979e-07 1.90775e-06)
(4.00205e-32 3.21474e-07 3.81464e-07)
(-2.33861e-35 4.74237e-08 1.32709e-05)
(6.88224e-40 -5.49195e-08 1.48081e-06)
(5.30282e-42 8.1417e-07 6.39254e-07)
(-7.49906e-43 5.0949e-07 -1.49786e-07)
(1.15768e-43 1.30482e-07 1.32361e-06)
(-2.86606e-58 2.60524e-07 6.82723e-06)
(0 5.69842e-08 3.96885e-07)
(5.97553e-72 6.06486e-07 -1.37501e-07)
(-1.72547e-74 -4.17044e-07 -1.25734e-07)
(-6.14234e-72 -1.83124e-06 1.80096e-06)
(-7.69272e-77 3.3323e-07 1.5494e-05)
(1.00051e-119 -7.65713e-07 2.2218e-07)
(-7.52563e-118 -1.4865e-06 2.48505e-07)
(-3.96196e-111 -2.5705e-07 -3.52309e-08)
(-4.7593e-113 8.50018e-07 3.94096e-07)
(1.85084e-119 1.1231e-07 4.52732e-06)
(-2.58496e-140 -1.07001e-07 7.00269e-07)
(5.87277e-148 -5.48767e-07 -7.93006e-08)
(6.64503e-149 4.3324e-07 5.95924e-07)
(2.8248e-152 9.12121e-07 5.26844e-07)
(2.8108e-154 -7.08456e-07 -1.1237e-05)
(0 -4.40838e-07 1.03101e-06)
(0 -7.68004e-07 -4.60401e-08)
(0 -5.68805e-09 7.80819e-08)
(0 1.0293e-06 -1.31517e-07)
(-1.22867e-215 4.66824e-08 -3.70856e-06)
(1.66136e-213 -5.74739e-08 9.67099e-07)
(1.72126e-206 -4.44268e-07 1.9408e-07)
(-1.10919e-203 -6.92803e-07 -7.46137e-07)
(-7.67135e-201 1.4373e-07 2.00411e-07)
(0 -1.99173e-07 -1.04492e-05)
(0 1.69418e-07 5.62627e-07)
(0 1.55743e-06 -7.66286e-09)
(0 5.86217e-08 2.65882e-07)
(0 7.20428e-07 -1.30608e-07)
(-1.3117e-22 7.3622e-06 3.28199e-06)
(-5.6862e-25 4.67208e-06 1.07135e-06)
(-8.56229e-37 2.52882e-06 2.21722e-07)
(4.33394e-36 -7.37064e-06 -6.49815e-06)
(-2.09124e-38 -1.63192e-06 -4.11543e-06)
(8.92693e-43 6.11092e-06 -8.66105e-07)
(-2.36283e-44 1.77655e-06 6.13427e-07)
(2.37284e-56 1.94444e-06 1.43482e-05)
(2.37275e-64 -4.09042e-06 -5.10964e-06)
(1.3454e-66 -2.81819e-06 -6.78877e-06)
(-6.42822e-68 6.91431e-06 -6.42415e-06)
(1.5466e-69 3.20083e-06 -5.81234e-06)
(4.19343e-83 2.90575e-08 -1.12133e-05)
(3.51835e-112 -3.10575e-06 -6.00976e-06)
(4.25946e-114 -2.36209e-06 -5.88824e-06)
(-2.56461e-115 7.98828e-07 -5.82456e-06)
(-5.31565e-117 7.81e-07 -1.00062e-06)
(5.76035e-125 -6.60602e-07 -1.31657e-05)
(-6.56601e-147 -2.77895e-06 -5.45882e-06)
(5.74225e-148 -9.97364e-06 -2.09991e-06)
(5.45612e-150 2.76684e-06 -3.62119e-06)
(1.37781e-152 9.35634e-06 -5.55451e-06)
(0 2.46938e-06 -4.17019e-06)
(1.91927e-183 -3.47451e-06 -4.10008e-06)
(2.47399e-187 -8.21244e-06 -1.55472e-06)
(3.21244e-190 3.00504e-06 -3.02263e-06)
(6.80743e-196 5.10891e-06 -4.00005e-06)
(-5.52177e-299 3.83632e-06 -1.56229e-05)
(4.18989e-309 -6.39016e-06 -5.56612e-06)
(2.44041e-310 -1.95005e-06 -3.38879e-06)
(-3.94607e-311 2.83753e-06 -1.59861e-06)
(7.76135e-315 1.43585e-06 -2.51736e-07)
(0 3.50527e-06 3.41713e-06)
(0 -2.27227e-06 -2.66035e-06)
(0 9.66718e-06 -5.43091e-06)
(0 6.43047e-07 -6.09366e-06)
(0 3.28891e-06 3.73596e-07)
(3.614e-27 -5.53975e-07 -9.3969e-07)
(7.98131e-29 -8.18316e-07 5.64479e-06)
(5.73036e-33 -1.25124e-06 2.28084e-05)
(-1.7972e-35 -7.91082e-08 1.12549e-06)
(2.0163e-37 1.55559e-06 1.15901e-06)
(-8.2646e-44 -4.70867e-08 1.95951e-06)
(2.98062e-47 -2.66656e-07 3.62222e-06)
(-1.84975e-50 -3.10204e-07 2.35328e-06)
(1.99332e-71 -7.35146e-07 -1.3861e-06)
(-7.72898e-70 -3.95457e-07 -2.71669e-06)
(4.80031e-71 1.89617e-06 -2.5618e-06)
(-8.17276e-75 9.09829e-07 -2.47723e-06)
(-2.98925e-84 2.72476e-06 -9.4755e-06)
(-8.01909e-112 -1.57096e-06 -3.8289e-06)
(-2.94012e-113 8.29886e-08 -3.37088e-06)
(2.40619e-114 -1.27086e-06 -3.0093e-06)
(9.74148e-116 -6.81354e-07 1.08463e-06)
(-3.70295e-123 -7.33424e-07 -5.94633e-06)
(8.16395e-146 -1.42682e-06 -6.30983e-07)
(-3.51856e-144 -2.38241e-06 1.32793e-06)
(-5.47759e-149 -9.51072e-07 1.45462e-06)
(-1.36138e-151 1.86686e-06 1.06087e-06)
(2.79456e-169 2.02983e-06 1.90014e-05)
(-8.93733e-177 6.28293e-07 -6.62309e-07)
(7.74472e-179 -1.8676e-06 1.98838e-06)
(-4.81764e-182 -2.45113e-06 1.17329e-06)
(-1.24291e-192 3.08204e-07 -1.14262e-06)
(-2.27038e-297 1.57384e-06 1.02154e-05)
(-1.21299e-303 8.86907e-07 -7.43544e-07)
(8.35032e-304 9.67394e-08 2.14077e-06)
(-1.23431e-304 -7.13545e-07 1.41581e-06)
(3.60274e-308 -1.55864e-07 -2.85219e-06)
(0 1.2449e-07 1.85029e-05)
(0 2.00615e-06 -2.10627e-06)
(0 3.92749e-06 2.6078e-06)
(0 3.33647e-07 1.11374e-06)
(0 5.22363e-07 3.85702e-07)
(-7.32896e-25 1.04579e-06 -1.31161e-06)
(-6.17386e-27 1.15702e-06 6.60858e-07)
(-4.48737e-31 1.30338e-06 -2.46265e-06)
(1.10573e-30 1.00367e-06 3.17165e-06)
(-6.57483e-31 1.62718e-07 2.86875e-06)
(1.91047e-50 1.91932e-07 5.99847e-07)
(1.67687e-51 -7.35669e-07 9.19747e-07)
(-5.44694e-55 -2.17663e-06 -3.67907e-06)
(-9.02652e-73 -1.22564e-06 2.93556e-06)
(6.90111e-67 -5.94709e-07 1.70014e-06)
(-6.42892e-69 3.76601e-07 3.22448e-06)
(5.33941e-74 1.55209e-07 1.59633e-06)
(-2.67869e-102 -7.52886e-07 1.60204e-06)
(-9.58664e-108 4.30276e-07 3.87493e-06)
(9.58759e-108 -1.21069e-07 4.21574e-06)
(-1.52168e-113 5.66909e-07 1.14135e-06)
(-7.15614e-115 2.39055e-07 2.41609e-06)
(-3.45606e-129 7.79808e-08 2.7235e-06)
(8.02175e-141 3.4332e-07 2.38694e-06)
(-7.78044e-141 -1.09626e-06 5.4576e-07)
(3.89135e-142 -7.11542e-07 2.73498e-06)
(-7.94411e-144 -3.9172e-07 2.1047e-06)
(-1.48438e-167 2.38597e-06 -3.98776e-06)
(1.66897e-174 5.2544e-07 2.01887e-06)
(-4.55068e-177 -6.6123e-07 5.48724e-08)
(1.74319e-179 1.55667e-07 2.99858e-06)
(-6.8818e-183 -2.24958e-08 -2.88914e-07)
(2.45561e-297 -3.06212e-07 5.99227e-06)
(5.88611e-305 -5.32608e-07 5.49737e-07)
(-3.26339e-306 -2.41787e-06 3.22977e-06)
(2.18618e-307 -7.0461e-07 -2.0624e-07)
(-3.13962e-309 -3.36679e-08 -4.67392e-07)
(0 2.30233e-06 -7.48598e-06)
(0 1.47531e-06 5.33686e-07)
(0 -2.36196e-07 3.98073e-06)
(0 -7.74013e-08 3.23899e-06)
(0 7.98949e-08 -9.15933e-09)
(1.90215e-24 4.02983e-07 -3.24141e-07)
(1.17039e-27 -7.21384e-08 -1.68272e-07)
(-1.72239e-31 -2.34583e-07 -4.61791e-08)
(1.8851e-36 7.44259e-07 6.13221e-07)
(5.76481e-38 1.59932e-07 3.99947e-07)
(-1.66347e-44 3.84385e-07 -1.19377e-07)
(4.25791e-46 -1.43602e-07 -3.55907e-07)
(-2.2724e-48 -4.86957e-08 7.28822e-06)
(2.42874e-71 -1.17298e-06 4.79195e-07)
(-6.36112e-65 -8.67145e-07 8.97448e-07)
(6.70539e-67 4.46372e-07 1.73255e-06)
(-9.45836e-73 2.37263e-07 1.54391e-06)
(2.6787e-102 -1.02279e-07 1.10499e-05)
(1.01612e-106 1.21974e-06 5.93224e-06)
(-1.24422e-106 -7.91679e-07 4.37722e-06)
(1.97442e-107 2.11181e-07 8.45753e-07)
(-4.68427e-108 4.04786e-07 2.93088e-07)
(3.57623e-131 -1.59208e-07 2.81359e-06)
(-2.20217e-138 2.12583e-06 5.44363e-07)
(-9.69738e-140 5.17406e-07 -1.98188e-07)
(-7.08097e-142 -2.99714e-07 4.34006e-07)
(8.64417e-144 -8.80949e-07 4.20634e-07)
(-1.7449e-147 3.883e-07 9.86276e-06)
(-1.86489e-173 2.18872e-08 6.06661e-07)
(2.60277e-175 -1.35424e-06 -3.34038e-07)
(-1.46894e-177 -3.75239e-07 1.48773e-07)
(-1.5423e-192 2.87482e-07 5.13767e-07)
(-1.30008e-298 3.95787e-07 1.33592e-05)
(-1.08721e-305 2.75565e-06 8.77562e-07)
(4.86253e-308 -2.46827e-07 6.10209e-07)
(2.28489e-309 -3.98734e-08 -2.10348e-07)
(-2.38563e-311 2.43294e-07 4.05318e-07)
(0 -8.49727e-07 2.66948e-06)
(0 9.46154e-07 5.22644e-07)
(0 7.71567e-08 5.10634e-07)
(0 6.9191e-07 3.36028e-07)
(0 1.41785e-07 -7.44564e-08)
(-1.49948e-24 -2.41405e-08 2.47765e-06)
(-5.19103e-32 -1.67839e-07 3.55046e-07)
(4.32249e-31 3.87692e-07 1.19829e-05)
(0 -5.74878e-07 4.51823e-07)
(-1.82681e-39 1.88968e-07 -1.38174e-07)
(3.60676e-46 6.14496e-07 3.12541e-08)
(-7.96491e-48 1.4487e-07 -1.61811e-07)
(8.4548e-55 6.55303e-08 1.35273e-05)
(-2.83579e-56 -2.50603e-06 5.51153e-07)
(2.84141e-57 -2.59939e-06 -8.63694e-08)
(-5.18832e-59 1.07083e-06 1.99825e-07)
(1.48931e-80 6.56145e-07 4.15665e-07)
(-5.62222e-113 6.94676e-07 -8.86937e-07)
(4.68402e-113 -1.64486e-06 1.164e-06)
(-1.10764e-112 -2.14082e-06 6.33683e-07)
(3.30484e-115 1.34451e-06 4.40434e-07)
(6.35846e-115 4.418e-07 -3.92276e-07)
(-2.64909e-122 2.96291e-06 -1.45458e-05)
(8.22431e-130 -8.60574e-07 4.29402e-07)
(-2.28616e-131 -2.45137e-06 -2.15971e-07)
(2.01694e-133 9.67582e-08 2.83766e-07)
(-8.08659e-136 9.29727e-07 2.02478e-07)
(2.28457e-139 3.98987e-07 6.68945e-06)
(-8.05221e-197 -1.29403e-06 3.527e-07)
(4.42451e-194 -1.41831e-06 -1.59922e-07)
(-1.15477e-185 1.55935e-06 1.60559e-07)
(1.74948e-194 1.27667e-06 5.47258e-08)
(0 -6.48118e-07 -7.55891e-06)
(-1.53184e-314 3.27792e-07 -2.0702e-07)
(-1.13051e-313 -1.42597e-07 1.02011e-07)
(-1.9549e-317 7.85572e-07 -2.30418e-07)
(0 -6.92233e-07 8.09872e-07)
(0 -5.07602e-07 1.39802e-05)
(0 -8.92255e-07 5.35473e-07)
(0 1.23087e-06 -2.12404e-07)
(0 8.68227e-07 3.85751e-07)
(0 6.77367e-07 -6.13205e-08)
(5.16662e-23 4.70913e-06 1.25903e-06)
(-1.47722e-25 1.18375e-06 1.04044e-06)
(-9.95878e-27 1.5193e-06 1.02171e-05)
(8.41492e-42 -6.03455e-06 -1.73695e-06)
(-3.20377e-42 -2.81477e-06 -1.28274e-06)
(1.26476e-47 5.41688e-06 -2.17669e-07)
(-1.88398e-46 2.07821e-06 -6.2335e-08)
(5.65805e-56 1.38281e-06 2.61495e-06)
(-6.77702e-69 -3.85281e-06 -1.59443e-06)
(1.79801e-71 -8.88941e-06 -1.37914e-06)
(-1.10186e-74 5.77666e-06 -1.1991e-06)
(2.04866e-79 2.89938e-06 -3.94331e-06)
(-3.62506e-104 2.94338e-07 4.32084e-06)
(-1.04636e-105 -4.90294e-06 -8.30039e-07)
(-1.48618e-111 -9.50581e-06 -2.12229e-06)
(1.67728e-114 1.78381e-06 -2.38891e-08)
(-1.93153e-114 6.9792e-06 -9.48384e-07)
(2.54397e-115 5.90475e-06 -1.93143e-06)
(9.2091e-136 -4.40783e-06 -9.21117e-07)
(-8.92361e-142 -9.04569e-06 -1.49073e-06)
(4.63172e-143 1.00318e-06 -1.63566e-06)
(-4.64124e-145 6.40086e-06 -3.02494e-06)
(5.46587e-146 2.76378e-06 2.03425e-06)
(1.0037e-169 -1.22849e-05 -1.51214e-06)
(-1.36663e-177 -5.56258e-06 -1.99872e-06)
(-2.75357e-187 3.70534e-06 -6.86202e-06)
(2.49659e-191 1.25435e-05 -5.47688e-06)
(1.34106e-221 1.17158e-06 -1.45111e-05)
(-1.36066e-229 -2.52067e-06 -6.21935e-06)
(-2.38172e-305 -6.46224e-06 -5.87185e-06)
(2.12637e-307 7.57686e-06 -1.48509e-06)
(-7.37584e-310 2.87573e-06 -2.54547e-06)
(0 -4.37119e-07 4.01818e-06)
(0 -2.66158e-06 -3.00874e-06)
(0 8.68185e-07 -1.25318e-06)
(0 1.04234e-05 4.27586e-07)
(0 5.44563e-06 -7.48189e-07)
(-2.15026e-24 2.55408e-06 -5.23161e-07)
(1.40374e-25 1.10021e-06 -3.75903e-06)
(1.7899e-31 1.26976e-06 -1.55224e-05)
(-8.74638e-35 -1.12966e-06 -5.02711e-06)
(3.24256e-35 -1.83004e-06 -3.57783e-06)
(-2.62363e-36 1.06859e-06 3.50981e-07)
(9.68513e-39 2.87015e-07 -5.55827e-06)
(-3.85706e-54 1.34384e-06 -2.07931e-05)
(-9.55408e-62 -1.28111e-07 -4.54798e-06)
(1.08709e-63 -3.30342e-06 -4.14296e-06)
(-1.07051e-65 -3.46328e-08 -4.60495e-06)
(-8.26509e-77 7.99751e-08 -5.16224e-06)
(4.25322e-102 1.27006e-06 -3.73447e-06)
(-1.9242e-104 7.22214e-08 -5.48109e-06)
(-1.94109e-111 -2.82414e-06 -4.4278e-06)
(-1.01614e-112 -4.31003e-07 5.04599e-07)
(3.85627e-114 8.07098e-07 -3.94891e-06)
(0 3.13471e-06 8.09464e-06)
(-2.86617e-135 2.0769e-07 -4.4198e-06)
(1.91636e-139 -2.37754e-07 3.98083e-07)
(-4.92132e-141 -2.72077e-07 -3.2975e-06)
(4.87126e-142 -1.76647e-06 -4.65853e-06)
(-2.09653e-145 4.45575e-07 -1.21979e-05)
(-3.32348e-168 -3.60462e-06 -3.53659e-07)
(-1.86762e-170 -1.69844e-06 -3.18134e-07)
(1.30176e-182 2.81059e-06 -2.64619e-06)
(-1.30174e-182 4.09132e-06 -2.58766e-07)
(-8.98204e-212 -2.78845e-07 -4.92215e-06)
(1.26086e-226 6.31216e-07 -2.96777e-06)
(-5.97612e-230 -8.56924e-07 -2.57446e-06)
(-6.99379e-306 2.37652e-06 1.15426e-06)
(3.4355e-309 9.86715e-07 -2.7768e-06)
(0 1.07093e-06 -2.91897e-06)
(0 -1.10743e-07 -2.26214e-06)
(0 1.77074e-06 -4.70214e-06)
(0 8.93713e-07 7.78339e-07)
(0 1.19413e-06 -2.32506e-06)
(-3.79405e-24 1.71908e-07 -3.9943e-06)
(-5.22806e-31 -4.84415e-08 -4.99562e-06)
(-2.37114e-33 2.69228e-07 -7.40512e-06)
(8.19778e-41 -2.21206e-07 2.33585e-07)
(-2.56533e-41 -1.21203e-07 5.0861e-07)
(-9.42378e-44 -1.05545e-07 5.68526e-07)
(-3.24159e-46 -5.84628e-07 -3.43196e-06)
(5.09374e-53 5.69474e-07 -5.43346e-06)
(3.23402e-61 7.34321e-08 8.28356e-07)
(-3.44449e-63 -1.455e-06 1.05141e-06)
(1.08728e-68 8.38578e-07 6.49936e-07)
(-1.08727e-68 -6.1106e-07 2.24863e-06)
(2.80304e-94 4.85191e-07 -1.09147e-05)
(2.1682e-101 2.02055e-07 -4.61624e-07)
(-4.76812e-110 -1.33522e-06 6.92592e-07)
(-2.11877e-111 -1.9344e-06 4.04549e-06)
(1.15709e-113 4.34063e-07 -2.70315e-06)
(-3.40858e-130 2.70073e-06 -1.88972e-05)
(4.4078e-130 8.82393e-07 2.61149e-07)
(-1.01957e-130 -5.86665e-07 8.24457e-07)
(2.06179e-132 -4.6882e-07 1.28996e-06)
(-2.59493e-134 -8.5931e-07 1.13502e-06)
(5.04504e-152 8.67931e-07 -2.59653e-06)
(-6.10998e-161 -3.45763e-07 2.98252e-07)
(-1.34782e-163 -4.43204e-07 1.54455e-06)
(-1.47819e-186 7.79353e-07 4.37198e-06)
(-4.65904e-191 2.95442e-07 2.58742e-06)
(-1.84782e-199 -4.50633e-07 1.78568e-05)
(6.26041e-235 2.6972e-07 3.64606e-06)
(-1.92516e-311 -2.44708e-07 4.80012e-06)
(7.21714e-314 -5.25102e-08 8.763e-07)
(1.14673e-317 -1.8112e-07 -6.14596e-07)
(0 5.42142e-07 -1.23557e-05)
(0 7.11029e-08 5.41971e-07)
(0 1.62067e-07 9.73947e-07)
(0 -2.95478e-08 4.80261e-06)
(0 4.10617e-07 -4.77234e-06)
(4.50568e-24 7.85874e-08 -3.37407e-06)
(2.58023e-31 -1.12752e-06 6.00063e-07)
(1.01002e-37 -1.61e-06 4.48301e-06)
(-1.68398e-41 -2.37481e-08 2.8419e-06)
(3.69511e-42 1.2133e-06 3.45904e-06)
(4.56084e-45 1.50318e-06 -2.1894e-07)
(7.1268e-46 -2.43487e-06 1.1096e-06)
(-6.4475e-47 -6.40095e-07 4.08619e-06)
(-5.82859e-68 -2.05164e-07 2.78538e-06)
(2.099e-70 4.96642e-07 4.58919e-06)
(-1.36105e-74 2.04342e-06 4.58107e-06)
(8.02349e-77 -1.12141e-07 5.70839e-06)
(-2.8492e-85 3.08905e-07 4.91229e-06)
(8.27766e-88 -1.02468e-07 6.15899e-06)
(1.60688e-117 -1.28465e-06 3.70567e-06)
(-1.00205e-117 -7.79092e-07 1.85427e-06)
(7.77054e-120 3.54418e-08 1.42916e-06)
(-1.34868e-135 2.00112e-06 2.85165e-05)
(1.80011e-135 2.96299e-07 4.84109e-06)
(-1.48493e-138 -1.62646e-06 2.94283e-07)
(8.24686e-140 -9.87048e-07 3.96417e-06)
(-4.67448e-142 7.3632e-07 1.33019e-06)
(-7.81256e-154 2.20616e-07 -1.4063e-05)
(-2.01418e-162 1.02648e-06 1.65446e-06)
(1.72418e-170 -3.18455e-07 6.41974e-08)
(1.84116e-178 -2.90206e-07 3.50596e-06)
(6.08847e-193 -2.64023e-06 2.10879e-06)
(1.64516e-206 4.30391e-07 9.65327e-07)
(7.7829e-311 -4.21184e-07 2.15663e-06)
(1.30461e-313 1.08053e-06 3.89574e-06)
(-1.82712e-316 1.83735e-06 2.27006e-07)
(0 2.08669e-07 1.22937e-06)
(0 -2.74825e-07 -8.2982e-06)
(0 7.44614e-08 4.36985e-07)
(0 5.14529e-07 4.89422e-06)
(0 3.8127e-07 2.97355e-06)
(0 -1.65302e-08 -8.24624e-07)
(-2.09497e-24 -1.9052e-06 4.75246e-06)
(3.80679e-28 2.48651e-07 9.96405e-07)
(-3.06704e-35 -5.62332e-07 -5.77864e-06)
(1.29578e-42 -5.03584e-07 3.49317e-07)
(-2.42301e-43 -2.20471e-07 6.46505e-07)
(-8.45591e-49 4.45408e-07 1.98808e-07)
(-4.85232e-51 2.26431e-07 5.27631e-07)
(-3.39954e-53 -2.94721e-06 -1.81012e-05)
(5.35418e-70 -9.40753e-07 6.11663e-07)
(-1.61135e-72 -7.96822e-07 9.31913e-07)
(3.62059e-77 2.36794e-06 7.11727e-07)
(-1.60679e-79 1.47094e-06 1.85135e-06)
(-2.8885e-87 1.39571e-06 9.39917e-06)
(9.66288e-102 -5.34426e-07 2.11143e-06)
(4.95765e-110 1.13991e-07 6.74228e-07)
(-1.49613e-110 -9.84714e-09 -2.32502e-07)
(5.93233e-112 4.95915e-07 1.21553e-06)
(1.34868e-135 1.09976e-06 -1.93432e-05)
(-4.44804e-136 -4.54462e-07 1.06849e-06)
(4.42518e-142 -4.29065e-07 -4.94821e-08)
(-3.64545e-142 6.58799e-07 6.60804e-07)
(2.35644e-145 3.45922e-07 2.07939e-07)
(7.14758e-156 -1.00641e-06 7.50949e-06)
(-3.78482e-172 -6.60867e-07 9.27039e-07)
(-4.39291e-173 -8.55888e-07 -1.48497e-07)
(-4.29168e-181 2.31019e-06 6.25064e-07)
(1.11623e-183 1.4624e-06 3.57668e-07)
(-1.73616e-186 -5.66352e-08 -1.02198e-05)
(-3.11545e-313 -5.75762e-07 -1.03523e-07)
(-2.66478e-316 -9.95276e-07 7.41339e-07)
(0 1.01648e-06 4.97317e-08)
(0 6.08663e-07 6.97601e-07)
(0 -7.82133e-07 8.01948e-06)
(0 -4.30654e-07 3.3545e-07)
(0 5.43222e-07 9.40167e-07)
(0 9.23503e-07 2.85264e-07)
(0 1.30255e-07 1.83048e-07)
(9.31877e-23 -4.76728e-06 4.06717e-06)
(2.67084e-30 1.98414e-06 -3.317e-06)
(3.58583e-35 2.00094e-06 -1.29717e-05)
(-1.0204e-32 -7.64095e-06 -6.10261e-06)
(3.20351e-32 -1.98364e-06 -3.45731e-06)
(-2.18302e-32 5.44699e-06 -2.15041e-06)
(-1.06828e-38 1.86688e-06 -4.75368e-06)
(0 2.34495e-06 8.80383e-07)
(2.26299e-65 -6.41607e-06 -6.74541e-06)
(-1.99598e-68 -3.0361e-06 -5.88817e-06)
(1.1276e-73 7.02705e-06 -6.30659e-06)
(-3.9743e-76 2.50788e-06 -5.9915e-06)
(9.01596e-81 -5.49761e-06 1.4229e-06)
(7.34589e-125 -4.5675e-06 2.15506e-06)
(2.68175e-124 -2.96048e-06 -3.37682e-06)
(-2.72735e-124 4.43647e-06 -9.74201e-07)
(-6.89007e-125 3.40708e-06 -2.54816e-06)
(0 1.49672e-06 8.74712e-07)
(1.02508e-152 -7.56729e-06 -3.21969e-06)
(-1.3405e-158 -3.9044e-06 -1.2233e-06)
(4.81497e-155 6.5613e-06 -4.78784e-06)
(-6.87696e-159 2.20495e-06 -6.48508e-06)
(-3.5667e-285 1.84297e-06 -1.62555e-06)
(4.91923e-285 -5.36607e-06 -4.83725e-06)
(-1.35979e-285 -5.57424e-06 -7.30746e-06)
(8.09624e-288 5.22992e-06 -6.61759e-06)
(-8.34143e-289 4.96547e-06 -5.26091e-06)
(3.34484e-292 -5.38279e-07 3.07893e-07)
(3.59894e-311 -5.29984e-06 -5.20808e-06)
(3.67758e-314 -5.42705e-06 -5.7374e-06)
(0 5.84454e-06 -2.88907e-06)
(-1.79108e-317 6.43767e-06 -2.38958e-06)
(0 -4.88241e-07 7.62463e-06)
(0 -3.46745e-07 -4.44453e-06)
(0 3.51014e-06 -5.64614e-06)
(0 1.15492e-05 1.20139e-07)
(0 3.93044e-09 -4.12104e-06)
(-3.74036e-23 -9.08935e-08 -5.08019e-07)
(-1.83408e-30 7.11691e-08 1.16139e-07)
(-3.7101e-35 2.74617e-07 -2.05083e-06)
(1.2773e-35 -6.25814e-07 1.27687e-06)
(-6.76569e-36 7.97797e-09 1.59069e-06)
(5.72148e-37 -9.74554e-07 2.59275e-07)
(-2.07496e-38 -2.67619e-07 -5.00948e-07)
(-5.18283e-46 -1.08463e-06 1.89078e-05)
(-3.58768e-64 -1.00619e-06 8.08632e-07)
(6.79298e-67 4.50655e-07 2.16928e-06)
(-5.27124e-73 -1.12469e-07 1.17905e-06)
(4.31692e-85 9.34663e-07 9.48273e-09)
(0 -1.92428e-08 1.32857e-06)
(-1.52601e-120 1.21542e-06 4.57558e-07)
(5.85946e-129 2.65802e-06 2.15716e-06)
(-2.52477e-129 1.24953e-06 1.55871e-06)
(-1.76096e-129 -5.54841e-08 -7.15407e-07)
(-2.32591e-132 -4.82407e-07 2.31483e-05)
(-2.86527e-152 2.37363e-09 1.2047e-07)
(-6.82216e-158 -1.2536e-07 2.1048e-06)
(-6.71321e-154 -8.20566e-07 4.0156e-07)
(1.66444e-157 6.51121e-07 -6.06544e-07)
(1.61022e-167 -6.99946e-08 -1.58998e-05)
(-2.28171e-291 -1.75541e-06 -2.78097e-06)
(-1.25475e-293 -1.87109e-06 -2.82302e-06)
(-3.10293e-294 2.34323e-06 -3.86306e-06)
(9.73474e-296 -1.77741e-07 -3.75829e-06)
(-4.6776e-292 -6.16136e-08 -1.05847e-05)
(-2.97747e-310 -1.58262e-06 -2.9408e-06)
(-6.74723e-313 -1.2965e-06 -2.95278e-06)
(0 2.15704e-06 -1.20053e-07)
(1.14635e-315 1.59231e-06 -2.13535e-06)
(0 1.74822e-08 2.67813e-06)
(0 -9.15861e-07 -1.49714e-06)
(0 2.23863e-06 9.62436e-07)
(0 9.48602e-07 9.36992e-07)
(0 5.20063e-08 1.50306e-06)
(1.30154e-22 8.67329e-08 -1.295e-06)
(1.52476e-26 1.78671e-07 5.29359e-07)
(7.41662e-35 -3.55486e-07 1.47269e-05)
(7.36985e-36 -5.6359e-07 2.36969e-06)
(-1.20613e-37 -1.58582e-06 2.5356e-06)
(1.68868e-38 1.19583e-08 4.68484e-07)
(-1.63196e-38 -9.75617e-08 5.34119e-06)
(9.78099e-44 1.03154e-06 -7.57432e-06)
(-5.2665e-51 1.32472e-06 3.85756e-06)
(-1.11221e-59 1.52661e-07 3.87824e-06)
(4.96835e-76 2.09818e-07 3.67402e-06)
(-1.30746e-83 -1.13497e-06 2.60586e-06)
(1.07932e-85 -8.8212e-07 -7.82739e-06)
(5.00238e-119 -8.66256e-07 -5.30314e-07)
(-5.90256e-127 -2.66391e-07 3.61891e-06)
(1.67209e-126 1.14685e-06 -1.5917e-07)
(-1.23657e-126 1.21367e-06 4.29485e-07)
(1.45477e-127 -2.71134e-06 -6.33591e-06)
(2.12062e-152 1.63145e-07 1.02128e-06)
(-2.25243e-158 1.43179e-06 4.59219e-08)
(3.73811e-153 1.14172e-06 2.8094e-06)
(-6.44973e-156 -1.48861e-06 4.47763e-06)
(-4.91018e-161 -1.16434e-06 1.33797e-05)
(1.35117e-292 -4.69269e-07 3.39254e-06)
(5.09e-295 2.23003e-07 2.04196e-06)
(9.97699e-296 6.28735e-07 3.82627e-06)
(-1.65883e-296 6.16477e-07 3.32816e-06)
(1.33276e-292 -2.35914e-06 1.12539e-05)
(1.42869e-309 -1.41037e-06 3.83813e-06)
(9.83628e-312 7.39578e-09 4.0728e-06)
(2.18426e-319 1.28497e-06 2.00119e-06)
(-5.95214e-314 1.20395e-08 3.09583e-06)
(0 1.44557e-06 -1.58409e-05)
(0 1.38548e-06 2.63732e-06)
(0 -6.41481e-07 2.75827e-06)
(0 3.39226e-08 1.26493e-07)
(0 1.26458e-08 2.1692e-06)
(-2.81246e-20 1.88685e-06 3.28466e-07)
(1.16802e-26 7.45418e-07 1.05843e-08)
(-5.78994e-32 3.55312e-07 9.77524e-06)
(5.33176e-31 2.57661e-06 6.01185e-07)
(-5.00048e-31 -2.62785e-07 6.26976e-07)
(2.4868e-32 1.09511e-07 -6.47456e-07)
(-1.55068e-34 -3.53532e-07 1.08415e-06)
(1.43844e-36 -1.12562e-07 -1.38919e-06)
(2.21678e-64 3.51189e-07 6.60256e-07)
(2.62591e-66 -6.10345e-07 5.6893e-07)
(2.90952e-74 4.1851e-07 4.95888e-07)
(7.67279e-79 -9.50134e-07 4.25913e-07)
(-2.74234e-101 3.40723e-07 -1.72525e-05)
(-1.13142e-115 5.77645e-07 -2.39166e-07)
(4.23981e-122 -1.83047e-08 9.56809e-07)
(-1.52613e-117 4.50517e-07 -4.97499e-07)
(-8.78568e-130 -6.28128e-07 2.50058e-07)
(-1.41489e-133 2.27263e-07 1.1085e-05)
(-3.398e-147 2.47474e-07 6.29509e-07)
(4.09397e-147 2.33563e-08 -5.95498e-08)
(-9.16162e-148 -1.75184e-07 3.10174e-07)
(2.22137e-148 -2.92599e-06 1.41955e-06)
(-1.95324e-150 4.19886e-07 -1.10947e-06)
(-3.92876e-294 -1.75696e-06 9.0667e-07)
(-8.20736e-297 -1.19397e-06 9.50827e-07)
(-1.70186e-297 1.10275e-06 3.88829e-06)
(7.20737e-300 2.5149e-06 2.61617e-06)
(2.0906e-297 9.94518e-07 -1.01005e-05)
(-8.76787e-305 1.24576e-06 2.18121e-06)
(1.33688e-304 -1.23319e-07 4.01739e-06)
(-2.937e-306 -2.79242e-08 -1.10481e-07)
(4.03712e-307 3.76629e-07 6.96755e-07)
(0 -3.84836e-07 -6.82301e-06)
(0 9.7248e-07 7.70798e-07)
(0 2.13779e-07 3.11695e-07)
(0 3.78829e-07 -1.08859e-07)
(0 1.11802e-07 2.72194e-07)
(4.62007e-19 1.62906e-06 4.8167e-06)
(-2.56836e-26 7.15797e-07 5.33489e-07)
(1.93195e-44 -8.65196e-07 -7.49359e-06)
(-5.13096e-44 -4.40627e-07 -4.19468e-07)
(5.82023e-44 -6.6331e-07 3.17948e-07)
(-1.76987e-39 1.21436e-06 -2.90348e-07)
(6.79049e-45 4.52464e-07 1.14598e-06)
(-6.39838e-44 -2.16599e-06 1.83445e-05)
(5.96278e-64 -1.78552e-07 -3.13162e-07)
(-7.16789e-64 -1.84739e-07 2.49662e-07)
(1.21085e-64 2.91452e-06 -7.17641e-08)
(-4.74043e-66 9.54948e-07 4.64356e-07)
(3.40202e-101 -1.83968e-06 -8.10614e-07)
(-6.84375e-109 -1.07327e-06 8.05138e-07)
(1.40756e-109 -6.22083e-07 3.7089e-07)
(-1.29268e-110 1.04388e-06 -8.89782e-08)
(5.72534e-112 6.1876e-08 5.68819e-07)
(5.11673e-135 1.06102e-06 8.15564e-06)
(-6.42388e-143 2.62197e-07 3.5091e-07)
(2.03115e-145 -9.78776e-07 -1.40266e-07)
(-6.19367e-148 1.79411e-07 1.58448e-07)
(2.94395e-150 -3.57321e-07 -2.47625e-07)
(-9.60404e-153 1.21214e-07 6.06282e-06)
(3.63598e-296 -8.26606e-07 5.97027e-07)
(3.59287e-300 -1.89902e-06 1.33959e-07)
(6.00669e-300 1.98772e-06 6.12007e-07)
(-1.43673e-302 9.85552e-07 2.76983e-07)
(-2.0906e-297 -4.04462e-07 1.60368e-05)
(-8.35752e-304 1.30481e-07 4.28916e-07)
(6.6885e-304 -1.22034e-06 6.95442e-07)
(-7.70048e-305 1.11915e-07 1.5028e-07)
(3.10026e-306 3.2049e-07 6.41394e-07)
(0 1.02206e-06 1.2823e-05)
(0 -5.66584e-07 4.60245e-07)
(0 5.1447e-07 -3.24519e-07)
(0 8.83053e-07 2.51381e-07)
(0 9.67051e-08 1.47674e-07)
(1.80508e-19 7.15375e-06 -4.42984e-07)
(-4.36996e-19 1.00799e-05 -4.02575e-06)
(-6.71854e-38 -5.12812e-06 -1.71895e-05)
(-6.82455e-38 -4.54798e-06 -6.89295e-06)
(1.39168e-38 -4.53175e-07 -6.20977e-06)
(4.00163e-41 8.53409e-06 -1.63195e-06)
(-2.88064e-41 4.29319e-06 8.77344e-07)
(1.42087e-45 -2.04638e-06 4.37494e-07)
(2.92948e-59 -2.59251e-06 -5.46153e-06)
(-1.31538e-60 -3.13092e-06 -6.74807e-06)
(1.22022e-64 1.07134e-05 -1.48343e-06)
(-1.22022e-64 3.32186e-06 -2.30948e-07)
(-6.59686e-102 -6.79764e-06 1.89105e-05)
(-9.10107e-94 -6.39385e-06 -2.67322e-06)
(-3.17839e-108 -1.01706e-06 -6.66615e-06)
(7.97951e-111 6.50122e-06 -5.05963e-06)
(-7.97953e-111 7.01718e-06 1.72877e-07)
(-5.06191e-137 6.87773e-07 -1.15203e-06)
(2.66121e-144 1.02599e-07 -4.95691e-06)
(-8.41473e-147 -7.3859e-06 -2.45305e-06)
(1.48137e-148 4.61251e-06 -5.41837e-06)
(-1.87923e-149 3.0838e-06 -6.03347e-06)
(1.61478e-150 -9.4835e-07 -7.39327e-06)
(2.129e-189 -9.88176e-06 -4.25158e-06)
(-4.83962e-192 -5.54695e-06 -6.85618e-06)
(2.36395e-194 5.69639e-06 -7.15464e-06)
(-7.16528e-196 1.03107e-05 -5.0193e-06)
(-4.7252e-210 1.19423e-06 1.84096e-06)
(4.73255e-214 -2.95703e-06 -4.27579e-06)
(-6.82278e-220 -3.79544e-06 -5.74634e-06)
(1.35023e-222 8.4894e-06 -2.26533e-06)
(-1.5008e-227 2.52902e-06 -3.51247e-06)
(0 -9.65993e-07 8.24885e-06)
(0 -8.87494e-07 -5.19395e-06)
(0 3.87567e-06 -5.69958e-06)
(0 1.01844e-05 -7.90608e-07)
(0 2.73501e-08 -4.90147e-06)
(-8.38305e-20 2.5802e-06 1.23603e-06)
(-5.23347e-24 2.23666e-06 -6.05214e-07)
(-1.30798e-35 -1.634e-06 -1.30448e-06)
(1.74571e-36 -4.80175e-07 -2.40019e-06)
(-1.25412e-37 -6.91318e-07 -2.44746e-06)
(-5.30398e-39 1.61855e-06 3.67276e-07)
(-3.28304e-41 9.14883e-08 2.12937e-06)
(1.89858e-53 -9.67974e-07 -1.3202e-05)
(-1.50315e-60 1.92042e-06 -3.47077e-06)
(1.62748e-60 -1.52908e-06 -2.21788e-06)
(-1.42595e-61 1.28985e-06 2.26002e-08)
(1.81636e-72 -4.92008e-07 4.95844e-07)
(-6.09924e-77 -6.00295e-07 5.57783e-06)
(1.55174e-85 -2.06536e-06 -4.0604e-06)
(-5.56187e-88 -1.95723e-06 -3.64608e-06)
(1.82058e-116 2.47577e-06 -2.84711e-06)
(4.05954e-117 3.81332e-07 1.3952e-06)
(2.95641e-139 -3.99502e-07 -1.96769e-05)
(-5.21387e-148 1.82927e-06 -2.49161e-06)
(6.43951e-152 1.17512e-07 3.59398e-07)
(-1.80397e-152 8.29895e-08 -2.50885e-06)
(4.41026e-156 -1.66436e-06 -3.24869e-06)
(5.21947e-163 1.2864e-07 1.57299e-05)
(-8.29406e-188 -2.3083e-06 -1.13646e-06)
(3.13542e-190 -2.49637e-06 -3.67466e-06)
(-1.94678e-192 4.54977e-06 -3.89312e-06)
(1.94148e-194 2.12916e-06 -1.74718e-06)
(1.45379e-203 4.96139e-07 -1.53695e-05)
(-9.40572e-207 -1.16991e-06 -3.06446e-06)
(5.71175e-228 -1.15448e-06 -2.59692e-06)
(8.85438e-234 1.24908e-06 -4.83643e-07)
(-2.66178e-236 7.52638e-07 -2.41996e-06)
(0 3.15017e-07 -1.1059e-06)
(0 1.78976e-07 -2.84754e-06)
(0 1.53665e-06 -2.83028e-06)
(0 1.57685e-06 4.64986e-07)
(0 1.7295e-07 -3.6941e-06)
(1.15173e-19 -3.39168e-07 1.71564e-07)
(9.43705e-24 1.58258e-07 3.57986e-07)
(1.31474e-35 -3.68319e-07 1.82368e-05)
(-6.37436e-36 -1.32457e-07 3.96789e-06)
(7.2247e-37 -9.34304e-07 4.38961e-06)
(5.37239e-38 -4.01602e-07 1.40749e-06)
(1.11702e-40 -4.01164e-08 7.08073e-07)
(0 -1.0764e-06 -3.58178e-06)
(5.99441e-63 -4.08046e-08 2.25456e-06)
(-1.18777e-63 -2.65906e-07 5.69956e-06)
(1.20132e-68 4.03576e-07 4.68686e-06)
(3.18436e-72 -1.08458e-06 4.77172e-06)
(1.25737e-76 -1.19446e-06 -1.24569e-05)
(-1.54536e-93 -1.50176e-06 1.2501e-06)
(-5.55313e-116 -3.62269e-07 2.97331e-06)
(-1.29896e-117 1.69206e-07 1.98593e-06)
(-2.32293e-118 4.88707e-07 2.72368e-09)
(-1.27534e-125 -1.33934e-06 -3.99021e-06)
(1.43463e-147 2.54676e-07 2.16338e-06)
(3.78229e-149 2.14809e-07 9.28364e-07)
(7.76046e-151 -3.21838e-07 5.07623e-06)
(-4.293e-157 -1.66423e-06 2.95545e-06)
(7.96791e-161 -1.56628e-06 -9.0496e-06)
(1.22714e-184 -7.78261e-07 1.85834e-06)
(-1.66221e-188 6.12382e-07 4.50621e-06)
(1.40851e-190 -1.3102e-09 4.413e-06)
(-1.18087e-192 1.03892e-07 3.1198e-06)
(6.0332e-200 -1.31548e-06 1.52197e-05)
(-1.98402e-214 -1.36191e-06 3.53876e-06)
(2.82143e-222 -7.39897e-07 4.5205e-06)
(-5.48222e-225 1.45436e-06 1.78731e-06)
(4.25246e-228 1.34614e-06 3.23402e-06)
(0 1.92515e-06 -1.31949e-05)
(0 7.44255e-07 2.41573e-06)
(0 -3.61912e-07 4.65855e-06)
(0 2.49474e-07 1.21492e-07)
(0 1.85311e-07 4.64559e-06)
(-3.7273e-20 1.71999e-06 -4.48011e-07)
(-2.05515e-24 7.58103e-07 8.84298e-07)
(-1.73262e-30 -5.03672e-07 1.14608e-05)
(8.86618e-31 9.24861e-07 3.04563e-06)
(7.43543e-31 -7.16108e-07 3.47518e-06)
(1.0245e-31 3.78535e-07 4.53816e-07)
(-1.1254e-40 5.2115e-07 1.34633e-06)
(-4.03177e-51 -1.83737e-08 -1.62892e-05)
(6.94056e-61 2.39724e-06 1.41803e-06)
(8.53906e-67 3.38903e-07 5.44613e-06)
(4.12183e-67 -1.2173e-07 3.2846e-06)
(5.17454e-71 -5.43838e-07 3.40971e-06)
(-7.70154e-69 4.84769e-07 -1.2475e-05)
(-2.95957e-116 -1.55466e-06 8.63585e-07)
(3.28365e-117 -5.78338e-07 3.04419e-06)
(4.71303e-119 1.34422e-06 1.41368e-06)
(6.43286e-120 1.16937e-06 3.2074e-07)
(3.26824e-135 -8.2427e-08 4.28547e-06)
(-8.14588e-142 2.38874e-06 1.9693e-06)
(3.56181e-142 7.61391e-07 -2.9219e-07)
(-6.91355e-144 -3.00392e-07 4.51225e-06)
(1.23812e-154 2.68515e-07 1.72735e-06)
(-1.14839e-167 1.51404e-07 -7.75982e-06)
(-6.28936e-177 -3.14438e-07 1.48973e-06)
(1.0641e-179 -1.21457e-06 4.93378e-06)
(-5.05851e-183 4.20601e-07 4.80352e-06)
(4.3712e-185 1.02682e-06 8.2139e-07)
(-4.2806e-225 1.23881e-06 -1.73076e-05)
(1.61332e-216 1.30141e-06 1.09588e-06)
(2.24077e-226 -6.13404e-07 4.42185e-06)
(-6.2477e-231 -3.64804e-08 -2.57116e-07)
(-2.29844e-234 -8.04613e-07 1.16503e-06)
(3.41848e-238 -9.37938e-07 -1.07474e-05)
(0 -2.21518e-07 8.31665e-07)
(0 1.01536e-06 4.09222e-06)
(0 1.4292e-06 2.46165e-07)
(0 8.97677e-07 3.54399e-06)
(2.61659e-21 1.50585e-06 -5.59988e-07)
(3.85903e-25 7.94799e-07 1.13596e-06)
(1.48348e-35 -2.493e-07 -4.72853e-06)
(1.5708e-36 6.58487e-07 1.03888e-07)
(1.22624e-36 3.59696e-07 6.68874e-07)
(-8.54485e-43 6.76202e-07 6.15968e-08)
(3.26327e-41 1.02524e-07 -2.25041e-07)
(4.03177e-51 5.89538e-07 8.98363e-06)
(1.20043e-57 3.97243e-07 4.24611e-07)
(-1.23159e-61 1.13375e-07 9.34218e-07)
(2.0247e-61 3.07177e-07 4.16725e-07)
(-8.62009e-62 -8.24686e-07 2.34927e-07)
(6.88862e-63 -1.4472e-06 -8.17227e-07)
(1.14335e-118 -3.53945e-06 6.07178e-07)
(-6.08915e-119 -2.15279e-06 3.86585e-07)
(-7.91661e-121 1.66666e-06 3.7842e-07)
(-1.61699e-121 1.67185e-06 2.39656e-07)
(-3.26824e-135 2.46155e-06 -9.43417e-06)
(6.40258e-142 -9.68005e-07 4.55292e-07)
(-3.30309e-143 -2.50342e-06 -1.97588e-07)
(8.6345e-145 2.32937e-07 7.86491e-07)
(-9.72154e-147 1.02688e-06 -3.11314e-08)
(6.30188e-170 2.10594e-06 3.12798e-06)
(-1.3118e-185 -1.15496e-06 1.11775e-06)
(-1.9501e-189 -1.59781e-06 5.98378e-07)
(1.31641e-190 1.78126e-06 1.21624e-06)
(2.12359e-193 6.98753e-07 -2.61167e-08)
(2.32019e-233 -7.581e-07 2.05678e-05)
(-4.77874e-243 8.00737e-07 9.35021e-07)
(7.9279e-234 -4.06766e-07 8.48868e-07)
(-4.0147e-240 7.24347e-07 -8.86951e-08)
(1.11293e-241 -5.27939e-07 8.58906e-07)
(0 -5.2661e-07 9.86741e-06)
(0 -4.40662e-07 -8.86159e-09)
(0 1.86242e-07 5.34584e-07)
(0 1.25086e-06 4.39086e-07)
(0 3.39839e-07 3.51368e-07)
(5.02755e-18 7.61477e-06 -7.4587e-07)
(-3.63075e-18 1.07203e-05 1.43621e-06)
(1.39429e-35 2.09723e-07 -1.14811e-05)
(-3.59219e-37 -1.75911e-06 -9.57131e-07)
(-1.22564e-36 -2.28094e-06 -2.25569e-06)
(1.09978e-40 5.6576e-06 -1.37849e-06)
(9.62459e-42 3.69898e-06 4.95971e-07)
(-5.34851e-42 1.58832e-06 1.0092e-06)
(-1.20766e-78 -5.15622e-06 -5.83779e-06)
(1.21391e-75 -1.63321e-07 -5.54474e-06)
(-1.01152e-68 5.67034e-06 -1.6527e-06)
(-7.04185e-76 1.04453e-06 1.77356e-08)
(9.26691e-69 2.03304e-06 1.30507e-05)
(-4.52647e-112 -3.08821e-06 -5.72813e-06)
(-5.68813e-118 -5.23769e-06 -4.9323e-07)
(7.17434e-119 4.72053e-07 -9.00209e-07)
(-2.34342e-122 -1.26414e-06 -3.07246e-06)
(0 2.80577e-06 5.12088e-06)
(-2.59893e-185 -4.20712e-06 -3.67221e-06)
(1.57948e-184 -9.30104e-06 -2.81447e-06)
(-7.74215e-182 3.15095e-07 -6.37316e-06)
(4.88974e-180 6.3574e-06 -4.13124e-06)
(-3.07228e-172 2.19769e-06 1.82552e-05)
(3.84812e-214 -6.33484e-06 -4.37786e-06)
(1.06025e-232 -7.19512e-06 -3.33055e-06)
(-1.33997e-245 6.61352e-06 -1.3849e-06)
(-2.83468e-247 1.05583e-05 7.298e-07)
(0 2.99796e-06 2.38902e-06)
(0 -5.84318e-06 -5.20284e-06)
(0 -4.87697e-06 -5.7255e-06)
(0 6.71314e-06 -2.57936e-06)
(0 3.97663e-06 -2.92647e-06)
(0 -2.07386e-06 2.04379e-06)
(0 -8.33282e-07 -3.62218e-06)
(0 3.63217e-06 2.35949e-07)
(0 1.05944e-05 -6.73694e-08)
(0 3.98206e-08 -2.17909e-07)
(-6.95617e-19 2.67436e-06 1.62515e-06)
(-1.19905e-23 1.57654e-06 1.94635e-06)
(-2.09106e-31 4.83501e-07 -6.39684e-06)
(1.44589e-30 1.84175e-06 -1.63447e-06)
(-1.5445e-30 -2.6507e-07 -3.62417e-06)
(6.80985e-31 3.40766e-07 2.67165e-07)
(-3.73357e-31 8.67949e-08 6.33076e-08)
(7.02075e-45 -1.12378e-07 1.09681e-05)
(3.74512e-84 -1.58407e-06 -3.31068e-06)
(1.09817e-82 -8.54816e-07 -2.46642e-06)
(9.99965e-75 8.85944e-07 -7.48432e-07)
(-2.19075e-80 2.54755e-07 9.44491e-07)
(-4.57435e-113 2.5177e-07 1.07985e-05)
(4.92239e-112 -8.24602e-07 -3.32708e-06)
(4.82122e-114 6.19168e-07 -2.69989e-06)
(-2.72917e-114 -1.87781e-06 2.34011e-07)
(8.02665e-116 -1.28311e-06 -5.36787e-06)
(-8.76562e-119 4.37232e-07 -1.17522e-05)
(1.3972e-188 -2.4548e-07 -4.12838e-06)
(-4.49695e-186 -1.84126e-07 -8.53118e-07)
(3.62669e-184 6.41892e-07 -2.21791e-06)
(-2.35151e-182 -9.09279e-07 -2.65976e-06)
(5.08752e-175 3.62612e-07 2.83643e-06)
(-7.54008e-212 -1.3399e-06 -1.00488e-06)
(-8.4485e-227 -1.6178e-06 -4.79237e-06)
(-2.26055e-239 3.47383e-06 -2.76167e-07)
(6.46879e-244 1.52095e-06 2.95395e-06)
(1.12442e-245 3.43741e-07 9.40424e-06)
(0 -1.36026e-06 -3.09354e-06)
(0 -1.71085e-06 -2.93678e-06)
(0 1.37925e-06 -3.63019e-07)
(0 1.15091e-06 -2.69933e-06)
(0 8.04952e-07 1.01104e-05)
(0 4.41813e-07 -3.06405e-06)
(0 1.45833e-06 1.05599e-06)
(0 1.03782e-06 -4.72531e-07)
(0 1.55532e-07 1.91304e-06)
(6.56578e-19 -3.24415e-07 6.06169e-07)
(2.00419e-23 4.35382e-08 3.16961e-07)
(1.03647e-33 -3.34471e-07 1.75594e-05)
(3.44578e-35 1.36313e-06 -1.98406e-06)
(2.19931e-36 1.4515e-07 3.24014e-06)
(2.74184e-37 -2.18307e-07 4.67963e-07)
(6.21876e-39 -1.76232e-06 -7.57571e-08)
(-2.25836e-44 -2.32064e-07 3.10392e-06)
(-5.28969e-84 -1.26766e-06 4.6928e-06)
(-6.38898e-86 -7.31045e-07 4.05438e-06)
(-9.99962e-75 1.43551e-06 5.41283e-07)
(-1.18238e-86 1.58281e-06 3.97204e-07)
(8.27932e-99 8.79401e-07 -3.0642e-06)
(-1.72173e-105 1.26399e-06 4.08509e-06)
(-1.69089e-119 -1.35426e-07 -4.53213e-07)
(1.01465e-120 5.44304e-08 3.8227e-06)
(7.03214e-122 -2.44677e-07 1.18801e-06)
(3.43157e-123 -1.96196e-06 5.75399e-06)
(-9.11635e-195 2.86854e-07 3.90053e-06)
(-1.83469e-193 8.42405e-07 1.50157e-06)
(-7.52589e-190 1.27494e-06 4.62977e-06)
(1.74724e-188 -1.23331e-06 2.57317e-06)
(-2.04141e-195 -1.49795e-06 -7.31431e-06)
(9.70911e-210 -4.24896e-07 2.05529e-06)
(-2.22915e-218 8.92195e-07 3.71054e-06)
(2.16249e-222 1.00391e-06 4.84014e-06)
(6.62103e-234 -3.21364e-07 3.78904e-06)
(1.70644e-238 -4.56665e-07 8.0113e-06)
(0 -1.18211e-06 4.49883e-06)
(0 -3.60801e-07 4.01894e-06)
(0 1.35302e-06 1.92212e-06)
(0 1.04731e-06 3.02685e-06)
(0 8.22512e-07 -3.50173e-06)
(0 1.09901e-06 1.98155e-06)
(0 -5.06338e-07 5.34836e-06)
(0 2.19838e-07 -4.71781e-06)
(0 9.84721e-09 5.65583e-06)
(3.93913e-24 1.45387e-06 -4.38729e-07)
(-3.56482e-24 6.55683e-07 1.03936e-06)
(-4.18625e-30 7.26506e-07 2.38334e-06)
(4.17859e-30 9.36512e-07 -1.06132e-07)
(-1.46107e-36 5.39975e-07 4.54193e-06)
(-3.3059e-38 1.19253e-07 6.79874e-08)
(-5.87715e-40 -2.76886e-07 -5.65384e-07)
(8.27391e-45 1.35652e-07 -1.01527e-05)
(2.39749e-84 -2.98959e-07 3.44425e-06)
(1.44271e-87 -5.28824e-07 3.83299e-06)
(-5.57784e-93 2.32604e-07 2.80872e-08)
(4.06017e-83 3.66375e-07 1.88017e-07)
(-3.17702e-96 -5.50528e-07 3.28406e-07)
(9.98244e-105 2.46359e-07 5.26878e-06)
(5.74371e-120 -1.99518e-07 3.43093e-06)
(-9.00719e-122 -2.77373e-07 1.80359e-06)
(-6.62318e-123 -2.84212e-06 2.50423e-06)
(6.09762e-130 5.21493e-08 2.06804e-05)
(3.982e-197 -5.18101e-07 4.32192e-06)
(1.46857e-196 3.23424e-07 1.67547e-07)
(1.38726e-191 1.95094e-06 3.89614e-06)
(-2.03784e-190 7.31765e-07 1.33305e-06)
(1.14062e-197 -2.45581e-07 -1.23843e-06)
(-2.91582e-203 -1.50319e-07 1.5144e-06)
(2.22296e-226 5.0455e-07 4.83259e-06)
(2.4911e-239 4.35858e-07 3.59323e-06)
(-3.65849e-244 -3.3483e-08 1.76969e-07)
(-1.07776e-245 3.95896e-08 -5.71614e-06)
(0 -4.11308e-07 2.57471e-06)
(0 -7.50839e-07 4.05107e-06)
(0 1.7937e-07 -3.44784e-07)
(0 6.47351e-07 9.7733e-07)
(0 -2.27478e-07 -6.83097e-06)
(0 1.12158e-06 1.1729e-06)
(0 4.93422e-07 2.61522e-06)
(0 2.62187e-08 -3.05722e-06)
(0 3.57665e-08 1.7035e-06)
(-8.40721e-25 -3.05103e-07 -3.35658e-06)
(6.51763e-25 3.56078e-07 -1.88946e-06)
(6.65229e-33 6.31967e-07 -1.05468e-05)
(2.42381e-36 -2.34227e-07 5.59845e-07)
(4.05901e-37 1.15907e-06 6.1075e-07)
(1.43218e-40 -1.64002e-07 -3.56329e-08)
(4.6674e-41 -1.74852e-07 -3.65444e-07)
(-1.35783e-45 -5.09216e-08 -3.31221e-07)
(1.92502e-85 -6.96619e-07 1.07046e-06)
(-1.87767e-89 2.48403e-07 7.244e-07)
(-1.12955e-88 5.01898e-07 1.53431e-07)
(-2.82982e-80 7.12645e-08 7.05829e-07)
(-1.7006e-90 1.22933e-07 1.26076e-05)
(1.68664e-111 -1.04805e-06 1.43124e-06)
(-6.12909e-119 -1.00964e-06 8.31057e-07)
(3.36741e-120 8.24347e-07 2.35057e-07)
(-1.47722e-121 6.59866e-07 6.63475e-07)
(-9.56251e-177 -6.27863e-07 -2.50366e-06)
(-1.27008e-199 -9.69169e-07 1.84012e-06)
(2.05054e-202 -2.45858e-06 -2.94929e-07)
(-4.5667e-195 7.90864e-08 8.50485e-07)
(8.90697e-193 3.82991e-07 -1.02141e-07)
(-7.82965e-193 1.72973e-06 1.64852e-05)
(-1.06548e-210 -7.24923e-07 1.39901e-06)
(1.32914e-237 3.43832e-08 6.42222e-07)
(5.37356e-244 1.07448e-06 2.40423e-07)
(1.01668e-246 5.63452e-07 -4.71e-07)
(3.23121e-248 6.3381e-07 -4.67319e-06)
(0 -1.02076e-06 1.03072e-06)
(0 -2.26533e-06 5.93002e-07)
(0 -4.10911e-07 2.50957e-07)
(0 3.23819e-07 7.09334e-07)
(0 8.13507e-07 1.15725e-05)
(0 -3.35215e-08 5.03643e-07)
(0 6.47423e-07 1.01799e-07)
(0 8.79092e-07 3.68331e-07)
(0 6.23225e-07 -1.09263e-07)
(3.24212e-23 -1.47757e-06 -7.0313e-07)
(1.23133e-25 8.71208e-07 -1.18015e-06)
(-6.18763e-26 2.229e-07 4.43319e-07)
(9.71118e-29 1.48688e-07 2.54061e-06)
(-1.21159e-28 -2.32849e-06 6.56692e-07)
(2.40452e-29 -2.32246e-06 -1.51299e-06)
(-1.89314e-42 1.78843e-07 -7.75996e-08)
(1.48703e-46 1.26281e-06 1.3702e-05)
(3.61872e-62 -6.47953e-06 -1.65663e-06)
(5.14561e-63 -2.68106e-06 -4.35243e-06)
(-5.92673e-69 5.29883e-06 -1.45485e-06)
(4.07328e-72 1.9473e-06 3.24247e-07)
(2.56412e-93 1.39434e-06 9.07387e-06)
(-1.47478e-106 -1.23798e-05 -9.68002e-07)
(-9.56228e-110 -3.83525e-06 2.67648e-06)
(-4.70736e-111 5.9686e-06 -1.12334e-06)
(-4.75589e-116 3.89828e-06 -8.26682e-08)
(-7.34238e-174 2.40933e-06 -1.61278e-05)
(-8.34875e-178 -3.55689e-06 7.64458e-07)
(2.68151e-181 -8.21875e-06 -6.98914e-07)
(-6.14133e-184 7.80237e-06 -3.13595e-07)
(2.12557e-185 5.65795e-06 2.51153e-07)
(-2.10842e-187 -2.71244e-06 1.41474e-05)
(1.58234e-281 -6.5764e-06 -4.44722e-07)
(2.51045e-274 -3.99555e-06 -6.74678e-07)
(1.58445e-258 3.61058e-06 -4.06791e-07)
(-2.28305e-250 8.63797e-06 7.15958e-08)
(-1.47375e-250 5.21755e-06 6.77997e-06)
(2.37909e-298 -5.3692e-06 4.48928e-08)
(1.06057e-293 -5.94258e-06 -5.4141e-07)
(-1.63715e-295 6.42788e-06 -5.39732e-07)
(-2.69072e-302 1.87299e-06 3.94904e-07)
(0 -1.69218e-06 9.53975e-06)
(0 -2.42824e-06 4.36527e-07)
(0 2.89198e-06 8.59704e-08)
(0 6.89424e-06 3.90589e-06)
(0 6.71612e-06 1.52363e-06)
(1.8696e-26 -3.52865e-07 -9.19985e-07)
(-4.37066e-31 -2.08293e-08 -3.34665e-06)
(9.3275e-32 -5.229e-07 1.07976e-05)
(2.16274e-33 -8.16639e-07 -1.11496e-06)
(3.96591e-34 -1.35148e-06 2.98313e-06)
(1.10221e-35 -8.75116e-07 -3.40005e-06)
(4.95008e-49 3.06199e-07 2.90169e-07)
(-9.39523e-48 1.40854e-06 6.05266e-06)
(4.18387e-54 -5.1842e-07 -1.31837e-06)
(-7.22676e-56 -1.92211e-06 -1.71858e-06)
(8.24878e-58 1.35749e-06 1.08559e-07)
(-4.09504e-60 2.61454e-07 -3.94087e-08)
(-2.62982e-93 1.79526e-06 -6.96113e-06)
(-6.08478e-99 -1.49995e-06 -2.86025e-06)
(7.77708e-105 -7.95446e-08 1.54591e-06)
(1.84599e-105 8.33881e-07 -1.99506e-06)
(8.59782e-124 3.17167e-07 2.10984e-06)
(9.47802e-174 -2.24332e-07 -4.44134e-06)
(2.1215e-177 -6.36276e-07 5.99157e-07)
(-7.82917e-179 -7.92143e-07 1.81764e-06)
(7.828e-182 -5.8524e-07 -2.33381e-06)
(-6.62186e-183 -2.74391e-06 6.42193e-07)
(6.36578e-185 -8.21011e-07 -1.79333e-05)
(-1.18527e-280 -2.26465e-06 2.86694e-06)
(-9.52053e-273 -2.11501e-06 2.09987e-07)
(-1.3815e-268 1.39261e-06 6.39635e-07)
(-1.94459e-276 2.64555e-06 -2.15424e-06)
(2.76898e-253 2.71784e-06 6.87564e-06)
(6.24949e-279 7.02002e-07 1.20546e-06)
(-4.0462e-283 -2.43709e-07 -2.48735e-06)
(5.42288e-286 -9.36515e-08 1.37662e-06)
(3.39173e-310 -3.23373e-08 1.4139e-06)
(0 -1.1148e-08 5.8317e-06)
(0 3.37554e-07 3.53464e-06)
(0 8.85938e-07 1.2882e-06)
(0 8.05808e-07 1.86211e-06)
(0 5.2966e-08 -3.00037e-07)
(2.01612e-23 -2.84336e-07 -1.07851e-07)
(1.16958e-25 3.21176e-07 -4.66408e-06)
(-9.3275e-32 2.7078e-06 -9.95803e-06)
(-8.09977e-34 -8.4561e-07 -2.95934e-06)
(-9.19937e-35 -6.48127e-07 2.46197e-06)
(-1.59755e-36 -9.58737e-08 -1.84084e-06)
(1.05242e-42 6.38761e-07 -1.81065e-08)
(2.42617e-49 2.11164e-06 -2.64498e-05)
(-4.38827e-57 1.51731e-06 3.57071e-07)
(-1.76274e-63 2.47573e-08 4.53105e-06)
(-1.16231e-65 -3.47252e-08 4.94554e-07)
(2.64208e-68 -1.40552e-07 3.5561e-07)
(5.74671e-87 -4.01654e-07 -1.2794e-06)
(6.73692e-97 1.06965e-06 1.47309e-06)
(-2.77218e-99 -2.75666e-07 -1.84614e-07)
(-1.35455e-102 -1.01607e-08 -8.47498e-07)
(-4.57705e-125 2.12218e-08 7.44062e-07)
(-1.25684e-173 -5.64942e-07 1.76385e-05)
(4.36787e-172 6.58245e-07 -3.66354e-06)
(-4.3678e-172 -1.96274e-07 1.27567e-06)
(-2.27315e-187 1.60135e-07 1.53319e-07)
(-6.51048e-190 -3.9607e-07 2.49586e-06)
(-1.55342e-190 7.09883e-07 -2.72246e-06)
(1.10378e-279 -2.56138e-07 1.23177e-06)
(1.53932e-271 -1.28991e-06 -5.08916e-07)
(1.2883e-278 -9.05096e-07 3.33842e-07)
(1.11071e-274 3.69356e-07 -4.89982e-06)
(2.55837e-295 3.15108e-06 -1.137e-05)
(-9.09544e-287 2.12069e-07 4.43949e-06)
(-1.61289e-291 -1.63573e-06 -3.54292e-07)
(2.26291e-294 2.65074e-07 1.22927e-06)
(-2.25682e-311 1.09569e-07 -3.36776e-06)
(0 1.42627e-06 -1.15839e-05)
(0 1.17013e-06 1.03203e-06)
(0 -2.9677e-07 -3.74983e-06)
(0 -1.28578e-08 4.80008e-08)
(0 -3.5783e-10 -4.11945e-06)
(-1.92652e-24 -7.54549e-07 3.92661e-06)
(-4.39902e-32 1.49433e-08 5.85079e-07)
(7.90532e-35 -1.92837e-06 1.25219e-05)
(9.61912e-35 -1.7967e-07 -5.73932e-07)
(6.98613e-36 3.75365e-07 2.18816e-07)
(9.67651e-38 1.36392e-06 3.90597e-07)
(-8.85883e-44 -1.42064e-06 7.16449e-07)
(5.5694e-46 -2.49084e-06 1.78855e-05)
(2.71872e-62 2.5078e-07 -9.87332e-07)
(2.12985e-65 1.16437e-06 3.5749e-06)
(1.16256e-68 1.89389e-06 2.83514e-07)
(-8.08221e-71 3.17721e-07 5.8625e-07)
(-6.20268e-79 4.24085e-07 -5.82293e-06)
(-1.17287e-104 -6.9759e-07 3.39681e-06)
(9.04948e-109 -1.66295e-06 -2.71044e-07)
(-5.87098e-109 -7.9358e-07 4.96767e-07)
(3.14237e-125 4.87486e-07 1.99532e-08)
(2.34962e-173 8.44186e-07 -1.17721e-06)
(-9.39033e-177 1.7164e-06 -1.61063e-06)
(7.22692e-179 1.73972e-08 1.99856e-08)
(-5.04988e-186 -3.67279e-07 3.30384e-06)
(1.33644e-187 -1.20788e-06 8.52368e-07)
(1.05049e-193 -1.41811e-06 1.07739e-05)
(-5.84686e-278 -5.09937e-07 1.23898e-06)
(-1.80168e-270 5.33314e-07 5.235e-07)
(-1.85196e-277 3.19326e-07 -8.19377e-07)
(-2.59782e-273 1.19374e-06 2.12142e-07)
(2.93636e-299 2.0938e-07 1.45492e-05)
(1.98e-289 1.39789e-07 2.00385e-06)
(2.01663e-294 -6.12463e-07 2.24605e-06)
(-4.64395e-297 -1.3528e-06 -6.00818e-07)
(6.08386e-303 -5.65303e-08 -1.73416e-06)
(0 -2.36558e-07 -1.6321e-06)
(0 7.53319e-07 4.04532e-08)
(0 1.82421e-07 -3.43668e-06)
(0 4.2411e-08 -1.29479e-08)
(0 6.44243e-10 -4.6724e-06)
(-5.99354e-25 2.14273e-07 2.23114e-06)
(1.37147e-28 4.44136e-07 1.39508e-06)
(-7.90438e-35 -1.05781e-06 -9.24545e-06)
(-2.32141e-36 -1.56558e-07 8.04788e-08)
(5.88031e-44 1.0249e-06 -3.72272e-07)
(-7.90977e-45 -1.71772e-07 3.78757e-07)
(3.55228e-46 -2.11995e-06 -5.12253e-07)
(-3.62667e-48 -8.75122e-07 -1.90583e-05)
(-2.82061e-64 -3.57058e-07 4.25738e-07)
(-1.32689e-67 5.47642e-07 3.02314e-07)
(3.0348e-75 2.50768e-06 2.76342e-07)
(1.78708e-73 9.75799e-07 -3.65729e-07)
(2.79472e-82 -5.9184e-07 -9.98123e-06)
(-8.62953e-107 -1.24045e-07 6.37171e-07)
(1.16807e-113 3.82653e-07 5.61633e-08)
(-1.60329e-115 2.417e-07 5.88078e-07)
(0 -6.784e-08 -3.66883e-07)
(-1.30539e-173 -7.06518e-07 -1.01669e-05)
(6.23271e-178 4.65017e-07 5.63325e-07)
(-5.95694e-181 1.53261e-06 -2.8564e-07)
(5.18775e-184 -3.50246e-07 1.03837e-06)
(-2.69735e-185 -2.85688e-07 -2.56322e-07)
(4.82052e-188 -1.12318e-09 -1.00168e-05)
(-3.21548e-264 -1.05681e-08 -5.97133e-07)
(3.61788e-264 -1.5848e-06 5.51115e-07)
(-4.08162e-265 -1.01143e-06 1.91324e-07)
(5.75858e-267 1.44712e-08 1.08847e-06)
(-3.29138e-300 2.33873e-06 6.73092e-06)
(-1.49972e-292 1.50152e-07 5.33494e-08)
(-7.29022e-297 -7.56189e-07 1.05996e-06)
(2.80733e-300 -1.95672e-06 -2.70015e-07)
(-1.82894e-306 -2.09745e-07 1.68943e-06)
(0 2.74715e-06 1.94437e-05)
(0 -1.45314e-07 -2.78242e-08)
(0 -1.93807e-07 2.14757e-07)
(0 6.30794e-15 -1.89196e-15)
(0 3.4451e-10 -9.87889e-10)
(-4.13805e-24 3.87291e-06 -5.32971e-07)
(-4.46232e-23 5.30276e-06 1.89739e-06)
(0 2.96225e-06 2.71336e-06)
(-1.14612e-38 -1.71168e-06 1.16451e-06)
(2.7095e-41 4.01638e-06 2.22271e-06)
(-1.8207e-42 5.28124e-06 -8.99349e-07)
(-8.72503e-45 -5.19444e-07 9.38997e-07)
(5.09492e-46 -1.78596e-06 9.81661e-06)
(-2.56949e-70 4.84125e-06 6.1551e-06)
(-1.58973e-72 -1.90759e-07 8.85119e-07)
(1.90602e-77 -2.44848e-06 -1.74179e-08)
(-1.94556e-76 -3.06969e-06 -1.77221e-06)
(3.61315e-90 1.54199e-06 2.3715e-07)
(-3.56792e-152 -1.68277e-06 6.85268e-07)
(3.92149e-151 3.5569e-06 1.06223e-06)
(-3.6222e-151 4.92901e-08 -5.6986e-07)
(3.00079e-147 -1.58911e-07 7.88761e-07)
(-2.83925e-151 -2.99828e-07 -5.85187e-07)
(1.91692e-176 2.69868e-06 3.82551e-06)
(6.68456e-178 1.37548e-06 1.16805e-06)
(1.21789e-176 8.65759e-07 1.90638e-06)
(-1.20104e-184 1.66864e-09 2.62301e-09)
(4.07259e-220 -1.5718e-06 3.55293e-06)
(1.43434e-246 -1.2526e-06 4.96866e-07)
(-4.3636e-238 3.19133e-06 1.36478e-06)
(-7.30129e-239 -1.08857e-06 7.39237e-07)
(2.5587e-239 -1.23532e-06 1.15032e-06)
(0 1.83427e-07 -2.19224e-05)
(0 -9.56696e-07 7.87727e-07)
(0 4.89549e-06 3.01079e-06)
(0 7.63293e-07 7.74724e-07)
(0 -3.06928e-06 3.48736e-06)
(0 6.72751e-07 -1.98158e-05)
(0 -7.99481e-07 1.31523e-06)
(0 5.05532e-06 4.74175e-06)
(0 2.06208e-06 2.32487e-07)
(0 7.96987e-10 6.606e-06)
(-2.1678e-32 -1.04495e-07 -9.23073e-08)
(-1.99305e-28 -1.81358e-07 1.51604e-06)
(0 -2.51108e-07 1.92048e-05)
(2.86928e-37 3.37809e-07 2.14659e-06)
(-8.32522e-40 2.00782e-06 1.97278e-06)
(1.19878e-40 -2.31172e-07 3.73867e-06)
(1.46417e-52 1.0158e-07 1.87056e-06)
(0 -8.74624e-07 1.58454e-05)
(2.30932e-64 7.14939e-08 5.11728e-07)
(-2.39658e-64 1.73877e-07 1.35316e-06)
(8.72607e-66 -7.53956e-07 3.20885e-07)
(-3.36656e-88 -5.84432e-07 3.15561e-07)
(1.34088e-95 1.16583e-07 5.42405e-06)
(2.49328e-158 4.51197e-07 6.92168e-06)
(2.07488e-157 6.41585e-07 9.20998e-07)
(9.46457e-157 -3.8559e-07 4.44892e-06)
(-3.0005e-147 3.78772e-09 2.06544e-08)
(1.09157e-155 -1.00763e-06 2.02572e-05)
(3.61965e-171 -5.49091e-08 2.91311e-06)
(-1.24118e-171 -1.21576e-06 9.14097e-07)
(-2.54557e-171 -1.5754e-07 5.50739e-06)
(1.67063e-172 4.34088e-07 2.82288e-07)
(-3.01169e-220 1.59279e-06 1.83832e-05)
(-7.88765e-247 -1.05458e-08 3.26015e-09)
(3.89901e-237 2.91417e-07 5.20629e-06)
(2.492e-237 -2.93666e-07 4.28112e-07)
(-5.07274e-238 -1.61398e-06 7.42772e-06)
(0 6.84153e-07 1.03802e-05)
(0 4.67028e-07 2.05254e-06)
(0 4.16947e-07 3.72094e-06)
(0 -2.04683e-08 3.62518e-07)
(0 -1.46197e-06 5.92876e-06)
(0 8.58785e-07 1.02936e-05)
(0 5.49528e-07 1.78197e-06)
(0 9.3833e-08 2.3233e-06)
(0 9.85684e-08 2.96427e-07)
(0 4.99439e-09 2.53923e-06)
(-2.71413e-23 1.58028e-07 6.18899e-06)
(1.41122e-26 7.51982e-07 2.524e-06)
(1.61967e-31 2.34075e-06 2.90727e-05)
(-1.81812e-31 2.99778e-07 1.71386e-07)
(2.12568e-32 -1.36149e-06 5.83628e-07)
(-1.44757e-33 -1.99391e-06 2.36519e-06)
(3.59432e-35 4.01183e-08 1.75223e-06)
(-2.14093e-69 2.91191e-06 2.50144e-05)
(2.19869e-69 9.78206e-08 4.22633e-08)
(3.02815e-70 3.00249e-08 7.57192e-06)
(1.00881e-78 -9.94777e-08 3.94714e-07)
(-2.96121e-80 -1.52863e-06 1.01609e-06)
(1.47086e-82 -1.78992e-06 2.32153e-05)
(-5.90872e-159 -1.61711e-06 1.96808e-06)
(-1.0863e-158 -1.6651e-06 4.59392e-07)
(-3.74914e-157 1.85571e-06 2.39166e-06)
(6.34436e-164 1.57514e-06 1.50842e-06)
(1.79895e-183 1.74322e-06 2.81475e-05)
(-4.7941e-177 1.13968e-06 4.42568e-07)
(-1.45299e-177 -1.62376e-08 1.2841e-07)
(7.23647e-177 -2.1865e-07 4.15297e-07)
(-5.2402e-179 -2.31755e-07 1.3722e-06)
(-1.0609e-220 4.23542e-08 1.50442e-05)
(-4.35468e-228 3.27668e-07 1.49711e-07)
(4.1605e-229 -3.62147e-07 1.15333e-06)
(-1.1707e-229 -2.5123e-06 -2.48367e-07)
(1.07007e-230 -7.95217e-07 2.12461e-06)
(0 3.1786e-06 2.42988e-05)
(0 -6.68423e-08 6.30015e-07)
(0 -1.33971e-07 3.14924e-07)
(0 -1.97402e-06 -3.1326e-07)
(0 -1.8328e-06 1.5603e-06)
(0 3.18131e-06 2.44657e-05)
(0 -8.1881e-08 3.23642e-07)
(0 1.02283e-08 6.63519e-08)
(0 -6.85659e-09 2.65719e-08)
(0 2.55696e-10 5.77223e-08)
)


// ************************************************************************* //
